-0.19462 2.81485778697572 2.45124077023744
-0.19199 14.6713426645386 5.59572159420212
-0.17884 4.67392724883358 3.15703343069101
-0.17621 9.59481995273992 4.52293150251875
-0.17358 14.0361647678633 5.47002369533744
-0.16043 2.89690624661003 2.48398529819564
-0.1578 25.8124809797051 7.41412700597166
-0.15517 28.6365606046489 7.80852337028569
-0.14991 16.712848874832 5.96431250252963
-0.12887 16.8383920852667 5.98262596674124
-0.11835 16.544264795838 5.92813830873719
-0.11572 30.802163625289 8.08813608433561
-0.11309 35.2259405236689 8.6487307521983
-0.11046 9.29553611744073 4.44243962093956
-0.10783 1.99642207293668 2.05860831164252
-0.09468 40.3859652774396 9.25557038161618
-0.09205 60.8422193933454 11.3596761513531
-0.08942 64.0699367256406 11.6564429897517
-0.08679 68.1002075750531 12.0167930335821
-0.08416 36.1750661017226 8.75778934122718
-0.08153 24.0433417371585 7.13941626024295
-0.0789 8.11968957054573 4.14868499946374
-0.07627 4.88608485725716 3.21807904049834
-0.07364 0.289945627234956 0.783880641085007
-0.07101 68.207165559957 12.0221490771444
-0.06838 6.63428536076106 3.74920881577431
-0.06575 4.14534025017379 2.96345333013027
-0.06312 5.34835869118407 3.3659193484723
-0.06049 25.9947688136916 7.42013593763827
-0.05786 134.023439986113 16.8474702819086
-0.05523 68.3679223399112 12.032224969818
-0.0526 31.7237717505303 8.19572903892154
-0.04997 10.064112713549 4.61592089633493
-0.04734 41.8718513694956 9.41471372642038
-0.04471 24.4283412748462 7.19065494755302
-0.04208 34.486519127746 8.5432194127945
-0.03945 136.26293522106 16.9809180732005
-0.03682 167.200219261381 18.8090184486783
-0.03419 170.448561470519 18.9897738525614
-0.03156 93.1388499813499 14.0366660311695
-0.02893 166.205245588632 18.7497853654984
-0.0263 220.435620419171 21.5918685479745
-0.02367 239.317209617678 22.4963316640978
-0.02104 270.165339392328 23.9009384802661
-0.01841 286.002287066656 24.5900995235518
-0.01578 288.967037600208 24.7158231103998
-0.01315 332.595506944219 26.5145648345279
-0.01052 406.500515223761 29.3111090601819
-0.00789 440.34130598583 30.5050539870946
-0.00526 423.981267543774 29.9313151844856
-0.00263 489.813965505868 32.1694344255787
-0 502.49125895778 32.5813310317083
0.00263 422.390050135025 29.8705133447275
0.00526 390.537151828323 28.7209170243501
0.00789 349.426420806214 27.166035980323
0.01052 360.64652309463 27.5975514466686
0.01315 343.196646898902 26.9204594893609
0.01578 412.867462283881 29.5255197294816
0.01841 343.650088109906 26.9359143390969
0.02104 273.802093338319 24.0421411861952
0.02367 251.794809914682 23.0546968058909
0.0263 156.839974441592 18.1947325015667
0.02893 154.108040436526 18.0347948490363
0.03156 123.742492732819 16.1599216110022
0.03419 86.3208481212736 13.4964307127387
0.03682 45.5204534233784 9.80044123103732
0.03945 9.40750460255539 4.45513446161546
0.04208 16.5920944785207 5.91637179661627
0.04471 16.3897734520929 5.87993576249475
0.04734 0.697853587154838 1.21324781069074
0.04997 0.734057572668152 1.24426725244866
0.05523 7.86442381943017 4.0723449813359
0.05786 18.293444729461 6.21069352174543
0.06049 10.5409030698604 4.71424888113131
0.06312 78.1184891712089 12.8331052827375
0.06838 30.4115473496533 8.0063870107972
0.07101 29.5205483044516 7.88788859056709
0.07364 18.399597752147 6.22707302503448
0.07627 160.549911366651 18.3935714689797
0.0789 153.181738708442 17.9657668547856
0.08153 61.0194834931471 11.3385562025829
0.08416 26.9533192372788 7.53547877439766
0.08679 117.064348887942 15.7035657932688
0.08942 111.085304926464 15.2966202015011
0.09205 91.6333002801674 13.8923292363796
0.09468 69.8047566076092 12.1247316340908
0.09731 156.452499318074 18.1510645223675
0.09994 112.172032260777 15.3686209897232
0.10257 97.2111684586321 14.3065880276593
0.1052 101.499842284965 14.6182725855499
0.10783 168.783015394345 18.850076816123
0.11046 134.269716790492 16.8121466821801
0.11309 98.9682543127733 14.4333608110121
0.11572 82.2108941795718 13.1543556002638
0.11835 113.447720888442 15.4521230257264
0.12098 219.407592006532 21.4882709518709
0.12361 192.448668615869 20.1241931482754
0.12624 271.186356476306 23.8880288069024
0.12887 213.196203239501 21.1797828283104
0.1315 206.157873778843 20.8265390683061
0.13413 144.965822782541 17.4636623570546
0.13676 203.969484677868 20.7143105842087
0.13939 221.505973999872 21.5856919888444
0.14202 264.174106092744 23.5723969487329
0.14465 319.23977960827 25.9120928581772
0.14728 349.16272475806 27.0983778294269
0.14991 355.345158652633 27.336312083199
0.15254 412.487736021571 29.4513771693363
0.15517 470.881929490461 31.4659945444514
0.1578 471.091832195242 31.4719462470366
0.16043 553.838272493981 34.1230354457939
0.16306 744.045900975512 39.5495366904183
0.16569 952.194143851734 44.7393478090018
0.16832 1183.33730579522 49.8731193876473
0.17095 1455.56582922553 55.3112582412718
0.17358 1692.93212691471 59.6489416549555
0.17621 1975.15405979343 64.4271340433202
0.17884 2204.33265952649 68.0600474117275
0.18147 2270.73293224815 69.0751859598107
0.1841 2292.60573394322 69.4047307050798
0.18673 2406.47372528506 71.1050261222072
0.18936 2525.87370369994 72.8451940977793
0.19199 2572.52646007687 73.5123597977045
0.19462 2642.15792353981 74.4980960892325
0.19725 2656.23875281216 74.6938232966102
0.19988 2617.0502634021 74.1384425500565
0.20251 2447.15825378267 71.6897363365707
0.20514 2348.55551180864 70.2287435635645
0.20777 2114.9954802387 66.643490161171
0.2104 1838.83013800084 62.1387260342741
0.21303 1680.46364869436 59.4011189910639
0.21566 1333.5269817926 52.9138661780991
0.21829 1106.18018344017 48.1914566113806
0.22092 948.670558831495 44.6275815564547
0.22355 780.390723869456 40.4753128463607
0.22618 590.135952483503 35.1964389469602
0.22881 515.942994375013 32.908801890206
0.23144 467.907257661254 31.3386023922948
0.23407 405.306322833657 29.1662063864266
0.2367 356.645154835504 27.3586674434331
0.23933 249.244975575097 22.8706497417939
0.24196 255.54316872956 23.1571950873171
0.24459 173.367011595644 19.0732880334911
0.24722 147.014599366709 17.5635008755229
0.24985 139.155911107787 17.0871724265205
0.25248 110.402703952345 15.2194074778443
0.25511 84.7938292010658 13.3376258558759
0.25774 110.994936375109 15.2593665685488
0.26037 74.5964046964068 12.5092820989857
0.263 148.767816459944 17.6651141278637
0.26563 125.003703006255 16.1924254709389
0.26826 91.8256012892413 13.8778079065541
0.27089 27.8779475302001 7.64641548507904
0.27352 83.7697465106881 13.2543858022597
0.27615 62.5454857076788 11.4525581007336
0.27878 21.6172993869707 6.7327695393838
0.28141 47.0428492973428 9.93180879779536
0.28404 66.7234625106882 11.8279461535141
0.28667 89.5807611396324 13.7045864473734
0.2893 65.6197667154446 11.7290924795652
0.29193 94.0141974290013 14.0388747446384
0.29456 126.99596569968 16.3162010422697
0.29719 136.566047415512 16.9193612202706
0.29982 198.703230611117 20.4081464928701
0.30245 149.833834246576 17.7213162597565
0.30508 124.747348650209 16.1695694242068
0.30771 181.463844798878 19.5015715589892
0.31034 231.447557866654 22.0238185964558
0.31297 225.334478873839 21.7306094848407
0.3156 215.015356590259 21.2268027683469
0.31823 240.334213493151 22.4413721452765
0.32086 297.88704605049 24.9838393282607
0.32349 321.051123585724 25.9365512498847
0.32612 312.877652843066 25.6037845861125
0.32875 318.451385984705 25.8303460716446
0.33138 275.44029854109 24.0222760866417
0.33401 301.708916824831 25.1412141273218
0.33664 370.993901056364 27.8783662411687
0.33927 290.412627972941 24.6651318982119
0.3419 327.294574385667 26.1840520855158
0.34453 408.075981687748 29.2367927584096
0.34716 381.104142206605 28.2535358059632
0.34979 329.924386122502 26.2875394918424
0.35242 321.091385245087 25.9327644018664
0.35505 304.209214173502 25.2413412070387
0.35768 275.696767644379 24.0288972385536
0.36031 291.723898786109 24.7170004064343
0.36294 271.415562132508 23.8406937858488
0.36557 244.218681563766 22.6142773794745
0.3682 228.95958163387 21.8959827017176
0.37083 296.024007438911 24.8966120863815
0.37346 200.903472737552 20.5098395744354
0.37609 240.820686496473 22.4546966213011
0.37872 234.644816436408 22.164479351656
0.38135 200.649407869576 20.4956996276096
0.38398 151.812383262568 17.8274472448353
0.38661 168.204991928734 18.7649216390055
0.38924 170.95876166414 18.9175438955299
0.39187 182.450449961783 19.5426426843113
0.3945 119.767140938922 15.8332991171748
0.39713 85.3289607824726 13.3641873798016
0.39976 69.2877807392503 12.0424376438531
0.40239 138.958585594768 17.0537763982163
0.40502 20.5837317697763 6.56344318226075
0.40765 70.1474908570549 12.1162309951531
0.41028 121.312783644424 15.9333302778925
0.41291 95.1805411558878 14.1129940882951
0.41554 16.2434980622357 5.83010874177777
0.41817 49.0465690078545 10.1305492087351
0.4208 106.088277142888 14.8988988586951
0.42343 72.0442279538841 12.2775544398844
0.42606 26.5757014701168 7.45669603183612
0.42869 48.9542338280632 10.1202443540932
0.43132 80.4027212126248 12.9694942703263
0.43395 68.6462087077365 11.9836121269623
0.43658 9.13444584923749 4.37131764370962
0.43921 34.7672415077163 8.52801935597724
0.44184 113.406492530981 15.4018828728962
0.44447 83.1709610662611 13.1896269871031
0.4471 5.40997595252556 3.36384609255549
0.44973 43.5548023318395 9.54439202651976
0.45236 68.1524237575445 11.9388554528573
0.45499 47.3531865246927 9.95149756746991
0.45762 16.417898331918 5.85955199785341
0.46025 56.7623642642002 10.8950107835354
0.46288 61.828188752235 11.3705764534448
0.46551 49.4538098685403 10.1690619262462
0.46814 19.811754026367 6.43627026235026
0.47077 59.4837243482937 11.1522803418393
0.4734 48.6939950719402 10.0900681296437
0.47866 8.49349288934378 4.21388950981709
0.48129 12.8984412629629 5.19278554977685
0.48392 4.16972503791047 2.95241411561161
0.49181 5.67997503620125 3.44565786012137
0.49444 28.6511169589908 7.7385841139851
0.49707 65.5047605785184 11.7008914628109
0.4997 11.3015287671043 4.86007427476492
0.50233 31.64792688642 8.1328194405169
0.50496 35.1375073245548 8.56935939117149
0.50759 59.9105251608973 11.1894523461738
0.51022 14.1007702857016 5.42841537220924
0.51285 36.5084944017484 8.73459955891371
0.51548 37.5628492432749 8.85971366419085
0.51811 89.8790095848406 13.7045237008144
0.52074 69.2913768332487 12.0328578777297
0.52337 3.17143388422978 2.57425406419218
0.526 46.8185530868999 9.89069829106617
0.52863 45.1627188135667 9.71409583530161
0.53126 21.5677593383531 6.71288554804523
0.53389 12.7883304668341 5.16901791405961
0.53652 47.3332356818183 9.94440017476911
0.53915 53.988620028777 10.6204028991294
0.54178 76.2817029013027 12.6239263550897
0.54441 90.9148574544319 13.7814869046058
0.54704 110.869928145116 15.2187825501669
0.54967 86.1823314747376 13.4176522227752
0.5523 39.3217970117999 9.06313549641482
0.55493 19.8942170211191 6.44643492044838
0.55756 60.0294912696969 11.1978047561859
0.56019 35.2200837418586 8.57709329290694
0.56545 22.460919397131 6.84932021713542
0.56808 23.7300170908311 7.04007220458163
0.57071 47.4022510150012 9.94997415085334
0.57334 21.6576006341014 6.7254604290316
0.58123 85.0494811281299 13.327105304648
0.59701 20.6349667622775 6.56399385572695
0.61805 15.084505280215 5.61166691660233
0.62068 40.7993909404438 9.22886610523722
0.62331 33.3997726033198 8.35003730316538
0.62594 6.8317125051251 3.77638798288011
0.63909 7.39531587233558 3.92885458848986
0.64172 7.77947598074973 4.02956270123177
0.64435 2.26569200005037 2.17459475388963
0.66539 11.613673488423 4.92293315841484
0.67065 0.114871271455331 0.489592948725058
0.67328 16.9670355779111 5.95014540678695
0.67591 17.7212965022823 6.08089483954624
0.68643 8.04024233428216 4.09576403724386
0.68906 8.45790398110623 4.20075049300769
0.70221 11.2863077651723 4.85229750899778
0.70484 29.768352215913 7.88032670567817
0.71273 50.6227798023086 10.2760418798801
0.71536 30.7645425195134 8.01075500532307
0.74166 1.3935337149515 1.70474897175797
0.74429 24.7291137151168 7.18127106568387
0.74692 41.0449042722109 9.25171008011023
0.74955 16.7612665743088 5.91209160967392
0.75218 16.103281221563 5.79482431781381
0.75481 5.19645064594309 3.29178783203035
0.75744 50.8120561223417 10.2933600317627
0.76007 44.0913477825624 9.58839270342321
0.7627 2.0778992558443 2.08150144057096
0.76533 15.6571820239844 5.71368927594867
0.76796 51.943690057922 10.4069043753246
0.77059 6.52770113152599 3.68918676654211
0.77322 51.1865214406269 10.330555266336
0.77585 46.1137724412099 9.80520164145246
0.77848 71.0359245594594 12.1695793780919
0.78111 7.89198255877109 4.05625223426585
0.78374 15.138056621285 5.61774864111696
0.78637 12.0662501115789 5.01543663544356
0.789 12.69305963931 5.14400156668439
0.79163 60.903899600172 11.2677143284709
0.79689 24.753043515954 7.18320516047016
0.79952 34.254460552023 8.45002277118637
0.80741 32.0594314795626 8.17451008315399
0.81004 32.0413768348691 8.17210694510075
0.8153 11.0578115712256 4.80067505634299
0.82319 1.22813807302994 1.59983504985809
0.82582 1.29193231629025 1.64083957038312
0.82845 0.672583053432268 1.18389675554761
0.83108 0.707519618630348 1.21424058158189
0.8416 14.5691106034205 5.5097328126499
0.84949 55.6361241726112 10.766544507391
0.85212 33.302671665698 8.32975202823512
0.85475 21.1805151035528 6.64286494207085
0.87053 6.47682488850081 3.67312756568308
0.87316 6.81325615744409 3.76727150152308
0.87579 49.7620347129864 10.1810660328465
0.88105 6.7539174961389 3.7506912895948
0.88368 7.10474200660701 3.84682320965823
0.88894 1.11019925087557 1.52060982013953
0.89157 1.16786727753509 1.55958373711833
0.8942 0.248357305328903 0.719192333337741
0.89683 1.15127321869985 1.54842582959474
0.89946 0.936246099380746 1.39633892056695
0.90209 6.09704704148068 3.5632994768112
0.90472 6.41381640571733 3.65466563265148
0.92839 5.21986393493469 3.29678405067778
0.93102 5.49105962979043 3.38131650766674
0.98625 12.5058524527299 5.10208783510467
0.99677 1.60939695970698 1.83024912067417
0.9994 1.69301244919347 1.87717831546229
1.0257 5.02567680030091 3.23398998268024
1.02833 50.4647525364864 10.2478332148926
1.03096 15.6760948657821 5.71154362403167
1.03359 2.44579766807629 2.25601198289146
1.04148 7.25411344419171 3.88519710271309
1.04411 10.6521301352997 4.70799180565287
1.05989 0.470077826219718 0.988967089195855
1.06252 3.10346110804891 2.54107036678235
1.07041 4.8857227918834 3.18821567851155
1.07304 5.13955231444893 3.2699605171536
1.08356 6.71182637119858 3.7366854797084
1.08619 8.82593572268019 4.28492425192101
1.10197 20.1593650241169 6.4756160346836
1.11249 16.4522438055688 5.84984021425428
1.11512 17.3070412102188 5.99984514719559
1.12301 28.3558456205794 7.67965139267755
1.12564 3.65487817920054 2.75710845409069
1.1309 34.5035801015471 8.47117904960116
1.13353 18.0271821460922 6.12312177729905
1.13616 2.85111115048113 2.43508003399417
1.14668 41.2549995976434 9.26260676940877
1.14931 3.35826017569689 2.64270870390055
1.15457 28.5979662148789 7.7117702670306
1.15983 4.2132674908421 2.95999112475655
1.16246 4.43217318780092 3.03589289308882
1.17561 18.7296690488651 6.24063948048895
1.18876 2.42719608829392 2.24647935325939
1.19139 3.5280269061468 2.70840205924334
1.19402 43.2018673992813 9.47754035092948
1.19665 22.2779585145076 6.80580135651677
1.19928 1.02393791374753 1.45906973519117
1.20191 38.1967067657781 8.91149977108836
1.20454 0.114738974060375 0.488418295792033
1.20717 11.5936664307766 4.90959249044964
1.2098 12.1961094391002 5.03551976252375
1.21506 0.298092265594494 0.787238287327127
1.23873 4.76305837219582 3.14674267901192
1.27818 8.62731795554719 4.23482257834672
1.28081 18.6220219613988 6.22170388732003
1.28607 14.1914546698111 5.43133490170586
1.30185 5.30894293524776 3.32191477078586
1.30448 5.58479679655074 3.40710996889731
1.315 0.963314947369549 1.41500715962832
1.31763 1.01336900687931 1.4512970170086
1.32815 1.68003029645301 1.86862895762509
1.33341 3.66952825654147 2.76163099285503
1.34393 44.6397015493502 9.63192727269434
1.34919 4.74531935208877 3.14037338343021
1.35708 4.07142669952533 2.9088136054753
1.35971 11.8172478620384 4.95562871645547
1.36497 9.11961349753412 4.35336234400843
1.37812 5.17069249150483 3.27793987745502
1.38075 5.4393628155537 3.36200726906907
1.38338 7.079751473512 3.83558530413999
1.38601 7.44761692271482 3.93395429860338
1.3939 9.90254143183942 4.53615615017485
1.39653 9.21755699637354 4.37643601557255
1.40179 16.707060969456 5.89195159522035
1.40442 3.22674307751697 2.58934677467199
1.40705 20.0849342626834 6.46014270945697
1.41231 32.9741765908973 8.27735625517563
1.41494 67.9418562269065 11.8815268381426
1.41757 49.5387595879615 10.1455359684952
1.43335 14.3790310994116 5.46588552211265
1.43598 13.3350414455 5.26370796765065
1.43861 40.5018894245195 9.17341676783407
1.44124 23.8809474600612 7.04398043648772
1.44387 20.7498799742734 6.56597221331465
1.4465 7.32284436178941 3.90058754283158
1.44913 7.70337204318031 4.00063974822267
1.45176 43.9963545409465 9.56084410922169
1.45439 19.7059682665774 6.39861031043934
1.4728 1.64669740386769 1.84963418061869
1.47543 1.73226715118473 1.89707830921267
1.48595 10.2523329716237 4.61513809258154
1.48858 10.785089953796 4.73351890878626
1.51225 5.62542297302465 3.4185390359297
1.51488 23.3506141099238 6.96484022155482
1.53592 19.3537985730808 6.3407047426059
1.54907 13.8001403381059 5.35416110193447
1.5517 33.9506192854431 8.39793648326883
1.55433 39.4915868212202 9.0573276725855
1.55696 20.0382308846649 6.45173510453849
1.56485 21.1159346311197 6.62291453213149
1.58326 30.5064419814889 7.96036790726117
1.58852 1.16718370181204 1.55705901251858
1.59115 1.22783674198999 1.59699968336815
1.60167 12.280254843799 5.05049926569911
1.6043 12.9183581541321 5.18003388359794
1.61482 2.22744034418951 2.15092491840469
1.61745 2.3431820015605 2.20609158994199
1.62271 12.448667355191 5.08485524067422
1.62534 9.22715427746163 4.37773401598141
1.6306 5.91654485496275 3.50546952183888
1.63323 0.564071052301621 1.08237396793244
1.63586 0.59338116068823 1.11013456880464
1.65164 1.89987389289033 1.98637408741791
1.65427 1.99859462855021 2.037320376714
1.67268 4.06987365498624 2.90720498930461
1.67531 9.523762599198 4.4472115550088
1.68057 7.44515534660633 3.93203183351056
1.6832 52.6544847301829 10.4567360095518
1.68583 6.57151277974346 3.69410687482323
1.68846 1.39004671825532 1.69898597193046
1.7095 2.69454436368025 2.36541527940608
1.71213 2.83456910744815 2.4260930626085
1.71739 7.56167090984571 3.96251776622579
1.72002 19.0769107216943 6.29383802934092
1.72265 11.7002710046881 4.92899867776898
1.73054 14.5941376795491 5.50487634638136
1.73317 27.8042545261 7.59824300186236
1.7358 15.7260677104016 5.71434982899666
1.73843 2.76381339105148 2.39557799039685
1.74106 8.98857480245318 4.32016741482708
1.74369 1.83967845570007 1.95445340928139
1.74632 1.93527922105859 2.00458917210013
1.75158 5.52807035524203 3.38796370452209
1.75421 34.2816484037885 8.43688285273068
1.75684 40.7565297649007 9.19917694390381
1.7621 21.7243155664803 6.71617230259652
1.77262 2.37329606314308 2.21983935777203
1.77525 2.49662681079318 2.27678281743606
1.78314 19.8924162560295 6.42667246475268
1.78577 29.4626589142725 7.82127522877122
1.80418 15.8751941633549 5.74111594035739
1.80681 14.4492375310863 5.47720378209007
1.80944 2.55677213071999 2.30399793522695
1.81207 5.20309742530589 3.28675015557072
1.8147 2.64407416385847 2.34299935488936
1.83048 3.83210594192602 2.82066781765871
1.83311 14.7306833499429 5.53024378728169
1.83574 6.407630370384 3.64738153069192
1.83837 8.85048800827358 4.28662722181931
1.841 6.83611680296699 3.76735447470649
1.84626 3.09583680438281 2.53524571106368
1.84889 20.9618318299643 6.59698175473048
1.85152 22.603619425207 6.85045313371758
1.85415 23.7782873997796 7.02619553429163
1.93042 34.8108209925639 8.50125786749176
1.93831 5.32023779087128 3.32347330178387
1.94357 29.4918310872654 7.82488478858776
1.99091 8.67074975661243 4.24286392140536
1.99354 9.12137622363831 4.35172223158909
2.00143 2.3964547830636 2.23057102937843
2.00406 2.52099394436164 2.28779426810765
2.0251 2.87697212885868 2.44397028961095
2.04614 48.5419798649098 10.038847710131
2.05403 6.49395917135684 3.67179803986733
2.05929 0.344639926296158 0.84587474819227
2.06192 0.362550202600199 0.867574883219907
2.08033 6.60789744817119 3.70383764366802
2.08296 6.95129721122629 3.79885617576699
2.08559 19.7983193872873 6.4111171711627
2.08822 101.57958377687 14.521864971194
2.09085 37.6067669849561 8.83592066603866
2.09348 8.67554084229953 4.24391538289876
2.09611 4.52690953314946 3.06562460510605
2.09874 13.455912280424 5.28535627491742
2.13293 0.216588458747589 0.67057045943097
2.13556 6.30147428017374 3.61700046626965
2.15134 7.3003200073875 3.89316437882022
2.16186 1.35119794055929 1.67492032912297
2.16449 1.4214242424602 1.71789748579418
2.17238 0.698152758412879 1.20396197255571
2.17501 0.734438105563055 1.23485470299215
2.1829 38.4026969163701 8.92937942454697
2.2092 10.4748887775259 4.66360951910847
2.21446 1.83600777583368 1.95247770516573
2.21709 1.93143091240232 2.00257639227744
2.25654 17.066775975739 5.95299355936608
2.25917 15.4124495188657 5.65713027555329
2.27495 18.824720284292 6.2521397715639
2.28021 11.3099089457657 4.84613292407858
2.28284 11.8977207158446 4.97048000064682
2.33807 2.11675883768654 2.09650557048973
2.3407 22.20771466047 6.79065278607926
2.36963 3.92022415033991 2.85303375484567
2.37226 18.2845020581587 6.16158281060598
2.37752 16.4064666564221 5.83655755645549
2.38015 23.7038165869508 7.01548406254257
2.38278 45.6936684928968 9.74037724499843
2.38541 25.5740565169905 7.28696754543441
2.38804 11.0594451943387 4.79195748410489
2.39067 25.1995549307431 7.23339167218136
2.40382 2.19160400595951 2.13316467989161
2.40645 32.6876162074147 8.23825651240559
2.40908 19.9017273912454 6.42820052101101
2.47746 8.89102984706187 4.29664035839582
2.50113 2.97557290673704 2.48565693737205
2.50376 18.004662159801 6.11431767298656
2.50639 15.6474508331841 5.70002720569663
2.51428 3.43233780051879 2.66961726604137
2.51691 72.957686743508 12.3080467917348
2.51954 25.6732898658217 7.30119576308263
2.5248 42.4820500575117 9.391937724919
2.52743 56.8754041465585 10.8671169018701
2.53006 50.1941397189411 10.2088828168626
2.53269 57.255566786036 10.9033559513423
2.53532 21.7686600758285 6.72305710522975
2.54058 50.5740732467009 10.2474110670099
2.54321 24.0754638186925 7.07028861970597
2.54584 8.20012639817666 4.12628959529281
2.55373 7.81947910856832 4.02937050785866
2.55636 2.66296119778265 2.35142066591051
2.55899 25.5218608981267 7.27953603608557
2.56162 38.7618472298044 8.97117615542895
2.56951 1.59347958318789 1.81894372710929
2.57214 3.1460163543663 2.55579560970541
2.5774 18.974315757357 6.27665031139305
2.58003 19.9603737920135 6.4376717229326
2.59055 2.2766541293361 2.17415999670828
2.59318 0.811743678984155 1.29823122277171
2.59581 2.00895419878293 2.04233617503451
2.59844 1.21505021890632 1.5883234436507
2.61159 10.9087536133331 4.75915110235886
2.61422 11.4756854089552 4.88125326738899
2.61685 2.59707875674841 2.32212012456972
2.61948 2.73204986115799 2.38169711394601
2.62737 0.324991986744562 0.82144565857215
2.63 0.341881935599783 0.84252090733063
2.63263 18.1693842583109 6.1420424274292
2.6563 14.6268282170044 5.51085094980636
2.65893 15.3869896688694 5.65223894475865
2.66682 6.21951944005287 3.59353922085148
2.69049 3.09562404196979 2.53523929255246
2.69312 3.25650472171356 2.60028412928013
2.70101 0.385931092858063 0.895158833517474
2.70364 0.405987773991253 0.918124622510693
2.72468 4.04875409350377 2.89938158251757
2.72731 4.25916618867236 2.97376680125181
2.74309 22.0772632409304 6.77043967474761
2.74572 78.0390179928159 12.7291701753447
2.75361 3.89936707142591 2.84538523920725
2.75624 4.10201558412085 2.91838515224756
2.78517 0.0684819477450998 0.377078129898528
2.7878 40.0172157374517 9.11520975207914
2.79043 34.6314911961584 8.47966642886142
2.79306 2.94713677496893 2.47367852050005
2.80095 5.07256583744964 3.24531533020678
2.80358 5.33621688486603 3.32859555071405
2.8141 9.88038485010938 4.52935301021073
2.81673 10.393926495409 4.64558378491812
2.82462 12.3841897792579 5.07093433205772
2.82725 13.2995368070486 5.25501163510042
2.82988 0.1222649527589 0.503857413728806
2.83514 5.33160869459967 3.32727171723833
2.85355 0.595145935925062 1.1116793244808
2.85618 4.8364006199761 3.16905782167458
2.85881 4.42915659191447 3.03270930269922
2.89037 0.80401088553962 1.29215934034663
2.893 0.845800053816033 1.32531830922982
2.92982 5.95415418679281 3.51656581349389
2.93245 6.26363932284169 3.60681412447021
2.94823 7.35458449936042 3.90840479940778
2.95086 7.73686122476495 4.00870917150366
2.96927 4.0173842843066 2.88872093680494
2.9719 11.7776847442844 4.94613018204818
2.97453 39.4162618648382 9.04846637008482
2.97716 37.2488293518092 8.79620318628739
2.98242 6.66427361098425 3.72064904435987
2.98505 7.01066933916505 3.81613489440415
2.99031 31.3025452967123 8.06375196138683
2.99294 33.742819764014 8.3722020225278
2.99557 0.85550033127625 1.33309402964865
