-0.19988 44.0879593120157 9.66778985469897
-0.19725 13.4465462086626 5.33901338028552
-0.18936 4.96452241082211 3.24384178984205
-0.18147 1.43957700782987 1.74664105357071
-0.17884 1.44220206803491 1.74818623913314
-0.17358 2.51156493600504 2.30687306966877
-0.16832 0.98042306254786 1.44123600621361
-0.16569 0.982210844282789 1.44251099129134
-0.16043 8.6581926912039 4.2825973020114
-0.1578 8.6739806574725 4.28638585222572
-0.13939 20.9283639211047 6.65684765578619
-0.1315 57.19955824982 11.0043036875093
-0.12361 6.58597563295229 3.73371818514014
-0.12098 21.8465010611992 6.8000300869502
-0.09994 1.66109966587056 1.87467083798143
-0.09731 1.66414183384184 1.87634412743901
-0.09468 5.4826494741359 3.40568328230952
-0.09205 9.30054741616105 4.4356264683005
-0.08942 3.81481865353091 2.84072604294956
-0.08679 1.99399424631268 2.05374276906198
-0.08416 1.99766032071564 2.0555905442824
-0.07364 11.2109520604573 4.86926941620317
-0.0526 19.6503419886368 6.44556708642092
-0.04471 6.33239321376275 3.65876973819601
-0.03419 19.1124201150081 6.35588061127996
-0.02893 8.49927327565891 4.23830452752055
-0.0263 15.7705375256668 5.77319457944053
-0.02367 64.3840307605345 11.6647037524154
-0.02104 123.533853900991 16.1573194878464
-0.01841 188.955767109317 19.9824197672003
-0.01578 190.233816008719 20.04949999163
-0.01315 197.155196593289 20.4105865214944
-0.01052 229.534223969679 22.0225081128377
-0.00789 265.817072172458 23.6987900078938
-0.00526 281.903597306371 24.4048829848179
-0.00263 291.534970565581 24.8178086727559
-0 402.159333548766 29.1480068039827
0.00263 269.570377355436 23.8636898203012
0.00526 182.489639536581 19.6341611117163
0.00789 234.399805524389 22.2517206133214
0.01052 252.120101286084 23.0770580368401
0.01315 180.374331795113 19.5189208963502
0.01578 170.738629679357 18.9900479982126
0.01841 163.783533642642 18.5988895363811
0.02104 89.9734644760622 13.7848120179235
0.02367 168.755952577095 18.8783879247452
0.0263 106.881425764787 15.02374500837
0.02893 40.0181740762765 9.19279229954195
0.03156 14.5060144168298 5.5345790406315
0.03419 14.5406716666764 5.54108106431582
0.04208 41.6872815004602 9.38165027729294
0.04471 14.5202624735001 5.5367690982729
0.04734 24.5725963830949 7.20255244096851
0.04997 23.1492346355494 6.99070458547489
0.0526 15.4377061888377 5.70868057460031
0.05523 2.3126890553672 2.20950355958859
0.06049 8.26923533374525 4.17784389919495
0.06312 13.5571123279756 5.3492741368634
0.06575 5.28236718918647 3.3390065838047
0.07627 24.6099309325376 7.20651132506404
0.0789 28.3836875558752 7.73919888548609
0.08153 3.73536200701965 2.80749938457499
0.09731 6.31808930608975 3.65087134642938
0.09994 14.7152583795284 5.57159262606971
0.10257 15.8644317314018 5.78498192994067
0.1052 51.251962041037 10.3977490657282
0.10783 15.3769649242587 5.69526233831019
0.11309 43.7378947811351 9.60497046965878
0.11572 89.0994424117285 13.7087837715077
0.11835 108.521709621836 15.1291344914717
0.12098 68.2280425495648 11.9958648083918
0.12361 102.403204903925 14.6960702027368
0.12624 90.0483437988043 13.7808702784458
0.12887 67.7646496490228 11.954590795187
0.1315 46.8618497853651 9.94116234427145
0.13413 66.7761111692417 11.866765219698
0.13676 108.039908427823 15.0941349277169
0.13939 141.241990165053 17.2580758749516
0.14202 76.8127791323103 12.7268678501167
0.14465 167.64126478494 18.8013742866434
0.14728 132.397461931866 16.708339682041
0.14991 80.5638210140263 13.0334031514263
0.15254 137.901358372801 17.0516499373918
0.15517 154.693830053452 18.0598012717093
0.1578 218.616924192749 21.469043476591
0.16043 272.183856848247 23.9550080971081
0.16306 333.33161510429 26.5092675158217
0.16569 443.739355082319 30.585654800335
0.16832 552.412680682796 34.1255737943399
0.17095 676.791044469637 37.7719823756871
0.17358 841.076786368181 42.1070323339292
0.17621 970.234382480983 45.2240522796261
0.17884 1100.5433316293 48.164721222313
0.18147 1200.04164715509 50.2942076023501
0.1841 1254.56837117947 51.4234619816839
0.18673 1319.95404599425 52.7457999072534
0.18936 1262.45314949774 51.5834571119684
0.19199 1250.31632248571 51.3342348545984
0.19462 1273.82256437687 51.813859628544
0.19725 1262.92127676825 51.5910002169502
0.19988 1269.45926757157 51.7236930011584
0.20251 1237.11479794312 51.0598956240859
0.20514 1222.12530435241 50.749048606037
0.20777 1150.17250493254 49.2319051698
0.2104 1028.46882203116 46.5538745211178
0.21303 908.466497957554 43.7532017509647
0.21566 738.820488368858 39.4566274064685
0.21829 532.111676804032 33.4847456678202
0.22092 513.291548384174 32.8868881297056
0.22355 372.848740988732 28.0286499015169
0.22618 320.16930060163 25.9729210992602
0.22881 242.895042507209 22.6222288789577
0.23144 262.062929887416 23.4976254282491
0.23407 220.752104270987 21.565956269369
0.2367 138.386265641122 17.074889540257
0.23933 130.569817309886 16.5854752135245
0.24196 38.5107832887173 9.00726231727111
0.24459 42.9011513352971 9.50673136055163
0.24722 45.5862082122875 9.79960557823845
0.24985 95.1649527782895 14.1587688812588
0.25248 20.586440504405 6.58525684123652
0.25511 11.0020694214062 4.81409205732607
0.25774 42.141696460892 9.42167936504837
0.26037 88.2353865184162 13.6329179841189
0.263 22.2349041762435 6.8435299050023
0.26563 11.7924630568342 4.98379204951995
0.26826 11.8143302400656 4.98835458009699
0.27615 65.943138293191 11.784818690911
0.27878 37.4024590033452 8.87530505282821
0.28141 60.1036301624933 11.2506774740716
0.28667 6.37703222492294 3.66461075741491
0.29193 4.72258231939728 3.15354140525879
0.29456 4.7313395476091 3.15642837350064
0.29982 10.8065780842141 4.77021797474278
0.30245 3.08073569928343 2.54692793248262
0.30508 0.407256499211797 0.926016567503058
0.30771 7.39620793212431 3.94625013695888
0.31034 15.8832679769461 5.7828948338758
0.31297 6.61245205676474 3.73122930510966
0.3156 0.679136638517888 1.1957614844075
0.31823 24.5105954332068 7.18353512582367
0.32086 24.7982468695762 7.22548638349789
0.32349 46.7877317633225 9.92471173502301
0.32612 19.5076527636448 6.40840163148932
0.32875 31.3836537568568 8.12819799580895
0.33138 74.403227595073 12.5150825358104
0.33401 49.2228366625319 10.1792658596608
0.33664 104.435934451983 14.8270046809664
0.33927 36.809987737012 8.80251128131524
0.3419 34.824592160337 8.56174090557725
0.34453 39.6516732151965 9.13576939059218
0.34716 53.8507418532005 10.6464672372343
0.34979 28.207729352295 7.70529105353544
0.35242 42.9253547178484 9.50511198006423
0.35505 25.0271332438086 7.25773574427576
0.35768 28.1805967671161 7.70133470337
0.36031 32.9388682374894 8.32607941691751
0.36294 34.2544992885355 8.49063812088311
0.36557 14.514993613386 5.52694637287881
0.3682 33.6425522248087 8.41427303727841
0.37083 24.8769464564313 7.23545713713536
0.37346 30.575983480545 8.0214515261933
0.37609 26.0151898630145 7.39897486718262
0.37872 12.5815616765806 5.14541767396336
0.38398 10.6161632197657 4.72637051354252
0.38661 10.6358586319728 4.73070159964396
0.39713 10.3574212964263 4.66816631408517
0.39976 1.59658355666959 1.83278546056972
0.40239 1.59954439074456 1.83446359406724
0.41028 16.6612149808339 5.92035895416387
0.41291 22.844306499293 6.93231485131148
0.41554 6.16362990497894 3.6008261329456
0.41817 13.1598060078836 5.26142281268388
0.42869 20.7330107701506 6.60370986966406
0.43395 17.3659355623679 6.04359090113703
0.43658 18.4270847424948 6.22542300937512
0.44447 17.5493661315903 6.07512220147803
0.4471 2.46635649048579 2.27743929319575
0.44973 5.03490242892338 3.25393592556205
0.45236 10.76233415143 4.75730818486772
0.45499 8.20878111417382 4.15472201458499
0.46288 1.57478339561383 1.81968742966382
0.48392 0.377857854761714 0.891265845936719
0.48655 6.31558971044776 3.64371644408074
0.48918 6.32728545639059 3.64704325006152
0.53652 7.17155066429097 3.88215137523281
0.54441 16.1485413284567 5.82536315952075
0.54967 3.34785446863249 2.6523648093593
0.57334 5.31775008190979 3.34260612788598
0.57597 5.32765257113349 3.34569231781261
0.5786 28.6989256026097 7.76511117828077
0.58123 42.9822670133923 9.50290363981268
0.58386 20.1169220591799 6.50113584368085
0.58649 5.87143746872815 3.51218595439137
0.61279 26.0617558829852 7.39901682405068
0.62068 2.70739600387793 2.38472184467338
0.62331 2.71243442128039 2.38692083185875
0.67328 8.88787486009881 4.32008065660783
0.67591 8.90441499747583 4.3240642449007
0.68643 0.60075764909846 1.12311778277671
0.68906 0.601875644958946 1.12415341916497
0.77322 7.3199398501022 3.91951854893612
0.77585 7.33358288370347 3.92314389589825
0.77848 21.1636134418489 6.66450983440107
0.78111 20.3575913358823 6.53632542560575
0.78374 5.2003706131613 3.30357967561041
0.789 9.52120765969048 4.47000481813524
0.79163 9.53895344550275 4.4741393311582
0.8416 22.7205808014339 6.90459827427294
0.87053 1.37132479610911 1.69622462153699
0.87316 7.38710900691822 3.93685158726448
0.87579 6.02446633356047 3.55524611554009
0.87842 10.1889014953544 4.62351905786963
0.88105 10.2079586475289 4.62782589607551
0.88894 6.85378084136712 3.79200096573195
0.89157 6.86660003809157 3.79553323876346
0.8942 38.1369501931057 8.94485888779885
0.90209 12.0770947067376 5.03358238001599
0.90472 12.1857223240146 5.05614561129944
0.90735 0.0862330847505885 0.425332808681512
0.93628 14.0782072123504 5.43429835363642
0.93891 14.1044997728086 5.43934536524877
0.95469 7.93684841667704 4.08018416915124
0.95732 7.82733240282016 4.05191756268034
1.02044 2.09525736759054 2.09619102822237
1.02307 2.09917902214208 2.0981463624827
1.05463 6.02306645822171 3.55390923821056
1.05726 6.034339718452 3.55722433582425
1.05989 0.350253525238714 0.857011216692052
1.09408 0.288312078849951 0.777520773733994
1.12038 5.6425408729896 3.43960036381986
1.12301 5.65310639419821 3.44281156430305
1.12827 2.50654837916511 2.29248132974439
1.1309 2.51124183018883 2.29462158323791
1.13353 22.0710861021031 6.8026433517144
1.13616 22.1124136744625 6.80899427828674
1.15194 13.5799290727886 5.33590279418684
1.17824 5.52497633631787 3.40341422767277
1.18087 5.53532171841719 3.40659164343644
1.18876 53.7864102165072 10.6189617116768
1.20454 8.44694490617729 4.20812815170987
1.21506 4.38522380880411 3.03199318251216
1.22821 28.3460656293694 7.70850659314702
1.24662 0.962475088731527 1.4203871142626
1.25451 8.62079528776283 4.25089668398705
1.27818 0.0315966421270942 0.257342831268039
1.28081 0.0316556980006983 0.257582206358619
1.29396 0.631529796559561 1.15047808008448
1.29659 0.632710160484459 1.15154823107584
1.30185 1.18819472507862 1.57804967391013
1.30448 1.19042042183925 1.57952403879378
1.30974 5.3934167857937 3.36206757421383
1.31237 5.40351959954234 3.36520873905245
1.37286 5.6338180690986 3.43602686945844
1.43335 12.3374884155289 5.0845871302765
1.43598 14.7139242255774 5.5527255560378
1.43861 2.35771337372881 2.22273194551945
1.45702 5.58084013876556 3.41970650266751
1.48332 5.99316935296356 3.54375494613618
1.48595 3.85525221979184 2.84224454593135
1.51225 3.97275294472738 2.88522619507284
1.51488 3.98021314330638 2.8879352989907
1.53066 1.44957583476195 1.74283393078529
1.53329 1.45229790776685 1.74447037724697
1.53855 11.0898345889098 4.82057330530087
1.54118 7.25879641692566 3.90003650671311
1.54381 7.27242728277095 3.90369847404365
1.57011 3.05232613124504 2.52903074128802
1.59904 44.3617788478334 9.64151750352172
1.62008 14.3187222548409 5.47760133093997
1.62271 5.97802951163603 3.53929645085454
1.66742 9.52118766993325 4.46660046923073
1.67005 20.6237089815028 6.57377076567208
1.67268 4.43458655036981 3.048297591336
1.69109 2.80102844167635 2.42262911366855
1.69372 36.3949331414052 8.73269437280122
1.69635 19.3646904644055 6.36990129933173
1.7095 33.5352227658535 8.38263140321128
1.71739 8.1993723743644 4.14497820830344
1.72002 13.9951148924256 5.41527985440981
1.75947 10.5862206718498 4.70992523862069
1.7621 10.6061251989852 4.71435889692183
1.76736 9.5105714495336 4.46425529746387
1.76999 20.787410631147 6.60004107873523
1.77262 17.6141520905944 6.07544420413145
1.77525 16.5397682503668 5.88725165541136
1.77788 10.2130000330229 4.62620934766053
1.80944 4.93664771851709 3.21642363413537
1.81207 6.2154517865313 3.60906090183871
1.8147 1.52741602679941 1.78911070743165
1.81733 0.255986661103215 0.732432985379357
1.82259 22.3361818965091 6.84171631560164
1.84626 5.41305786868594 3.36812406540769
1.84889 21.9053034221099 6.77551116935993
1.85152 10.1983817861058 4.62310487520903
1.87256 1.96799206775432 2.03088462702142
1.87519 1.97169197061256 2.03279600141159
1.88045 9.10643403551313 4.36867566880393
1.88308 10.5730723252045 4.70735461407483
1.88571 1.4522429848613 1.74460310616842
1.89623 1.06080029350693 1.4910649009569
1.89886 4.56182525700189 3.09207299461079
1.90149 3.50559849509848 2.71057568925232
1.90938 6.94978265555254 3.81648734926415
2.01195 12.1447653467657 5.04485381351669
2.01458 12.167579120386 5.04959396675555
2.03562 3.71622517969904 2.79066788181998
2.03825 25.7379939336054 7.34420578198774
2.0514 11.4431885186911 4.8970298399732
2.05403 11.464684389511 4.90163109736711
2.06981 9.87554013541217 4.54927385211584
2.08296 5.10766103569501 3.2717071236202
2.08559 5.1172557059081 3.27478122498253
2.08822 12.3123293054121 5.07965469101619
2.09085 34.2922094317348 8.47738993034299
2.09348 23.8203975187194 7.06544101552227
2.09611 1.82582383332449 1.95611577495328
2.11715 5.01499587080825 3.24189214611765
2.11978 5.02439958002204 3.24492732464352
2.1829 7.19907470202151 3.88411457298298
2.22235 7.90001568124384 4.06879587690984
2.22498 7.9148466939764 4.07261426393498
2.22761 10.2683606094883 4.63876827921678
2.23024 0.661489254485065 1.17737176836433
2.23287 0.662731094495052 1.17847668028844
2.23813 3.07918376345927 2.54021408612213
2.24076 3.08496443724707 2.54259796596969
2.24602 7.25201196557355 3.89836111891819
2.24865 25.0584928023626 7.24653479927907
2.27232 0.946399933529344 1.4082869164969
2.27495 0.948176647652636 1.40960853218615
2.28021 29.1906082789565 7.82124087715741
2.35648 0.239556136889118 0.708528318571422
2.36174 0.915924616526954 1.38542591405482
2.38804 28.281467938964 7.69845912695073
2.43538 11.7480036488553 4.96193451714181
2.43801 11.7701209278006 4.96661735835911
2.59055 19.6092317263023 6.41192267786097
2.59318 19.6461892337286 6.417987132866
2.61159 17.7361904029271 6.09815631161338
2.63526 25.715283447038 7.34297216050515
2.63789 21.340250667783 6.68924116080339
2.64052 12.8488118128662 5.19050305261977
2.64315 14.0314429443491 5.4241289460647
2.64578 14.0578347765193 5.42923858277149
2.67734 7.49336494116784 3.96395401624262
2.69575 0.844124844769192 1.33045321260988
2.69838 2.64006736922751 2.352906346156
2.70101 1.79773112475092 1.94160344721684
2.71153 3.85500842500087 2.84329698483111
2.72468 28.7649193336949 7.76703709864829
2.72994 2.57591656409562 2.32431717405865
2.73257 2.98845328896054 2.50354602121871
2.7352 0.408438679059119 0.925547309246666
2.76676 13.79943499494 5.38021976206724
2.76939 13.8255162519866 5.38533704121825
2.80095 7.18880892162458 3.88360563514742
2.83777 30.8273818054361 8.04310372962478
2.84303 2.67429716580483 2.36901132496551
2.84566 3.60681960639796 2.7512369370232
2.84829 3.6136470701047 2.75386171020564
2.87722 0.601136866825104 1.12329595132165
2.87985 0.602274776092516 1.12436761022883
2.93508 1.09368037516465 1.51513381203719
2.93771 13.8456722200374 5.39088911493105
2.94034 12.7737400206509 5.17797569791342
2.99031 9.19933511454935 4.39373135488631
2.99294 9.21649913696469 4.3978039787047
2.99557 31.8613726816243 8.17678748596557
2.9982 3.61256973265248 2.75331679327996
