-0.18936 9.66003678428212 4.52270152929823
-0.17884 31.694740732399 8.19160471299135
-0.17621 12.9919503544573 5.2445022095422
-0.17358 34.975010262552 8.60473961116138
-0.17095 25.8806126678754 7.40180764025821
-0.15517 27.2046614137867 7.58791463862911
-0.13413 8.1184475140342 4.14448836650538
-0.12098 7.28983753804354 3.92691844264373
-0.11835 28.9493728762181 7.82535846618862
-0.08679 9.18980231642044 4.40810012232705
-0.07101 21.2711515450636 6.70594228632918
-0.06838 16.8219126911554 5.96343268753584
-0.06575 39.2979977692268 9.11461165679008
-0.04471 0.929802288335893 1.40185419545943
-0.03682 19.3561220707763 6.39587080629629
-0.03419 4.99292540332631 3.24834663343092
-0.03156 29.0927696848782 7.84100415779178
-0.01841 61.605388226889 11.4093290286049
-0.01578 60.0134196211651 11.260800463329
-0.01315 170.36737423805 18.9728516758976
-0.01052 116.250909565524 15.672269700727
-0.00789 122.826798533124 16.1092233623326
-0.00526 115.052934111548 15.5909007396847
-0.00263 170.28068786563 18.9670319228885
-0 189.599828614105 20.0138189721564
0.00263 169.548052157892 18.9257110572174
0.00526 174.464008758316 19.1979046697103
0.00789 150.134037553241 17.8088384107076
0.01052 144.404764750445 17.4655343361727
0.01315 180.622463233651 19.5331416453271
0.01578 181.231783444188 19.5658403224805
0.01841 197.924584400675 20.4468446472502
0.02104 160.20424723822 18.3953706456847
0.02367 71.1269644781245 12.256988274231
0.0263 51.9609485869829 10.4761153602307
0.02893 74.3494926884754 12.5312918489185
0.03156 112.35241304983 15.4043417560152
0.03419 92.5090721277804 13.977812433568
0.03682 25.1534719783365 7.28854968743928
0.04208 21.8702263874625 6.79608799642489
0.04471 44.0492809529681 9.64488088635732
0.04734 6.61559923341032 3.73772334677522
0.04997 12.3237393515162 5.10139454773504
0.0526 59.0557428743545 11.1671881183832
0.05523 4.0393980438504 2.92056039256685
0.06049 9.04017554339707 4.36904483557066
0.06312 2.60649114337346 2.34596375591813
0.06575 2.55308672705027 2.32177995253902
0.07364 4.51808415596963 3.08852225685403
0.07627 4.42551308725807 3.05668364494015
0.08153 5.28581380795499 3.34052565285121
0.08416 4.4906744694047 3.0790005644542
0.08679 4.39866498906316 3.04726010249114
0.09205 31.6422803021684 8.17284326248021
0.1052 0.339982900322337 0.847117692843774
0.10783 0.333017290256677 0.83838578320575
0.11309 13.8975920936488 5.41590317113109
0.11572 10.9409944946169 4.80534760701627
0.11835 10.3592255676414 4.67579381642419
0.12361 18.4392121839833 6.23811654776087
0.12624 13.3790705321297 5.31362098138799
0.12887 13.5087083155734 5.33924453097927
0.1315 73.5747663467957 12.4604188979455
0.13413 43.8845823666408 9.6231992821523
0.13676 40.6345927500779 9.25990962140807
0.13939 55.5326501263634 10.8250095765956
0.14202 53.8644211220023 10.6610599449361
0.14465 34.6623116116601 8.55211328691942
0.14728 87.5920950866758 13.5947879623669
0.14991 23.3230977701199 7.01501161776523
0.15254 36.0224363596635 8.71800505457779
0.15517 58.502420519975 11.1099675261967
0.1578 151.924320301532 17.9033713398121
0.16043 191.893803490697 20.1208785981191
0.16306 212.96762710088 21.1967148596845
0.16569 230.671777518361 22.0599380858767
0.16832 275.697768550595 24.1167610216448
0.17095 350.53059335262 27.1932186416983
0.17358 412.219176849471 29.4887960978171
0.17621 523.506148519326 33.2314381096958
0.17884 686.064950034951 38.0422464516788
0.18147 717.187365526118 38.89512301324
0.1841 864.083927618323 42.6925497859796
0.18673 911.318585589272 43.8434316504969
0.18936 886.847746194324 43.2503129596195
0.19199 886.350010660997 43.2377059384917
0.19462 938.112795547904 44.481850025634
0.19725 994.731317756434 45.8040101802422
0.19988 1025.97054486067 46.5171767316089
0.20251 995.308449741319 45.8162824745203
0.20514 1055.66835616682 47.1844967677339
0.20777 978.980459302631 45.437785891395
0.2104 876.764088872039 42.9997666817298
0.21303 793.689207583583 40.9114180456424
0.21566 719.550487503729 38.9533223171295
0.21829 618.789389836186 36.1226722459369
0.22092 546.151225973452 33.9359077490313
0.22355 449.039077412375 30.7708614814311
0.22618 360.104013132783 27.5553632104499
0.22881 256.417349495648 23.2520064576449
0.23144 224.112605187753 21.7377427935684
0.23407 161.096574631724 18.4297323822873
0.2367 162.180685536208 18.4914093848215
0.23933 75.3088313855589 12.6005056584519
0.24196 85.7657439114243 13.4467249204738
0.24459 33.5158973571294 8.40581037299417
0.24722 20.3096642651886 6.54334932302802
0.24985 11.0951661800154 4.83626634991062
0.25248 35.1098098161118 8.60304342102022
0.25511 11.7690101703054 4.98083799696406
0.25774 12.6948626206474 5.17298263933779
0.26037 10.7915400285775 4.76939510757009
0.263 7.4012433225993 3.9497399305547
0.26563 19.8333902814068 6.46560559440308
0.26826 12.3259489095008 5.09700995478166
0.27089 42.4543266081429 9.4593402815718
0.27352 23.3404422378381 7.01372898703644
0.27615 59.6331523466041 11.2107042117794
0.27878 20.1503504179497 6.5166572802173
0.28141 1.30318237380977 1.65722222208967
0.28404 1.90293297189122 2.00255505463885
0.28667 33.1997636125351 8.36439982240542
0.2893 12.8056626893573 5.19472888643294
0.29193 22.5247705228627 6.88948270523731
0.29456 70.7383536064387 12.2089543370784
0.29719 14.717813496737 5.56887169542516
0.32086 9.11342766824686 4.38183086399362
0.32349 8.92677246563144 4.33669389649229
0.32612 3.49576044776863 2.71380832183733
0.32875 8.52451453842914 4.23779522370051
0.33138 4.99588990624308 3.24420560583295
0.33927 13.0341637387169 5.24003190285783
0.34453 10.6612728263073 4.73904110944049
0.34716 53.7420451826297 10.6399562813861
0.34979 13.0040353441415 5.23381804703939
0.35242 1.82726558726269 1.96190145156179
0.35505 8.51372857033539 4.23480143918084
0.35768 53.8460719735295 10.6499352324109
0.36294 1.5186342825787 1.78850498368603
0.36557 1.4875306136739 1.77008169881735
0.37346 25.4440675676473 7.32055534072498
0.38135 53.5061178045147 10.6155592972745
0.38398 39.5198300323813 9.12316426391901
0.38924 23.6434323231464 7.05645900913524
0.39187 1.10257092479451 1.52381284323761
0.3945 7.19682215420093 3.89309989306635
0.39976 21.5770612975007 6.74085383631115
0.40765 1.31855170592991 1.66631484684124
0.41028 1.29154447935228 1.64914829778844
0.41291 7.55702767448109 3.9891198004409
0.41817 4.03201751942477 2.91377403726144
0.43132 34.3659741115738 8.50632007659684
0.43395 11.8153967375194 4.98767435628729
0.4471 1.44060953822795 1.74152536650274
0.4734 21.4066684128017 6.71269089471951
0.49181 5.0404244382638 3.25710284571522
0.58912 44.511995765875 9.6767487041362
0.59438 3.70455628229698 2.79160103184591
0.59701 5.29684747515883 3.33803699983569
0.64435 22.9716541476306 6.95108135235713
0.65487 22.6637561622959 6.90425036588565
0.6838 1.47056348937088 1.75863996986933
0.68643 8.49931255617871 4.22790808834168
0.68906 8.3557590561952 4.19203769223051
0.72851 1.0586985974142 1.49207552831379
0.73114 1.03702068130031 1.47671379498697
0.74166 5.68714666823208 3.45813366002492
0.77848 2.70524809339999 2.38489844420279
0.78374 37.6225098354465 8.89377607840493
0.78637 1.23437076056588 1.61095387419792
0.79952 16.8456891878959 5.95106377726389
0.83634 13.1571609876538 5.25914546780089
0.84423 7.51777987833302 3.97535118186194
0.91524 4.08076220442884 2.92867923598106
0.94154 18.2739620769167 6.19737739245716
0.94417 14.6818084046239 5.55495316924702
0.95995 24.8312276816271 7.22410373368437
0.9731 3.7103012078065 2.79244527644082
0.9994 15.9564549697095 5.79080194401047
1.0257 11.3693923913464 4.88790395455584
1.02833 3.69573672764875 2.78678104595211
1.05726 10.7294096390738 4.74811839312438
1.06515 6.04821620340923 3.564857523463
1.0783 1.10887846670726 1.52637763378712
1.08093 15.2944855552393 5.66872976894962
1.13616 11.2682425463304 4.86544862498295
1.13879 1.12367347588381 1.53643452124499
1.14142 14.2998393485232 5.48098690917371
1.15194 17.9222160632142 6.13600656125388
1.15457 1.48922213788902 1.7687599526078
1.16772 7.55210048384209 3.98307976693495
1.17561 3.40086428673012 2.67286704363381
1.19402 1.3841380806891 1.7051664168526
1.19665 1.35580401520668 1.68762019485069
1.23347 0.0214384861384562 0.212210922591944
1.24136 27.0990032470523 7.54477410941094
1.28344 0.0844912195770316 0.421278739866521
1.30974 8.24779752570074 4.16227954217955
1.34656 16.6393362046697 5.91198266048855
1.34919 15.3124494502389 5.6713662526435
1.35708 33.4242191418376 8.37908542235544
1.43861 16.594253780361 5.90395277784989
1.45176 5.75293352881688 3.47621646359204
1.46491 8.48774112856039 4.22237031262292
1.46754 7.63330430056457 4.00420376025171
1.47017 21.260605221645 6.68262848283731
1.52014 11.323616477047 4.87700989368745
1.52803 0.511557438854259 1.03659818006948
1.53329 14.6180287934837 5.54126728516033
1.56222 1.40009638660858 1.71495073853926
1.56485 31.412871268682 8.12320149120827
1.56748 13.9546149179002 5.41418464789046
1.59115 1.56027978881623 1.8104307313507
1.59641 15.433899881399 5.69403278610744
1.61482 6.36633158902339 3.65705604327091
1.64638 15.3475052751778 5.6782447019171
1.70424 1.50390079506855 1.77753322720865
1.7095 3.31322230507523 2.63834707978354
1.74369 5.78020356629226 3.48472485895184
1.74632 51.8397858965228 10.4358488233788
1.74895 3.19857896767162 2.59223261807452
1.82259 30.5281586887221 8.00818573446755
1.82522 10.3480276863946 4.66243693514818
1.841 10.6141033609542 4.72202107643314
1.85678 1.97235851778724 2.03554768337501
1.85941 20.2723219778363 6.52590046592463
1.88834 1.8250919887315 1.95810014902108
1.8936 0.8040214212705 1.29965184014993
1.91727 1.61303778218467 1.84083112644527
1.93568 17.0181839128059 5.97923464810876
1.94883 23.3178091351538 6.99891859214243
2.08296 4.36858958780429 3.02937626927313
2.08559 2.57058085131892 2.32379775840788
2.09348 21.4776572878369 6.71701694791817
2.104 9.47327931861599 4.46101156820987
2.13556 13.2763158673256 5.28106164447847
2.15923 15.6992191694279 5.74276345237264
2.16449 10.090001663677 4.60391608205553
2.16712 9.8834877247531 4.55655726638017
2.17238 5.73665346830995 3.47144993156622
2.17501 5.6192403158166 3.43574038462643
2.18027 20.9001344142929 6.62606901219039
2.18553 12.6749634619435 5.16005881408693
2.18816 36.0660085760612 8.70422830513157
2.20131 4.54326454881454 3.08933671680301
2.20394 4.45030357873964 3.05757629074226
2.20657 4.72699898144533 3.15120377432823
2.23287 9.15160982308883 4.38475148570398
2.2355 5.21713548665804 3.310652089138
2.25391 7.55085725769081 3.98294553461898
2.25654 3.96780111513422 2.8872370037651
2.26706 14.8457805886673 5.58488206863204
2.27495 8.9275967051898 4.33095349120069
2.28021 0.484013566815735 1.00843406102545
2.30651 13.8047229712599 5.38575048134111
2.30914 13.5222886422974 5.33039238325846
2.36437 14.3960413288908 5.50036194199536
2.37489 1.4242842430001 1.73011451697599
2.37752 14.09689128993 5.44301947209274
2.38015 12.44187856068 5.11355449990622
2.38541 4.62486151748665 3.11768814127914
2.40119 4.68677643658402 3.13856123665223
2.40382 20.0059199133525 6.48445858982668
2.41697 10.389335760395 4.67296702049492
2.4196 16.5143053826377 5.89155388345143
2.42223 19.5047218764263 6.40280761400464
2.42486 3.26024036478016 2.61773846842348
2.52217 7.11413614848906 3.86732741336736
2.54058 45.5809324791313 9.78952089967949
2.54321 97.8174079215714 14.3410438687215
2.54584 41.7358837634891 9.36764340727991
2.54847 9.94656975461617 4.57314596752233
2.55373 20.1658780400768 6.51167435083135
2.55899 34.6784379289539 8.53924700909532
2.56688 20.6160307574787 6.58416795977861
2.56951 41.1603669077072 9.30338185313075
2.5774 22.1124408014717 6.81911682061985
2.58003 17.4421370120174 6.05637125224957
2.59844 2.52803813995953 2.30581482587678
2.60107 2.47633303183245 2.28212958333915
2.61159 13.5166102300289 5.33191989269598
2.62211 22.5793213660342 6.89158484705104
2.62737 18.0249840139699 6.15755189865874
2.63 33.2824556430105 8.36723185922588
2.66156 5.41384574865529 3.37496199910843
2.66419 5.30312615822414 3.34029953339356
2.66945 26.6095861628193 7.48247826001239
2.67208 6.17243557099808 3.60377917351859
2.67471 4.24524542113633 2.98871686626577
2.67997 3.13961948932121 2.57027061483588
2.68523 5.13401169258018 3.28681862313621
2.69575 21.4231903854595 6.71433992018431
2.71416 5.75268769213675 3.47928120122664
2.71679 5.63488541181561 3.4434538491162
2.72205 8.77025060821513 4.29588754957155
2.72468 10.1711043305388 4.62624413734945
2.73257 6.44473784589597 3.68247571867642
2.7352 18.1130524040794 6.1734889592636
2.74835 18.3279284800987 6.20982691154492
2.75361 14.6688927897536 5.55541684825802
2.77202 21.0793690171176 6.65932049462788
2.77465 14.3864032783461 5.50142020710436
2.77728 17.2888624024223 6.03086354051495
2.81673 13.865744838522 5.40079977251534
2.82462 32.7065930665524 8.29484421556367
2.85092 0.30913381673739 0.806450142039769
2.85355 19.395777796735 6.38791653826126
2.86144 12.8090341467655 5.19120201860162
2.87196 2.60935531705999 2.34305143472259
2.87985 5.97848192451272 3.54662096515674
2.88248 24.5821843399434 7.1916893681912
2.96401 0.602844860125865 1.12635001722209
