-0.19988 15.6469305369504 5.7662432837671
-0.19199 0.0640145119663206 0.368774721086654
-0.18936 12.843399516673 5.22327746338831
-0.17358 2.3091832013664 2.21421260991291
-0.17095 2.23626647716611 2.17887876753834
-0.16569 2.14843929677318 2.13547828218576
-0.16306 47.2838944092675 10.01777780777
-0.16043 20.4031301922668 6.58027940278508
-0.1578 1.37963104398253 1.71103372614104
-0.15517 2.57554589516837 2.3377221552889
-0.15254 2.49421814555425 2.30041725773935
-0.14728 1.8888343389925 2.00169837664101
-0.14465 40.2492791019637 9.23978581298093
-0.13939 18.0881146985744 6.1935806197782
-0.13676 23.5456103049802 7.06612414271628
-0.13413 9.17617793589054 4.41101304950073
-0.1315 14.4779584707945 5.54041419367823
-0.12887 13.2288746467643 5.29579492916503
-0.12098 1.26768366310907 1.63914948817848
-0.11572 18.6398655452934 6.28487676504264
-0.11309 34.3645858392195 8.53320275421722
-0.11046 2.92923755538968 2.49123634907467
-0.10783 1.72121806792569 1.90957495092309
-0.10257 22.7290811881925 6.93860153068277
-0.09994 37.128875765666 8.86785861662903
-0.09468 7.44313929878999 3.9701923261357
-0.09205 7.20824582764191 3.90691147616445
-0.08942 20.1669732692073 6.53468173989756
-0.08679 30.1978322713874 7.99608249533816
-0.08416 10.3306535212019 4.67668997731352
-0.08153 53.8890526136119 10.6809592354786
-0.0789 69.991749134003 12.1721895275672
-0.07627 42.6520319427157 9.50168095311105
-0.07364 4.43819011379871 3.06491778179337
-0.07101 12.3515060377506 5.11282739715264
-0.06838 2.54999615407408 2.3230375623748
-0.05786 1.49786435583499 1.78017986100927
-0.05523 10.5126331286919 4.7159444966038
-0.0526 45.2195711780776 9.7805086129582
-0.04997 52.7675710478062 10.5649406124244
-0.04734 30.9129134022274 8.08609360213845
-0.04471 75.907679280126 12.6705929423035
-0.04208 40.3796487023232 9.24103543117722
-0.03945 61.1995048470217 11.3762363348329
-0.03682 60.655098004186 11.3251402552335
-0.03419 90.3280680013311 13.8199533730444
-0.03156 145.824241527116 17.5588214040492
-0.02893 138.57964569902 17.1165211885812
-0.0263 194.719001370733 20.288746919052
-0.02367 173.472792134328 19.1492610956323
-0.02104 150.199710627511 17.8178854112625
-0.01841 206.112420896531 20.8717551869642
-0.01578 271.209696229984 23.9411369748636
-0.01315 249.73643867866 22.9730361875802
-0.01052 270.638265479664 23.914280204372
-0.00789 272.639814280876 24.0017343022503
-0.00526 304.339495326524 25.3578491855294
-0.00263 308.353649085816 25.5236671821365
-0 349.38695874986 27.1680355152258
0.00263 281.399229914354 24.3811850972803
0.00526 306.345937704752 25.4382885760581
0.00789 316.875937449998 25.8711017817094
0.01052 283.287915350479 24.4609198408544
0.01315 196.174116118433 20.3548580552438
0.01578 195.443562549225 20.3163822869889
0.01841 132.583492077553 16.7328101019308
0.02104 76.8307912062988 12.7373848903106
0.02367 36.2988138213908 8.75482157296879
0.02893 13.2341829580344 5.28599288998822
0.03156 74.8119602229223 12.5675894806938
0.03419 26.8927634952296 7.53481590830096
0.03682 32.964484606924 8.34192988080373
0.03945 49.1831749568162 10.1892010086164
0.04208 42.7802992108951 9.502594943626
0.04471 63.9519565797639 11.6181153760307
0.04734 38.0569913731079 8.96219627053505
0.04997 17.7542672022712 6.1212068810171
0.0526 36.8237658309573 8.81532317707385
0.05523 21.0016979209595 6.65717231049185
0.05786 47.5712388323669 10.0189747098913
0.06049 8.40113666204764 4.21025624916375
0.06312 8.72766008160231 4.291181364612
0.06575 38.8265146464299 9.05066760708803
0.06838 51.1687714722109 10.3898041194673
0.07101 50.4488850693169 10.3161845648469
0.07364 17.3072393735682 6.04220796279623
0.07627 45.6486164470562 9.81259850045574
0.0789 71.7687361496103 12.3034333035717
0.08153 13.5485038045831 5.34555483260033
0.08942 19.3328625511913 6.38499479027638
0.09205 70.2800751096956 12.1735437648537
0.09468 83.1689952518356 13.2425032163449
0.09731 27.1343483869024 7.56375588983463
0.09994 95.2562081713558 14.1714045535803
0.10257 126.593968956871 16.3366417673094
0.1052 57.0580465085277 10.9674698015496
0.10783 88.2227200704397 13.6373485190763
0.11046 142.726359382674 17.3453685149913
0.11309 88.4842644547387 13.6570273390872
0.11572 65.1929118548977 11.7223602716959
0.11835 124.372322527463 16.1908058777701
0.12098 127.339386534277 16.3824815826963
0.12361 104.656879358392 14.8516231255547
0.12624 154.206703301729 18.0274115546715
0.12887 168.736245490067 18.8572194481207
0.1315 183.230780844183 19.6500833780745
0.13413 205.001829249448 20.7843174056802
0.13676 225.292997501159 21.7882555730217
0.13939 231.462879021784 22.084166131444
0.14202 223.667579914849 21.7086874106063
0.14465 248.957739510761 22.9026943470025
0.14728 233.921058733074 22.1998549379587
0.14991 351.46573627669 27.211262213894
0.15254 390.837205099323 28.6943806183198
0.15517 537.535627121867 33.6507111184256
0.1578 661.524397164872 37.3297658581692
0.16043 842.174416748693 42.1187107253521
0.16306 1059.57769417227 47.2424229252654
0.16569 1244.21517537109 51.1923680387287
0.16832 1384.6272321366 54.0027180743375
0.17095 1468.52388240225 55.6136505959005
0.17358 1495.28029504858 56.1169313032379
0.17621 1588.46858687424 57.8380491372765
0.17884 1709.31200362914 59.9966087453744
0.18147 1755.53356430119 60.8012224651324
0.1841 1739.34663020679 60.5191087014899
0.18673 1806.31945205143 61.6720582589512
0.18936 1805.71910822686 61.6606317998458
0.19199 1742.72250790747 60.5743417260679
0.19462 1701.02991203916 59.8442278424911
0.19725 1610.18928799007 58.223253226914
0.19988 1487.28578213204 55.9560337282695
0.20251 1256.55452497788 51.4318480149492
0.20514 1060.52338362683 47.249078424029
0.20777 864.079742747734 42.6483159580746
0.2104 696.845225707035 38.2987761831705
0.21303 533.775020399308 33.5187343613363
0.21566 418.714546027524 29.6865185584912
0.21829 429.181962741913 30.0547231618653
0.22092 382.155529974694 28.3598435803898
0.22355 321.129719344298 25.9965527317834
0.22618 223.747971131437 21.6993547790324
0.22881 181.762161240815 19.5573839237006
0.23144 139.602580301557 17.139474394141
0.23407 111.292121165946 15.3029352591453
0.2367 94.2161302100628 14.0798139456876
0.23933 31.6801748548612 8.16431633129132
0.24196 27.8125809052329 7.64959491150898
0.24459 44.6279477910451 9.68975960564874
0.24722 45.4107131847599 9.7741828315074
0.24985 39.5806905701316 9.12503907874122
0.25248 1.03148552137477 1.47304620515243
0.25511 13.4957455061865 5.32813221543524
0.25774 0.730197406525786 1.23933423745328
0.26037 5.60858771938492 3.4346842127006
0.263 24.5161808462342 7.18088901380446
0.26563 50.0216926015519 10.257056509513
0.26826 15.0198468124035 5.62041078466062
0.27089 25.8343525201471 7.37099042908834
0.27352 30.6944989808423 8.03431917111732
0.27615 25.5301921584502 7.32719242526451
0.27878 47.0286291474435 9.94451171826354
0.28141 3.637839278965 2.76576837595135
0.28404 21.2262316726809 6.68070432040314
0.28667 47.2753349998849 9.96999306586029
0.2893 26.0546769700225 7.40137046768316
0.29193 60.047010129057 11.2358708230813
0.29456 67.4687203915537 11.9097879019787
0.29719 67.5642080153837 11.917986316109
0.29982 37.6970474146243 8.90204840696678
0.30245 47.4428916434617 9.98656505809066
0.30508 80.3237931734224 12.9941243940981
0.30771 45.9229103365396 9.82503197546278
0.31034 37.810483030322 8.91496697564518
0.31297 46.1214400612047 9.84599045656142
0.3156 91.1571848849591 13.8419663256289
0.31823 80.332009316344 12.9939444470298
0.32086 112.612077109846 15.3845050912395
0.32349 97.9044781432829 14.344541729974
0.32612 39.8721181585995 9.15407377042481
0.32875 34.4053885057757 8.50329686787025
0.33138 77.8189125319905 12.7882477429574
0.33401 96.3877953013685 14.2322590367976
0.33664 98.0827390262705 14.3566615632942
0.33927 127.783304522806 16.3865897541769
0.3419 137.794720167495 17.0161837100143
0.34453 89.5688319946566 13.7188809004975
0.34716 70.4950363019683 12.1706522275174
0.34979 63.5503291461603 11.5554759666823
0.35242 58.7931714831064 11.1144181876597
0.35505 53.8096332673985 10.6328003231959
0.35768 63.4862770118716 11.5492005948081
0.36031 109.249183686027 15.1500981837516
0.36294 167.661573936146 18.7679772694473
0.36557 88.079173190939 13.6029050334173
0.3682 40.2526326761685 9.19573714187052
0.37083 77.2495637557814 12.7388954438077
0.37346 39.4794912847495 9.10675978304094
0.37609 52.4003707635441 10.4915496082891
0.37872 10.5621092791466 4.71023026043554
0.38661 51.8470041360184 10.4354623756827
0.38924 19.3682328819136 6.37806899959911
0.39187 78.3836308342086 12.8307266600524
0.3945 128.384179241759 16.4205866819013
0.39713 50.3575737802486 10.2839430850354
0.39976 52.315460083311 10.4818186207525
0.40239 12.206054852642 5.06295464628118
0.41028 13.2121119120399 5.26729802008182
0.41291 45.8338841224899 9.81047940928571
0.41817 5.89435502600051 3.5180767074172
0.4208 5.70859698711102 3.46215877648288
0.43395 7.06258648819483 3.8507012484808
0.43658 10.5564809165899 4.70774194265036
0.43921 10.2237979688848 4.63291490842127
0.44184 6.57253739806443 3.71458119784454
0.4471 37.1080223603558 8.8260723956012
0.45236 8.68164248220249 4.26898654732279
0.46025 51.3904240774324 10.3860479445861
0.46288 23.5649683891317 7.03295406839441
0.47866 2.04444212727028 2.07139310735409
0.48129 1.98001239855403 2.03846940802571
0.48655 17.7212330054374 6.0982814677856
0.48918 21.606676800831 6.73363563166423
0.49181 4.30387268394214 3.00524898460891
0.50496 4.73025011416668 3.15042283362455
0.50759 10.2721692222555 4.64251376974572
0.52074 0.742001555053441 1.24767405257386
0.526 40.5658663619062 9.22507190075304
0.52863 5.80678212275448 3.49021732961972
0.53126 11.960051563713 5.00894835558976
0.54704 9.55800168543217 4.47749917812925
0.54967 2.05903452712621 2.0781605689023
0.5523 5.68437580788238 3.45289998531786
0.55756 1.81972236721343 1.95360077266107
0.56019 6.22316020956081 3.61271801216541
0.56282 5.00176895267626 3.23881176739002
0.57334 10.3858649472324 4.666878739308
0.57597 35.9047936177833 8.67714230161398
0.5786 26.6966339803641 7.48210979901445
0.58649 23.9729797599652 7.08994384848636
0.6049 0.333864330861019 0.836629540290866
0.60753 3.40582902140397 2.67210922873775
0.62068 5.92715145612802 3.52483513778334
0.62331 5.74034589324131 3.46880135019402
0.62594 4.0582176061664 2.91657175322567
0.62857 4.67487887047412 3.13029150566083
0.63909 14.54656993345 5.52151562618794
0.64698 17.0211200393899 5.97249610526367
0.69432 20.2074084997032 6.50608757534054
0.70221 13.2299832599202 5.2641740472611
0.70484 12.8131457662364 5.18054314473061
0.71536 0.823244256379795 1.31310375200625
0.71799 0.797306273156751 1.29224272837567
0.72588 9.7264240413474 4.51334531549106
0.72851 9.41997327863986 4.44164267345491
0.73903 28.8950739127858 7.7788959201873
0.74166 27.9846758370336 7.65531410056247
0.75218 1.05391969524982 1.48557269376978
0.75481 1.0207138104991 1.4619716852498
0.7627 15.939063347605 5.77708581571857
0.76796 13.0124071291625 5.21975210378735
0.77059 8.12876765718368 4.12553456089677
0.77322 19.7777929119085 6.4350748827503
0.77585 54.3233445706189 10.6648502230755
0.77848 4.17897378048748 2.9579658195916
0.78374 26.8223516801552 7.49377052261996
0.83371 9.29590363245202 4.41097009114671
0.85212 0.00491125828670721 0.10138194970899
0.85475 0.00475651351714729 0.0997711970132362
0.86527 3.58012580215915 2.73713496087858
0.8679 5.68535673122043 3.44923267146955
0.87579 6.61352904977515 3.72006007119588
0.87842 6.40514882622278 3.66095588507565
0.88105 5.92366335532377 3.52064009404572
0.88368 19.5750995528649 6.39992667646725
0.8942 4.75272162661979 3.1534100550015
0.89683 7.27360101659388 3.90104139768273
0.90998 8.29571969982366 4.16598743552628
0.91261 6.61240873836498 3.7193576699458
0.91787 38.5575681219168 8.98126002989946
0.93891 1.81138377723141 1.9465479555746
0.94154 10.5767342259129 4.70362666099604
0.94417 6.92882751450155 3.80701071975077
1.00466 17.8532225343426 6.11013733880435
1.01781 7.15208978112816 3.86724884364015
1.02044 6.9268053239844 3.80584174824654
1.0257 5.61749019909823 3.42730367788273
1.02833 20.9898789379925 6.62498634467131
1.04937 0.575537046245517 1.09699696019805
1.052 0.55740814168761 1.07957801411992
1.05989 6.54547536448641 3.69942101521087
1.06252 1.88846238988362 1.98708263513785
1.0783 56.7962869707845 10.8971593393438
1.11249 6.52173119006461 3.69244300933042
1.14405 14.3659499475578 5.47993582117412
1.1572 12.0200160341747 5.01245858230856
1.1835 1.84518375118507 1.96380352236281
1.18876 14.9184173337348 5.58387374175202
1.19139 14.4484605277887 5.49519358701231
1.20191 14.4929896897136 5.50355974405483
1.20454 14.0364915435278 5.41617706085458
1.2098 11.2073225344971 4.83963106540848
1.26766 12.5743607925743 5.1260110777882
1.27818 1.93636967289543 2.01152863625464
1.28081 1.87537817244803 1.97959062045811
1.30711 0.624982911305566 1.1427579259523
1.34393 6.47228439072624 3.67735558804196
1.35445 31.3160267368724 8.08884189659583
1.38075 7.52280625295448 3.96445441457291
1.40968 5.68913413669144 3.44749576325605
1.41231 5.50992420221626 3.39274934321877
1.4202 13.3236048384992 5.27575671121786
1.42283 5.55123012472882 3.4053896548603
1.42546 66.4276740443638 11.7799928850292
1.43598 12.9240961520024 5.19593642941028
1.47017 5.82993331740579 3.48958306210806
1.4728 5.64628814618244 3.43416828868463
1.4991 1.7217771088958 1.89631989237483
1.50173 6.12455817448051 3.57650890073674
1.50436 6.8972806748721 3.79542204701536
1.50699 27.3083910317223 7.55211128699095
1.50962 9.41967199188836 4.43544719179259
1.51225 9.59280114833522 4.47601405960413
1.53329 6.05047782102243 3.55473428887522
1.5517 3.1540059125928 2.56648036297253
1.55696 0.759144150438855 1.25912026981324
1.55959 0.735233827228903 1.23913044833738
1.57537 1.46528056060557 1.74928217853747
1.58589 11.5462393128137 4.9103963418447
1.58852 6.76960173104542 3.75990635023414
1.61482 0.0531605975523369 0.333184612942649
1.61745 5.42443395124945 3.36563379669862
1.62008 5.20372953239207 3.29645113826447
1.63586 4.4121370683246 3.03536979754739
1.64375 3.54481941271016 2.72071518848852
1.64638 7.38636697015691 3.92736351520177
1.64901 3.82868615460459 2.82754927818455
1.65164 1.99220901684517 2.03963467635402
1.67794 3.79931077585288 2.81665543150487
1.68057 3.67965353308823 2.7719437564061
1.70424 12.6443172598844 5.13838118507916
1.7095 8.8349185648004 4.29516957583271
1.71213 8.5566899827811 4.22699899258834
1.72528 3.00781291430393 2.50614207093035
1.72791 2.91309109925521 2.46636595412992
1.73843 36.9443473755925 8.78325129632902
1.75421 11.367988907364 4.87219169804981
1.75684 34.6868549676172 8.51069869467153
1.76999 0.163352680688818 0.584045816860871
1.78051 21.6940051391545 6.7306108215119
1.79892 1.51767590805015 1.78022778234048
1.80155 1.46988010565331 1.75197146846545
1.80944 26.0139731024022 7.37035313065351
1.82259 18.4137746056279 6.20089670960833
1.82522 17.8338418042626 6.10246317407473
1.82785 7.01886394049406 3.82838627685866
1.83311 5.18381204614642 3.29007816019174
1.86204 25.4371761290246 7.28805988777174
1.8673 13.1100145035922 5.23212755654411
1.88045 6.68595876165665 3.73642885041991
1.96987 6.72170133205834 3.7465466293184
1.9725 23.1283445034716 6.94967559729299
1.97513 16.0950027993147 5.79746999425047
2.06981 19.1232381266525 6.31973149057985
2.07244 18.5210510816544 6.21944177173934
2.08033 3.71466351677865 2.78535384980584
2.13819 2.5309386046172 2.29908966000179
2.16975 0.164179103510233 0.585551537679778
2.18816 3.53540737927298 2.71719443180134
2.19868 20.4850101711021 6.5405776092759
2.20131 19.0760669816242 6.3116389424155
2.24076 7.14218975031262 3.86205634270629
2.24339 6.91727289474421 3.80076233531403
2.24602 13.2837860597986 5.26701482663898
2.32492 10.3357747548388 4.64599498753306
2.33018 3.55872774307811 2.72617566514513
2.36174 4.88543768360975 3.19413751725901
2.36437 4.73157303304322 3.14343339627571
2.42486 45.1467327021426 9.70980019794028
2.47746 1.6465630116858 1.85433530991783
2.48009 1.59470877927248 1.82490340329176
2.49061 9.6867153640169 4.4976727164362
2.49324 9.38165738186965 4.42628590590353
2.51954 13.1081999277355 5.23203988076642
2.52217 20.761756831107 6.58463198054863
2.5248 7.81233967111226 4.03914975445949
2.52743 5.74814110768567 3.46467934028522
2.53006 5.56711424626455 3.40968565484707
2.56425 17.2015687544006 5.99352770717153
2.59581 1.37987912137179 1.69753323459911
2.60107 0.664391974037589 1.17790432182943
2.62737 7.34022735311509 3.9152997588459
2.63 20.2952081149967 6.51040880372117
2.64052 34.6973403612945 8.51264597453263
2.64315 5.74130435968445 3.46276490860664
2.64578 4.63241773412907 3.11044712974398
2.64841 3.658673656576 2.76428009251239
2.65104 3.54347190831735 2.72041994293098
2.65367 9.56664076401604 4.46994757209684
2.6563 3.61539191612901 2.74790447286609
2.66419 3.19087348989943 2.58156142388562
2.66682 3.09040150435564 2.54060042579663
2.67997 41.4290439390052 9.30224097343944
2.68523 17.2518029746992 6.00281365196958
2.70627 7.68768009972132 4.00724882361259
2.72731 23.1072760357306 6.94762776924816
2.72994 1.92028001074991 2.00283944072884
2.73257 1.85981939246891 1.97106492083147
2.74309 18.0098763827992 6.13377247465641
2.74835 8.37806855047573 4.18357566090333
2.75098 8.1142824316179 4.11720433384349
2.76413 7.44300081781082 3.94330015527515
2.77202 39.3820413358825 9.07068277776374
2.77465 14.761715918139 5.55342584280153
2.79043 12.4956473191494 5.10954306128793
2.80095 9.67872617269678 4.49695496012273
2.80358 9.37396045534146 4.42559874082218
2.84303 10.8355690400518 4.75827313516498
2.84566 10.4943681332434 4.68276670770217
2.85092 1.5433902106805 1.79582487341832
2.86144 28.8883676364403 7.76946451454423
2.92193 14.4888972766113 5.50279155763642
2.92719 3.60670790198744 2.74553231197337
2.92982 9.93297041673274 4.55631229533246
2.93245 9.62027869900966 4.48405135911451
2.93508 15.754445279423 5.73827223620322
2.93771 8.20784895845151 4.14187613555886
2.94034 7.94946437434033 4.07618795674734
2.94823 0.858770078887239 1.33977613051722
2.96401 2.85756631687872 2.44404374063779
2.96664 0.348890919909714 0.854001211763734
2.9719 15.6638696797475 5.72227678671048
2.97453 22.7221568957844 6.89202661094596
2.97716 7.31366961409289 3.9101433160269
2.97979 5.3373991518198 3.34035547454667
2.98242 5.16937683768401 3.28737902190803
