-0.15254 0.0544835469116238 0.354793735827902
-0.14991 1.24240233973737 1.69267386916063
-0.14465 0.500922258297072 1.07281021410345
-0.14202 15.6946187948718 5.99942720366266
-0.13939 30.8160992919094 8.39883697390128
-0.13676 33.1954662859425 8.70893139241713
-0.13413 11.4041621365138 5.09978164460256
-0.1315 22.6342426586139 7.17788542948633
-0.12887 52.5530390177226 10.9271106885922
-0.12624 13.8198634105494 5.59822593483084
-0.12361 0.14653118656605 0.575910416843445
-0.12098 3.34126034979567 2.74748697981587
-0.11309 76.4052590231472 13.1011436894956
-0.11046 1.67861231409118 1.94003809820764
-0.10783 38.2756753778553 9.25514388625596
-0.1052 0.316356912376251 0.840613396605655
-0.10257 7.21350981928449 4.01020029397789
-0.09468 0.167906227620818 0.610469261891737
-0.09205 3.83077072472114 2.91396019725905
-0.08942 3.72010629689174 2.86964357780821
-0.08679 11.6179234395797 5.06785172062147
-0.08416 0.0835958672162028 0.429596781280061
-0.08153 34.8261407502158 8.76253711778273
-0.0789 1.11202903203671 1.5647445461636
-0.07627 41.0809206828536 9.50414959860554
-0.07364 30.7816352316911 8.22141224169656
-0.07101 38.5485286639513 9.19414803673136
-0.06838 149.745371679709 18.1088513787448
-0.06575 36.2590272917059 8.90488857328529
-0.06312 71.1524355556912 12.4658276088518
-0.06049 115.001503781597 15.8373825962653
-0.05786 133.891451973226 17.0770595020639
-0.05523 177.656458244996 19.6576583099623
-0.0526 179.16354604611 19.7274213391607
-0.04997 104.338355077951 15.0442762172001
-0.04734 92.4592080047095 14.1523250821202
-0.04471 188.239916824336 20.1795544190887
-0.04208 174.33753645374 19.4067922529476
-0.03945 197.254944343146 20.6288224855148
-0.03682 129.505979049784 16.7034882428313
-0.03419 340.503850912015 27.0660354363139
-0.03156 322.706920820151 26.3310832830772
-0.02893 343.723350540608 27.1562405957984
-0.0263 522.136507865512 33.4470091116237
-0.02367 716.899845136092 39.1646469472456
-0.02104 1034.83770050163 47.0219236702958
-0.01841 1251.08820817944 51.6662710334217
-0.01578 1180.41301192017 50.1508859860072
-0.01315 1327.43029127805 53.1453806064556
-0.01052 1383.33579081566 54.2152032197771
-0.00789 1511.77489424056 56.6367141845367
-0.00526 1528.75629603029 56.9141682620903
-0.00263 1577.47817502644 57.7735825272469
-0 1624.09625422477 58.5800086419437
0.00263 1543.64414431789 57.0833828225562
0.00526 1579.85356592726 57.7230657738393
0.00789 1653.03885248109 59.0183673993702
0.01052 1508.36764135709 56.3512790370107
0.01315 1373.47067490785 53.7482349906819
0.01578 1199.79569378361 50.2125551663566
0.01841 975.890415140867 45.2650685821836
0.02104 784.763007962248 40.5728695778884
0.02367 635.110301867505 36.483346800118
0.0263 475.679939696045 31.5595616920586
0.02893 432.639631864763 30.0843039927208
0.03156 422.436996873757 29.7139841122388
0.03419 197.235059395 20.2943379295979
0.03682 230.915826440621 21.94888269292
0.03945 100.432475656623 14.4685566785381
0.04208 110.042988484984 15.1381112458124
0.04471 65.6221027051042 11.6847055793106
0.04734 18.0237515787892 6.12092865414459
0.04997 83.7882225431124 13.1913136642391
0.0526 75.1118208567698 12.4839597557609
0.05523 103.763589705973 14.666354694143
0.05786 91.6719085885037 13.7790450517671
0.06049 130.483997168339 16.4316327938084
0.06312 98.7090085132781 14.2850386193858
0.06575 98.4069604456184 14.2566234589803
0.06838 142.934774329897 17.1740721898025
0.07101 31.0632077370233 8.00254020207496
0.07364 154.18412939726 17.8206994964193
0.07627 121.998595459546 15.8446386173141
0.0789 42.4738521465027 9.34470458293621
0.08153 53.2609791268501 10.4594528712092
0.08416 111.950609490944 15.1571337828904
0.08679 181.237885286251 19.2764749706314
0.08942 74.6002055174755 12.3615299347755
0.09205 98.9582082710562 14.230724985196
0.09468 130.458857819542 16.3318963432943
0.09731 144.108996068613 17.1571008175397
0.09994 220.725053201083 21.2237691357977
0.10257 169.088629130164 18.5697125645802
0.1052 236.81659233021 21.9700502738564
0.10783 332.579387343388 26.0285268464526
0.11046 320.474232351081 25.5432027020782
0.11309 377.73742719188 27.723662199866
0.11572 408.558894374335 28.8243585962673
0.11835 447.813002947757 30.1687506112709
0.12098 396.26133514485 28.3711155089594
0.12361 445.833673697192 30.0848959570106
0.12624 437.528827989548 29.7948953199661
0.12887 533.957187836502 32.9054718491081
0.1315 631.940702654679 35.787336344654
0.13413 657.22240359053 36.4857792567497
0.13676 755.86392588789 39.1169893105028
0.13939 626.43434148853 35.6006137841523
0.14202 719.148148757437 38.1333460020283
0.14465 763.621549298639 39.2835539871867
0.14728 847.656081426611 41.3768482954859
0.14991 959.634817930543 44.012534211536
0.15254 1005.90714612693 45.0482644846328
0.15517 1155.05895589572 48.25883820216
0.1578 1461.05036388954 54.2603983320174
0.16043 1903.38937658391 61.9141238081406
0.16306 2423.46740805492 69.8425291320592
0.16569 3043.01593061853 78.2400037296867
0.16832 3849.60300526286 87.9751536341237
0.17095 4419.29387335162 94.2331574337975
0.17358 4971.72736309587 99.9208507915438
0.17621 5416.0176196163 104.259971513411
0.17884 5665.93744331594 106.607677050838
0.18147 5720.46369743402 107.088580703128
0.1841 6041.61094565058 110.021814797666
0.18673 6067.55354305937 110.22599919058
0.18936 6236.27060788745 111.715761023673
0.19199 6389.4480687237 113.046809282452
0.19462 6429.76388121886 113.370155152559
0.19725 6201.54290232116 111.307806506312
0.19988 6051.11514953542 109.917768711481
0.20251 5563.64115355431 105.377535226971
0.20514 5093.85740884951 100.813449446599
0.20777 4428.16101361313 93.9795502751947
0.2104 3730.98536213839 86.2501751360294
0.21303 3072.2042539588 78.2527815577363
0.21566 2460.55586613867 70.0193151408721
0.21829 2004.0091242009 63.1797013775301
0.22092 1644.05412301065 57.2153066570625
0.22355 1388.21971280541 52.5665780384751
0.22618 1226.78696545014 49.4073524716752
0.22881 1059.48800408501 45.9072635721207
0.23144 913.518587706727 42.6204893588255
0.23407 771.285803073269 39.1555866018583
0.2367 655.714664093995 36.0968926013037
0.23933 666.944159385123 36.3984914370776
0.24196 668.473107978834 36.4340014379799
0.24459 605.119584119643 34.6586572586921
0.24722 547.566835037656 32.9636959833238
0.24985 428.21710230096 29.1457687186844
0.25248 467.083613027405 30.4345565746309
0.25511 480.047920493112 30.8487866711172
0.25774 492.960099019211 31.2555954940648
0.26037 598.542000600758 34.4346193503666
0.263 652.826468744151 35.9561265821572
0.26563 585.983674190577 34.0598561047685
0.26826 541.756311564094 32.7437218432331
0.27089 519.85595185396 32.06959973944
0.27352 594.201361579887 34.2803148461331
0.27615 645.886712803371 35.7340369455727
0.27878 667.325668225018 36.3160598264319
0.28141 571.926645500915 33.6144375372977
0.28404 752.203767070564 38.543334660618
0.28667 824.110459647885 40.3366727749025
0.2893 862.989382659183 41.2701345549692
0.29193 807.201944794305 39.9070874401744
0.29456 946.812916615579 43.2132339406871
0.29719 1057.54229286073 45.6624571334407
0.29982 1151.49707361998 47.6395359736154
0.30245 1208.70876044855 48.8021611863079
0.30508 1379.5108060373 52.1307934335372
0.30771 1538.4908839154 55.0468911667014
0.31034 1752.44372676026 58.7436483271555
0.31297 1924.94068782356 61.5603503154978
0.3156 2110.67940937209 64.4550670926724
0.31823 2421.06725480948 69.0244360152426
0.32086 2606.46200625675 71.6108190521327
0.32349 2624.84893998872 71.8552642614259
0.32612 2814.22362605606 74.394223951741
0.32875 2916.47204283344 75.7255255576187
0.33138 2935.38635993877 75.9625412485542
0.33401 2932.73860654736 75.9201363449361
0.33664 2863.67220991022 75.0128032921595
0.33927 2850.68159939093 74.8344431632655
0.3419 2849.7609347306 74.8143335592856
0.34453 2763.16279998753 73.6609381896034
0.34716 2822.57807310131 74.4406905165884
0.34979 2792.65647273133 74.0371276242856
0.35242 2687.14730642243 72.6172708023398
0.35505 2582.69339281266 71.1842613835704
0.35768 2432.77416128045 69.0799185110419
0.36031 2295.36535161869 67.0934589527931
0.36294 2074.53245168178 63.7775349902866
0.36557 1967.08811630873 62.0973193253836
0.3682 1800.3845382468 59.4014305847556
0.37083 1664.09782755978 57.102747622507
0.37346 1593.72795001605 55.8763430918488
0.37609 1512.00020195059 54.4189423818629
0.37872 1447.71756500745 53.243840785778
0.38135 1295.81095799821 50.3676339444493
0.38398 1251.78070464732 49.4991924800935
0.38661 1197.58848605978 48.4106646239225
0.38924 1023.57727233485 44.7507993980841
0.39187 938.394520319719 42.84364809917
0.3945 838.589365969627 40.4968840652382
0.39713 805.22700576775 39.6788713675805
0.39976 761.462189517999 38.5813586544133
0.40239 769.135698454058 38.7719842010108
0.40502 595.229287614114 34.1055531425483
0.40765 426.099874898509 28.8539356318474
0.41028 393.79555641935 27.7364681825898
0.41291 479.565567476989 30.6059696966225
0.41554 413.93252165081 28.4323862235098
0.41817 315.307474170851 24.8131585770278
0.4208 371.230361797873 26.9217347093682
0.42343 436.075320287677 29.176179538403
0.42606 314.820517937434 24.7882319001802
0.42869 340.950727054341 25.7944462197971
0.43132 337.780696494071 25.6722638927002
0.43395 323.356924084072 25.1162148295312
0.43658 254.456058905431 22.2784951078599
0.43921 267.167282928988 22.8264004118433
0.44184 277.482400321826 23.2610787568312
0.44447 215.903873809034 20.5167552913679
0.4471 310.174283093746 24.589385767581
0.44973 302.950579521751 24.2994811779805
0.45236 344.034033352926 25.8927468830788
0.45499 321.194630832935 25.0165761655186
0.45762 286.234766966478 23.6140907916739
0.46025 289.195363093322 23.7340579873342
0.46288 313.579939310621 24.7125047938654
0.46551 372.743528358764 26.9410163625418
0.46814 427.53898935342 28.8511458760491
0.47077 385.550190088443 27.3956710490546
0.4734 473.487113962924 30.3572087732357
0.47603 500.541423337155 31.2100191764396
0.47866 619.214336834585 34.7104934547828
0.48129 614.995095807409 34.589347547549
0.48392 645.472203321489 35.4332973182181
0.48655 777.194737854809 38.8780047909659
0.48918 880.803051039363 41.3851649218503
0.49181 877.529195125578 41.3049697804902
0.49444 966.816718989214 43.3520689744604
0.49707 1011.33928950561 44.3355825030353
0.4997 1086.88531567396 45.9580994467746
0.50233 1123.65313902961 46.7263767463134
0.50496 1110.04737323979 46.440213919538
0.50759 1275.67244718509 49.7817917222133
0.51022 1283.8213291179 49.937949708867
0.51285 1353.31336729461 51.2690271160807
0.51548 1400.25175329089 52.1478523250985
0.51811 1421.37739749285 52.5370325074973
0.52074 1370.52175422031 51.5859308854557
0.52337 1331.88307522457 50.8509208847593
0.526 1373.86500666891 51.6434524143523
0.52863 1342.9666368576 51.0567669513924
0.53126 1204.52628288991 48.351093347306
0.53389 1201.94681496729 48.2967872148343
0.53652 1126.04960162695 46.744641355269
0.53915 1029.10353660889 44.6848248096944
0.54178 869.784630333068 41.0784302470439
0.54441 825.153575563806 40.0085503680833
0.54704 854.547222796443 40.7127934845282
0.54967 715.968195531818 37.2638031959018
0.5523 704.818037718416 36.9705795254735
0.55493 619.478167526073 34.6583748542108
0.55756 565.140404594528 33.1017388178341
0.56019 534.504305344285 32.1903476125865
0.56282 480.660030807511 30.5243552524869
0.56545 405.535312294367 28.0362072779206
0.56808 471.563485672373 30.2309945840248
0.57071 386.113749371452 27.353783740493
0.57334 352.304768424483 26.1274159082596
0.57597 307.101328394358 24.3924523607492
0.5786 301.514595539223 24.1683057028985
0.58123 285.693043768482 23.5244394658999
0.58386 249.126807540618 21.9663093422338
0.58649 310.4573804625 24.520271179422
0.58912 314.151526491281 24.6644406031629
0.59175 360.175783254114 26.4080505945217
0.59438 248.650862203839 21.9407504086308
0.59701 331.596301021434 25.336039776371
0.59964 252.774212839112 22.1196459049547
0.60227 290.139389019902 23.6972500711493
0.6049 309.424826216878 24.4711850046185
0.60753 212.857168743585 20.2957160762034
0.61016 269.050571300316 22.8170771957674
0.61279 242.003794850519 21.6389883688917
0.61542 302.926575449407 24.209028659749
0.61805 348.025767430797 25.9475995641617
0.62068 279.884596893683 23.2682539553299
0.62331 424.832124920396 28.6659129946403
0.62594 392.305707255887 27.545599120699
0.62857 361.769879467605 26.450806411086
0.6312 399.434992664137 27.7925612973049
0.63383 336.379226948021 25.5036831339743
0.63646 330.639612905537 25.2841618943223
0.63909 314.011055505949 24.639187882702
0.64172 328.873112198175 25.2145314276506
0.64435 404.004689304429 27.9455536017489
0.64698 472.804850023093 30.2303566621317
0.64961 478.581742628319 30.413273457366
0.65224 628.745622020748 34.858234167654
0.65487 644.243677859683 35.2838339725393
0.6575 633.287905827903 34.981149297788
0.66013 640.392064486075 35.1754155035462
0.66276 658.380841118314 35.6646235757602
0.66539 691.689836323527 36.5542211685734
0.66802 651.446139027955 35.4734868723561
0.67065 683.193806708791 36.3261494800399
0.67328 815.082751292031 39.6762883895822
0.67591 831.605517888796 40.0748262705762
0.67854 845.953235005252 40.4174513081705
0.68117 885.061754637536 41.3395086764358
0.6838 875.918688003839 41.1237959665532
0.68643 770.939467639571 38.5792885267373
0.68906 805.413335238489 39.4308605877864
0.69169 785.544306178864 38.939911697583
0.69432 739.109649576852 37.7699862415913
0.69695 666.726090237199 35.8714460956532
0.69958 672.508184665445 36.0252260668319
0.70221 709.419182060814 36.9995081125801
0.70484 646.405158868024 35.3169736266917
0.70747 619.48884993276 34.5727883621875
0.7101 611.829043329558 34.3573208647154
0.71273 531.911682157637 32.0339575338252
0.71536 603.159065705611 34.1109131094407
0.71799 562.673209370133 32.9451976345334
0.72062 444.458375170423 29.2796666467696
0.72325 372.583164612417 26.8070346621093
0.72588 411.423153276 28.1687844949928
0.72851 354.637263197344 26.15185540226
0.73114 293.630607712256 23.7956495337289
0.73377 323.389320925036 24.971596991348
0.7364 234.494883522755 21.2635975146135
0.73903 357.875933115418 26.2677503959015
0.74166 313.107274986961 24.5691306140163
0.74429 255.994779517502 22.2149499545956
0.74692 311.462352223418 24.5029931391324
0.74955 248.33885783073 21.8788893439238
0.75218 271.096671479651 22.8587036440146
0.75481 262.238492446444 22.481448814923
0.75744 235.148027343841 21.2879242776739
0.76007 299.663763871747 24.0306950241856
0.7627 235.466695596071 21.3010263913163
0.76533 232.597751092312 21.1702072566838
0.76796 159.443970556203 17.5272173380765
0.77059 164.352250610542 17.7943986518789
0.77322 173.044185870173 18.2583093012613
0.77585 188.652331285471 19.0633713115342
0.77848 213.066948977482 20.2587771171581
0.78111 186.136342018112 18.9346522614602
0.78374 166.020378677595 17.8817084090134
0.78637 143.788628244777 16.6409126339263
0.789 190.555743705995 19.1563363088307
0.79163 239.780869584568 21.4879634405202
0.79426 186.046487407508 18.9271527700385
0.79689 171.490514319821 18.1710975476456
0.79952 265.744205543653 22.6193454824789
0.80215 373.942585556399 26.8311984862755
0.80478 302.459730237059 24.1301968644729
0.80741 331.811241349076 25.2733090501761
0.81004 303.393906366832 24.1662610441785
0.81267 326.133227396865 25.0549207990858
0.8153 373.79781402668 26.822753769435
0.81793 306.274099451519 24.2789328262671
0.82056 271.181463371128 22.8451456250179
0.82319 312.978057869508 24.5420224460573
0.82582 374.108968474134 26.8313135945213
0.82845 378.074040734084 26.9724735782035
0.83108 403.603226806957 27.867572058041
0.83371 400.492628311795 27.7593026389574
0.83634 328.815257405563 25.1522440859926
0.83897 464.49953796141 29.8939202105614
0.8416 428.449362347057 28.7097524113727
0.84423 466.318368872448 29.9509379136079
0.84686 448.23111190298 29.3636224990644
0.84949 480.289487414318 30.3948245690222
0.85212 508.659914887492 31.2788894186106
0.85475 498.578514064537 30.9666206162819
0.85738 548.871229921463 32.4901512724031
0.86001 569.327161041698 33.0892494937613
0.86264 573.706901514315 33.2154749875486
0.86527 652.77988621014 35.4297653996015
0.8679 524.872974885322 31.7688478259221
0.87053 422.228576748936 28.4929642633814
0.87316 454.125957064837 29.5489087994005
0.87579 393.71179740973 27.5126207149158
0.87842 329.891739733748 25.1836067621956
0.88105 413.163069730964 28.1826883222094
0.88368 444.468383696954 29.2301852432383
0.88631 387.109148851654 27.2783004667929
0.88894 302.656129178819 24.119304892844
0.89157 396.036270604995 27.5897008258961
0.8942 370.113305449434 26.6708168976251
0.89683 280.779342448562 23.2295610484807
0.89946 194.427173433996 19.3297557342424
0.90209 252.940309075753 22.04688628751
0.90472 203.916312920875 19.7950530553428
0.90735 203.449332255265 19.7720301825853
0.90998 155.364543365624 17.2779229030189
0.91261 165.11839652395 17.8117155640894
0.91524 240.444720605562 21.4935467979854
0.91787 147.420241235066 16.829509841294
0.9205 143.537390826049 16.6061086941267
0.92313 178.668575573326 18.5268627258616
0.92576 156.20014091466 17.3225151632053
0.92839 150.080951290241 16.9795223716178
0.93102 73.8332502592579 11.9091596980076
0.93365 247.275602022299 21.7940630000651
0.93628 142.507305529071 16.5446877358222
0.93891 42.6876187288446 9.05489496382141
0.94154 75.5214253082908 12.0437014999013
0.94417 128.326959658231 15.6991553948275
0.9468 112.913534589416 14.7259315792302
0.94943 149.557089554855 16.9475030415756
0.95206 154.210581826342 17.2088459396763
0.95469 180.53321163375 18.6193987726577
0.95732 239.951771325771 21.4655252342802
0.95995 163.763409389075 17.7329265440834
0.96258 92.5104651613701 13.3278424867648
0.96521 231.104932697414 21.0650001281194
0.96784 175.865982872584 18.375544610341
0.97047 163.169475272885 17.6995080314794
0.9731 206.115082990072 19.8924860418957
0.97573 229.700115083684 20.9994161428451
0.97836 242.028127468687 21.5551957951276
0.98099 181.191629434132 18.6500738067333
0.98362 192.907037618739 19.2432296620905
0.98625 260.781783935913 22.3735547168702
0.98888 281.992824653005 23.2652557183914
0.99151 322.02233118891 24.8613228369061
0.99414 261.445227041644 22.4008260550452
0.99677 291.815871942684 23.6657659936425
0.9994 287.416749403454 23.4862989068826
1.00203 218.190051503286 20.4629613987444
1.00466 255.584561885127 22.1467907362164
1.00729 294.396747828466 23.7685384713511
1.00992 239.029570391494 21.4167846284729
1.01255 329.514188842936 25.1453678805039
1.01518 368.883385214677 26.6046751719135
1.01781 375.870894850692 26.8550052604085
1.02044 333.027908658302 25.2777658726634
1.02307 300.205998469054 23.9994082596377
1.0257 286.163179830938 23.4309666531932
1.02833 321.554596032079 24.837230540806
1.03096 317.528753256905 24.6808330864973
1.03359 291.096509187292 23.6308455900008
1.03622 383.18821456752 27.1118599810052
1.03885 361.025562773761 26.3156859785827
1.04148 371.887999716808 26.7081789770116
1.04411 376.542024071476 26.874314718754
1.04674 437.807194080907 28.9777456241924
1.04937 369.339577292326 26.6151273812599
1.052 331.59340337523 25.2180233365924
1.05463 329.401051259907 25.1340842975417
1.05726 300.726645087535 24.0148018216337
1.05989 293.425165437019 23.7210662615268
1.06252 273.278329437017 22.8918346153255
1.06515 217.485039575227 20.4213839732906
1.06778 334.400369072008 25.3219021209909
1.07041 274.314401659029 22.9339958888596
1.07304 227.076771159838 20.8657622654515
1.07567 191.873393263303 19.1799624009489
1.0783 198.593149825615 19.5125926799798
1.08093 210.076996618034 20.068484154745
1.08356 261.745427576646 22.4004810395701
1.08619 198.571320575813 19.510505757591
1.08882 188.574043228366 19.0126955647751
1.09145 127.793793229915 15.6512882707322
1.09408 148.686316420583 16.8819722810855
1.09671 138.530167175911 16.2949237443192
1.09934 143.706888377525 16.5963053824922
1.10197 121.496075541135 15.2597737350493
1.1046 122.786731628915 15.3404302425961
1.10723 110.186653516908 14.5318587647926
1.10986 167.223839102902 17.9019614490052
1.11249 207.867790163259 19.9590549211198
1.11512 158.119385744935 17.4073949809076
1.11775 213.198844581384 20.2128940023697
1.12038 138.569064855358 16.295364104126
1.12301 150.61329223509 16.9885935920374
1.12564 188.659177369524 19.0133916747573
1.12827 151.482478896326 17.0371394616339
1.1309 176.479123279963 18.3889526961441
1.13353 196.607372063082 19.409085622892
1.13616 257.231934468624 22.2004853171732
1.13879 175.848644754708 18.3554226574565
1.14142 153.395605268633 17.1433694537679
1.14405 124.924581375483 15.4706487827245
1.14668 136.988586425921 16.2002462819498
1.14931 224.104090959726 20.7204491997324
1.15194 248.121850949521 21.8022657623822
1.15457 224.221807192344 20.7253988169293
1.1572 238.610687729969 21.3798063487463
1.15983 213.058771610838 20.2024192285727
1.16246 221.159131274289 20.5826342127849
1.16509 251.782963139298 21.9612237613292
1.16772 299.584291155948 23.955085969652
1.17035 219.827462892322 20.5198431714765
1.17298 241.045514658357 21.487081884669
1.17561 266.878492213359 22.6089059500184
1.17824 267.800362167739 22.6476522274567
1.18087 254.875389306698 22.0941046280715
1.1835 277.204594176113 23.0413284470598
1.18613 268.864898860601 22.6918134268362
1.18876 286.391520889353 23.419470714492
1.19139 211.135190129245 20.1081518818493
1.19402 219.94619791079 20.5231926426259
1.19665 320.528692528336 24.7750759917469
1.19928 313.013220121587 24.482610669936
1.20191 252.670798683189 21.9962681714781
1.20454 176.711060213835 18.3949623827315
1.20717 291.3824793813 23.6207842825961
1.2098 238.933032195225 21.3892842427791
1.21243 172.799497012531 18.1896754340254
1.21506 95.3745727027972 13.5134292939097
1.21769 198.985789189258 19.5189234128287
1.22032 222.644501816637 20.6464968588572
1.22295 185.24682649289 18.8326455813708
1.22558 181.811799504896 18.6570310985331
1.22821 145.876070009373 16.7116406256043
1.23084 194.257617412615 19.2846449293232
1.23347 156.945157462863 17.3337343201649
1.2361 140.643710011328 16.4086892407954
1.23873 163.415751527198 17.6870844005459
1.24136 188.935363400092 19.0178524826421
1.24399 178.563692291558 18.4883001732158
1.24662 175.437419336864 18.325552499338
1.24925 145.374216041596 16.6815043022318
1.25188 157.679655245507 17.3730034823699
1.25451 81.4337406456627 12.4848930073886
1.25714 89.3205044847021 13.0753635532516
1.25977 125.156466403497 15.4774850255232
1.2624 127.158547605636 15.6006280282114
1.26503 121.154039277305 15.2276823212836
1.26766 57.1436232519886 10.4578956055554
1.27029 78.3487458392824 12.2453723674223
1.27292 162.208978207918 17.6193130546305
1.27555 160.613462631059 17.5322662100696
1.27818 106.625842910197 14.2847906021749
1.28081 69.8489158454602 11.5616024131774
1.28344 66.3700710119618 11.2698955935981
1.28607 142.945596854311 16.5392075969935
1.2887 128.367863889933 15.6730319908467
1.29133 104.197677221879 14.1204792607535
1.29396 80.1664381284924 12.3854636142945
1.29659 62.8896581886171 10.9698615484846
1.29922 102.891168787412 14.0312426359555
1.30185 56.9244351720326 10.4364348352708
1.30448 106.723567284022 14.289883978914
1.30711 204.265648370324 19.7693294924018
1.30974 281.89681517581 23.2238967061106
1.31237 166.213222438991 17.8327584251767
1.315 187.36098022713 18.9330704806028
1.31763 99.7986562933699 13.8178208781568
1.32026 138.452283982367 16.2750753799562
1.32289 161.293287488274 17.5661597572066
1.32552 98.6466119792011 13.737430331725
1.32815 182.857256141163 18.7032142959193
1.33078 239.853025284627 21.4204448293654
1.33341 253.853026646448 22.0365088608903
1.33604 227.737452788351 20.8720248565258
1.33867 145.29801694049 16.6714330099106
1.3413 193.477713223876 19.2377508209135
1.34393 263.213582684078 22.4382356491247
1.34656 205.918785260415 19.8462416140945
1.34919 113.200773655878 14.7146766107973
1.35182 172.729683356128 18.1762901473777
1.35445 139.404983574405 16.3288891887554
1.35708 140.511607380749 16.393410979228
1.35971 271.968510857511 22.8070056942742
1.36234 235.528149746028 21.2239445844885
1.36497 243.943244886598 21.5995560298503
1.3676 135.250254913991 16.0829312623226
1.37023 235.062612720942 21.2023340368644
1.37286 232.119417285504 21.0689727729578
1.37549 262.191571526513 22.3919915984052
1.37812 308.53914348016 24.2903754137652
1.38075 218.034123175256 20.4191217653479
1.38338 215.667587082265 20.3078056139132
1.38601 235.872887238542 21.237593422642
1.38864 172.827656447393 18.1789436687414
1.39127 167.828638562648 17.9139266573265
1.3939 139.702327888736 16.3438854581364
1.39653 95.4997050083383 13.5129520597067
1.39916 187.347676128137 18.926447680048
1.40179 243.06434121092 21.5576447419927
1.40442 270.214312994462 22.7295030570571
1.40705 209.734701692153 20.0246986942965
1.40968 163.780428789144 17.6952589874637
1.41231 106.370193597823 14.2603759097162
1.41494 165.628499517661 17.7944107092879
1.41757 157.348133903352 17.3437079629442
1.4202 196.051990398752 19.3593984728062
1.42283 153.320045138023 17.1198824126798
1.42546 181.416995224191 18.6223879563408
1.42809 134.168681493167 16.0146347503473
1.43072 183.104602535287 18.7083794291464
1.43335 166.223509785773 17.8249302723153
1.43598 162.786718900409 17.6394961946958
1.43861 169.568685826708 18.0029881567392
1.44124 197.036736058826 19.4061975165263
1.44387 141.339153554655 16.4358876621808
1.4465 152.017160340933 17.045247245619
1.44913 86.021491477764 12.821993649496
1.45176 81.6175986461443 12.4893275466714
1.45439 123.077048276963 15.3366589866533
1.45702 156.634007708047 17.3013635010035
1.45965 64.342392155942 11.0887087807823
1.46228 119.294061515273 15.0986064122889
1.46491 45.921834486949 9.36768204236115
1.46754 125.029029444399 15.4569225999632
1.47017 159.54974298592 17.4606630616712
1.4728 140.777392612732 16.4011466174439
1.47543 189.114064169361 19.0092394474553
1.47806 138.548100124438 16.2703984810046
1.48069 161.875617625506 17.5866732993437
1.48332 139.233044449659 16.3101971646524
1.48595 147.525205081329 16.7886679354885
1.48858 211.645078562476 20.1086209248081
1.49121 167.361073728723 17.8813581154851
1.49384 148.684273444951 16.8539175840695
1.49647 84.3624817516441 12.6951575807307
1.4991 144.321095678047 16.6044083335474
1.50173 146.687991076518 16.7398858068282
1.50436 190.84493412728 19.0938113894699
1.50699 121.691542350107 15.2468317281275
1.50962 97.5801148425272 13.652971111139
1.51225 183.641616660792 18.7296284376184
1.51488 187.676922594881 18.9341644242989
1.51751 140.174784409951 16.363370171499
1.52014 205.426088856215 19.8090069649196
1.52277 197.554089217444 19.425625724428
1.5254 169.823385873155 18.0105863503972
1.52803 184.927372477976 18.7943280378528
1.53066 168.077622444046 17.9175345405863
1.53329 107.240226355763 14.3119648953326
1.53592 88.7441211878293 13.0192898786528
1.53855 150.45664894119 16.9519745456704
1.54118 183.713945531292 18.7319400983692
1.54381 236.656000660263 21.2602103641047
1.54644 146.796024824971 16.7441475898285
1.54907 129.954083052676 15.7542582087149
1.5517 145.32586678754 16.6598679314198
1.55433 60.7971356265959 10.7755327522981
1.55696 105.258807072928 14.1782788166754
1.55959 155.409674102215 17.227823515869
1.56222 172.25006924171 18.1371143215359
1.56485 134.579968483541 16.0315604716896
1.56748 120.823408809179 15.1900158528328
1.57011 88.4787093341363 12.9986776151294
1.57274 123.887229045111 15.3811975981121
1.57537 165.435586164558 17.7741338963932
1.578 106.68342342591 14.2731408113443
1.58063 74.1432271877779 11.8988206792436
1.58326 133.576952274689 15.9709606729444
1.58589 79.4287834619652 12.3154795901345
1.58852 85.9018391492251 12.8073920092167
1.59115 73.5623204223464 11.851799061444
1.59378 91.9215104172924 13.2483637529773
1.59641 67.6543818194532 11.365766536198
1.59904 60.2508853398244 10.7257971806526
1.60167 106.518430241586 14.2612386317583
1.6043 159.018507476222 17.4247105237778
1.60693 116.1494918055 14.8918022212655
1.60956 95.1476551666145 13.478281262699
1.61219 44.7276615852098 9.24103114201905
1.61482 96.7252487746676 13.5893640097567
1.61745 88.234664728844 12.9791332543502
1.62008 45.1228378084647 9.28156351354204
1.62271 139.159282708691 16.2995605714707
1.62534 112.89714245821 14.6810847992012
1.62797 140.82608664597 16.396648807614
1.6306 96.8001051342732 13.5940330252236
1.63323 78.4089883592427 12.2346119234385
1.63586 78.4212921014517 12.2354835247694
1.63849 115.166042766279 14.8273393959262
1.64112 50.1907111011824 9.78835129927965
1.64375 142.247609395683 16.4784829898186
1.64638 57.7447590587651 10.4989989723221
1.64901 96.6656740767502 13.583904349485
1.65164 167.955229371304 17.9053207266978
1.65427 183.626620593669 18.7219045512186
1.6569 136.461716676231 16.1392923122779
1.65953 158.996732869233 17.4208779814917
1.66216 126.240805127046 15.5228936792462
1.66479 146.215967433475 16.7057920991106
1.66742 210.163900738129 20.028369629875
1.67005 137.613829842999 16.206694459164
1.67268 162.266958648653 17.5984864473271
1.67531 135.479429308819 16.0802877232858
1.67794 97.9828801158093 13.6750556561797
1.68057 171.894202152972 18.1126286143262
1.6832 166.020352517088 17.8003441855812
1.68583 214.879568015381 20.2507989058862
1.68846 214.045573345154 20.2113159492904
1.69109 141.41718338942 16.4281788853215
1.69372 128.650242496702 15.6689719105121
1.69635 211.082880378438 20.0705174328163
1.69898 87.8372230465078 12.9469725571016
1.70161 219.190345332334 20.4520481096965
1.70424 148.25048820018 16.819829450444
1.70687 254.931930931633 22.0563206053872
1.7095 76.4024034694704 12.074575880201
1.71213 250.805870382717 21.8768429854013
1.71476 210.425612527489 20.0383762793464
1.71739 187.592040138462 18.919857327832
1.72002 189.036607673196 18.9924520115784
1.72265 185.901010551953 18.8341654752571
1.72528 17.608302392183 5.79644443005367
1.72791 181.812389166406 18.6256782269962
1.73054 81.252017533405 12.4513047276242
1.73317 78.5927606056475 12.2457808567462
1.7358 80.894318016228 12.4237197605844
1.73843 132.019623724792 15.8711833552075
1.74106 44.1101301678368 9.17395613889342
1.74369 112.075394747366 14.6231203528233
1.74632 127.698831199264 15.6090259616433
1.74895 113.745441146741 14.7314931282114
1.75158 2.5191821427947 2.19233530818937
1.75421 40.2288799137912 8.7607964523698
1.75684 7.58548390795572 3.80420306642026
1.75947 32.3894693816764 7.86088400939454
1.7621 167.436196245046 17.8727578764692
1.76473 176.277030885528 18.3384314664461
1.76736 125.312692233639 15.4617725105021
1.76999 110.418805252431 14.5137853731274
1.77262 55.5449696835 10.2938768297084
1.77525 10.6603752877652 4.50962337609542
1.77788 70.6476279974626 11.6091452297624
1.78051 49.1360063440028 9.68163721521597
1.78314 77.3048057526203 12.1436586109931
1.78577 160.656138831009 17.5062203686092
1.7884 114.995894075923 14.8109297208021
1.79103 128.294913782994 15.643837613091
1.79366 175.455258419381 18.2944433399707
1.79629 84.6480155109161 12.7069646285147
1.79892 109.737727137535 14.4680197271364
1.80155 166.925361761399 17.8439498563194
1.80418 158.488142320933 17.3870914308447
1.80681 183.708998925435 18.7194241602902
1.80944 112.852970505666 14.6717691991398
1.81207 85.4011376327005 12.7631107060359
1.8147 130.913034726415 15.8021024377792
1.81733 79.7788667211276 12.3357647407932
1.81996 142.992487325331 16.5149581102653
1.82259 116.544467721493 14.9095802433435
1.82522 26.8565318840181 7.15720191236429
1.82785 102.1471892219 13.9582262704227
1.83048 105.060128085303 14.1558093866091
1.83311 80.2031604727421 12.3683054891281
1.83574 100.310043076672 13.8320130496264
1.83837 84.6981267318503 12.7100951954746
1.841 169.592073538846 17.9851222852696
1.84363 142.295592212831 16.4742276452782
1.84626 217.839451478779 20.3833858565828
1.84889 148.577889873474 16.8338661854937
1.85152 137.943792488473 16.2202139213869
1.85415 150.064217745898 16.9177572950203
1.85678 81.0795876085319 12.4353696805709
1.85941 81.566781045426 12.4726379489858
1.86204 105.26107500969 14.1688392740231
1.86467 173.561296234048 18.1938887557562
1.8673 153.28238213363 17.0979456455768
1.86993 99.6867904840913 13.7884464739056
1.87256 135.841448428308 16.0957568082713
1.87519 68.2283748552394 11.4071324005703
1.87782 103.629481513111 14.0583499755301
1.88045 147.310278181926 16.7613089778766
1.88308 100.330484273953 13.8326879690505
1.88571 69.8493018309384 11.5417026154562
1.88834 86.8231536872965 12.8678308297314
1.89097 36.4654995821518 8.33925717569644
1.8936 73.4774489555678 11.8375557490121
1.89623 117.969496844413 14.9992168881246
1.89886 3.841948631431 2.70681277480328
1.90149 43.0907774973449 9.06511128057851
1.90412 29.6180315829726 7.51548899177392
1.90675 14.4117725416571 5.24247078652414
1.90938 93.4127941512596 13.3468467332206
1.91201 59.8131420149497 10.6800177056671
1.91464 13.9822152153549 5.16368603223956
1.91727 6.7293099713504 3.58224492340618
1.9199 85.3346295482446 12.7564794917167
1.92253 1.78003010182561 1.84238346430424
1.92516 46.8086496666671 9.44773237381828
1.92779 61.0815732820057 10.7923943461818
1.93042 56.6982459432371 10.3979011031786
1.93305 85.6062750325791 12.7764983451113
1.93568 43.9171487117536 9.15112069443149
1.93831 45.5875612893396 9.32349125062423
1.94094 42.6071831198137 9.01353129833845
1.94357 48.5723018378552 9.62378859961247
1.9462 38.6997582007747 8.59021492536642
1.94883 40.9193613897704 8.83308683748393
1.95146 5.98731928168518 3.37879978260971
1.95409 0.247140695660935 0.686462081855324
1.95672 8.84031540324019 4.10559846961996
1.95935 92.7296307355295 13.296888594855
1.96198 85.7095625566868 12.7836118704752
1.96461 130.881618592088 15.7970661866959
1.96724 69.2892242885731 11.493918964257
1.96987 46.8693671922535 9.45318154105036
1.9725 72.2531837466312 11.7370814824458
1.97513 4.08980019171596 2.79242066221876
1.97776 95.3000961418066 13.4795265600432
1.98039 42.6941202254886 9.02215275202131
1.98302 23.7451447705541 6.72839879353253
1.98565 25.8522112722242 7.02055318260435
1.98828 9.10481720915916 4.16635501036638
1.99091 116.349160892307 14.8936264501894
1.99354 72.7011934036291 11.7730170009173
1.99617 90.8631587794809 13.1616121399719
1.9988 109.688152474955 14.4608295052663
2.00143 112.940495127776 14.6735999640127
2.00406 38.4150509765788 8.5577877941319
2.00669 89.5251261286754 13.0641828985744
2.00932 35.952151707295 8.2788726067322
2.01195 65.4991435009123 11.1744341693235
2.01458 88.868415096278 13.0160864123707
2.01721 152.798495735042 17.067315624682
2.01984 32.9486286784527 7.92543899522498
2.02247 91.8529015346958 13.232748857029
2.0251 128.677280356071 15.6622279979351
2.02773 84.915100928005 12.7231323541525
2.03036 50.7888057982664 9.83976112592552
2.03299 83.7630932111275 12.6364732665765
2.03562 108.307533438932 14.3690427594104
2.03825 102.783057732232 13.9977504275835
2.04088 106.74788994854 14.2651421490117
2.04351 58.1847545513159 10.5317376513813
2.04614 128.735195628961 15.6654564039766
2.04877 154.781765511001 17.1772357627091
2.0514 153.099475730868 17.0835925584941
2.05403 151.736221039093 17.0073230051098
2.05666 155.557474465502 17.2201029926668
2.05929 141.335792693185 16.4140350743875
2.06192 149.52181695273 16.8826468216878
2.06455 65.6888330976106 11.1900750862496
2.06718 210.657666864787 20.0389442408316
2.06981 210.583566101946 20.0353721921247
2.07244 72.2020534059561 11.7316453553825
2.07507 81.9652642192908 12.4996556172613
2.0777 126.349123311998 15.5191602389206
2.08033 4.63085693799296 2.97106229512026
2.08296 35.0048694116397 8.16853701389888
2.08559 101.760160502228 13.9273316256596
2.08822 52.8492332468314 10.0368479557436
2.09085 27.139431879007 7.19245826673797
2.09348 5.18863196923323 3.14486772055022
2.09611 61.9901147601861 10.8701651950982
2.09874 89.4924783699465 13.060721425418
2.10137 51.2442481502181 9.88315284395657
2.104 104.549672433044 14.1167075786288
2.10663 127.090006015185 15.5642039049586
2.10926 97.6490115845023 13.6428237585883
2.11189 101.073127061201 13.8799315868589
2.11452 43.7381640565177 9.13059081170368
2.11715 42.8333640847541 9.03563812753988
2.11978 22.6665174485089 6.5729339436438
2.12241 102.664759845425 13.988678771203
2.12504 128.746542626564 15.6650908717137
2.12767 147.834748120095 16.7862050943437
2.1303 115.51309827166 14.8381244673555
2.13556 10.5267795441995 4.47929246894421
2.13819 97.2353060970903 13.6135935537013
2.14082 53.8411656521125 10.1301796087049
2.14345 71.6845277285301 11.6888494245981
2.14608 99.7938450285221 13.7914541292414
2.14871 60.2228070515585 10.7136587646305
2.15134 81.3184825201189 12.4494761225114
2.15397 24.7836098197267 6.87286568367006
2.1566 113.80317856745 14.7275973588812
2.15923 188.636705217239 18.9612488792658
2.16186 88.2530941313218 12.9693418915415
2.16449 96.5905071116875 13.5681089769365
2.16712 47.7516667663411 9.53993682764646
2.16975 83.4561568073722 12.6118719663446
2.17238 76.282197554509 12.0576060864351
2.17501 45.9698352835456 9.36019936139594
2.17764 25.8599877073109 7.02040090093967
2.18027 28.8878884390808 7.42001505725089
2.1829 24.7198506423734 6.8638682679481
2.18553 60.7433469922352 10.7595599320207
2.18816 57.2976874582778 10.449916691847
2.19079 58.9795370656571 10.6021536056857
2.19342 49.8927282025029 9.75126973309163
2.19605 29.9711571937936 7.5577658112089
2.19868 103.253719668059 14.0279322239317
2.20131 56.7498059817627 10.3997314599754
2.20394 109.162903892944 14.4236751480857
2.20657 64.4935362794942 11.0865123679983
2.2092 54.4570287741207 10.1873746849563
2.21183 103.092510760227 14.016749913602
2.21446 49.9512641599231 9.75675649434316
2.21709 0.139960970210616 0.516456983552963
2.21972 13.45240108002 5.06324617932458
2.22235 70.7638438710456 11.6127026480424
2.22498 33.7260985888008 8.01694877059081
2.22761 104.662674129476 14.1227875821057
2.23024 65.9730797113547 11.2126005460483
2.23287 68.1641940712151 11.3972370562619
2.2355 41.709490780383 8.91532810766654
2.23813 46.0628868445058 9.36901471821839
2.24076 113.117555444407 14.6818846719962
2.24339 3.03223870034089 2.40379237761942
2.24602 59.8400464297141 10.6784859167545
2.24865 12.3947991901239 4.85995137014426
2.25128 19.0813439757959 6.02996948134718
2.25391 59.4180139852702 10.6406499781651
2.25917 52.2825013244302 9.98123281161774
2.2618 60.9402553020841 10.7759756014151
2.26443 10.8318437874911 4.54311904066955
2.26706 73.6758955988918 11.8485196201052
2.26969 128.853940552668 15.6692673310352
2.27232 60.9232155711876 10.7743158877684
2.27495 108.449061621758 14.3750595478193
2.27758 65.7819838266418 11.195634044363
2.28021 82.0196203082444 12.501224247927
2.28284 110.190848635881 14.4898833738207
2.28547 46.5618798562658 9.41902254901054
2.2881 58.940747089633 10.5973397844389
2.29073 49.0564775629648 9.66797857612257
2.29336 23.7858952441862 6.73202480240406
2.29599 68.0668728516482 11.3881273025042
2.29862 161.156256604445 17.5229191434803
2.30125 87.7985337607699 12.9337735791882
2.30651 1.58202821895375 1.73615011445568
2.31177 30.8761422650428 7.66990906904518
2.3144 64.333916397822 11.0712832698455
2.31703 77.8034320627229 12.1752143010056
2.31966 40.3771135293889 8.77089961019295
2.32229 2.26734985402466 2.07842828219513
2.32492 13.4795277853848 5.0677173346751
2.32755 14.3352466433403 5.22609015755372
2.33018 87.6352533931394 12.9215021835425
2.33281 59.5398772065847 10.6506672919525
2.33544 141.823222841712 16.4378796010297
2.33807 24.8960368938687 6.88710173779874
2.3407 25.9277048541407 7.02833891072261
2.34333 63.185759423339 10.97184167257
2.34596 48.4992093009393 9.61250381787828
2.34859 1.26000841300726 1.54937016082918
2.35122 61.5438178571905 10.8282918181355
2.35385 112.506792415562 14.6405157058165
2.35648 90.8523598440657 13.1563184932294
2.35911 30.2120918764914 7.58675290630829
2.36174 108.403398733536 14.3709758549899
2.36437 76.9591539536887 12.1086080557894
2.367 34.980932418197 8.1635496629203
2.36963 37.3333987238325 8.43356859678459
2.37226 2.23702665755679 2.0644171873216
2.37489 24.0798507009166 6.77310877550128
2.37752 40.3020718151806 8.7624209039725
2.38015 9.96053756577762 4.35613251156153
2.38278 31.7213064829263 7.77382026806678
2.39593 1.62589217935772 1.75995343950218
2.39856 49.8552118410696 9.74562866163444
2.40119 1.28716840743627 1.56592799661004
2.40382 30.3657783240657 7.60581891398972
2.40645 22.6367698855364 6.56690404035284
2.40908 16.1500477431475 5.54676819989425
2.41697 25.5142877269042 6.97178274380001
2.4196 18.1898016894349 5.88661689355133
2.42223 38.2132879384481 8.53215356241848
2.42486 75.2654911761347 11.9742709126257
2.42749 105.064512452405 14.1474713776459
2.43012 56.7528644273705 10.3978694863806
2.43538 4.51140046239634 2.93160529851415
2.43801 22.8421710855195 6.59656988444732
2.44064 32.8528796007127 7.91108167767256
2.44327 25.3960469480069 6.9555564178134
2.4459 39.7230226080261 8.6990059989508
2.44853 3.17190031779759 2.45814740086972
2.45116 8.6409674419739 4.05722422809971
2.45379 0.54972895648182 1.02334436459771
2.45642 13.5353154503929 5.07786740224193
2.45905 22.309600574379 6.51917639332156
2.46168 0.61016524862512 1.07812778585726
2.46431 15.0111213038158 5.34752398575299
2.46694 65.4259739228266 11.1640286342077
2.46957 41.0042846289942 8.83812486509245
2.4722 29.5145094227678 7.49830267952913
2.47483 18.7199754661284 5.97169323663053
2.47746 102.492370363089 13.973020324013
2.48009 79.2260608069474 12.2850866267691
2.48272 30.2502409550627 7.59116236503756
2.48535 32.3526784042182 7.85052410333253
2.49061 3.53986082521254 2.5967848211621
2.49324 37.3733649610722 8.43769146456965
2.49587 57.1936917919942 10.4379755397563
2.4985 60.778889746583 10.760148383335
2.50113 97.0073008366814 13.593897832224
2.50376 77.9291262836143 12.1840558986177
2.50639 73.310259957704 11.8174710515293
2.50902 13.8806560077483 5.14218090429958
2.51428 13.0221806753874 4.98063355297818
2.51691 6.17845731411564 3.43070159952811
2.51954 10.0383086377743 4.37293860512239
2.52217 33.3700124909384 7.97299479419494
2.5248 134.624551064533 16.0142136423032
2.52743 84.8389222566617 12.7128008456754
2.53006 37.5482948188526 8.45744086363302
2.53269 4.30435755821217 2.86350679853491
2.53532 48.2925485408219 9.5914507005637
2.53795 4.57616457663498 2.95253627423684
2.54058 81.6431093135664 12.4710890588639
2.54321 2.88346179441842 2.34369935970843
2.54584 65.8739431602394 11.2021612312214
2.54847 19.6527892588836 6.11867344498361
2.5511 30.8957673027927 7.6717573428852
2.55373 14.6999549096667 5.29180161293902
2.55636 0.264630586584212 0.710012117722063
2.55899 28.477432475065 7.36540012058155
2.56162 9.17522614015523 4.18075295905188
2.56425 9.71675074216094 4.30236088486306
2.56688 63.4235487428404 10.991874539282
2.56951 51.8496675392951 9.93847316911443
2.57214 23.368596761824 6.67210983544395
2.57477 57.3830462483096 10.4553567850933
2.5774 65.8733837848035 11.2021718881391
2.58003 67.3699614871174 11.3287132320828
2.58266 87.8556137213894 12.9369643229624
2.58529 2.27714094398659 2.08277696673252
2.58792 53.0125371555041 10.0493342879307
2.59055 54.6371979452399 10.2021662324382
2.59318 42.343061063326 8.98130613250207
2.59844 13.1327418659066 5.00180152401322
2.60107 64.5472534668533 11.0888816418425
2.6037 17.8845818200662 5.83697615022139
2.60633 16.8119221366876 5.65922379325214
2.60896 9.54450003004604 4.26407107276548
2.61159 5.74967749085171 3.30955227380993
2.61422 34.4316991498334 8.09890658284299
2.61685 36.5053870731624 8.33921748965516
2.61948 17.5041105459922 5.77452817848612
2.62211 64.2722326201628 11.0651634600126
2.62474 7.04406097780379 3.6631723614138
2.62737 4.60601741217221 2.9621581894661
2.63 60.2388705185846 10.7123198050614
2.63263 89.7324007259683 13.0743294018075
2.63526 23.1829399252971 6.64551577888704
2.63789 26.1160798964698 7.0533931619012
2.64578 25.3761179711866 6.95273487789499
2.64841 33.443256622748 7.98172971275994
2.65104 36.4807349085149 8.3363163159209
2.65367 28.9382542236528 7.4246881855241
2.6563 15.3410244231544 5.40591105353156
2.65893 64.9137334161063 11.1201249824459
2.66156 34.1852837844977 8.06976018964779
2.66419 43.7122787878002 9.12520053946054
2.66682 14.2954158151783 5.21841662907984
2.67208 4.31998363749265 2.86867086958904
2.67471 29.2211841003724 7.46084877234223
2.67997 0.643188840192826 1.1068987608685
2.6826 20.4270608909076 6.2379408499253
2.68523 37.7189720852984 8.47652592389356
2.69049 36.0468065912363 8.28649146551117
2.69312 16.074519754578 5.53357693101545
2.70101 0.318585866877405 0.779022124325692
2.70364 8.41963931075445 4.00482866884991
2.70627 26.0756175768969 7.04782574549145
2.7089 1.25071192451425 1.54353741133243
2.71153 10.7164764657834 4.51819718597298
2.71416 28.3968900048449 7.35487374044313
2.71942 7.5981372288675 3.80447483526811
2.72205 27.9231470139469 7.29329851014954
2.72468 17.5703474374972 5.78539000788593
2.72994 15.1237896931799 5.36752527898297
2.73257 75.8518464774249 12.0206380649431
2.7352 30.6397910504507 7.63990574295727
2.74046 2.32075688134747 2.10262218064332
2.74309 53.4345635330672 10.0892343494402
2.74572 9.49789254069252 4.2536461680461
2.74835 24.1063386167684 6.77663384014927
2.75098 1.09936259137817 1.44716992959996
2.75361 25.1154726260755 6.9170416154633
2.75887 0.668507100186081 1.12850643598697
2.79043 0.418042554789985 0.892419759119231
2.79306 39.9201709296136 8.72078913383489
2.79569 11.1725306060711 4.61355842179765
2.81673 0.262544057821292 0.707239301421198
2.81936 5.99794554812406 3.38039281822328
2.82725 0.101197263465132 0.439088596998572
2.82988 2.3119002612366 2.09871246808038
2.86144 0.541265612585523 1.01550266488242
2.86407 12.3654738098023 4.85379970807539
2.88248 0.279218004594605 0.729377778132497
2.88511 6.37886989775896 3.4862081299948
2.89037 10.7050651791969 4.51624339346433
2.90615 2.33981218078772 2.11141702148549
2.90878 53.4538174086607 10.0918829582834
2.92193 4.37641624004826 2.88761151884352
2.92719 10.0175992368725 4.36877750086965
2.92982 16.4784772675293 5.60319789725504
2.93771 1.9533094584084 1.92912743350266
2.94823 30.0907488982123 7.57162643907014
2.95086 5.48195439381133 3.23176454737758
2.95349 19.4312264096369 6.08445147623874
2.96401 0.0746075787359568 0.377016267037846
2.96664 1.70443590427741 1.80201447690486
2.97979 0.893140060167154 1.30444068531305
2.98242 20.4040931471056 6.23479993987789
2.98768 6.42168329081935 3.49773546326167
2.99294 0.339597318955672 0.804346711111972
2.99557 19.5094371032283 6.09653197558177
2.9982 5.93273801529802 3.36192015094272
