-0.19758 48.8576673354732 10.6502886699589
-0.19491 53.2232207357709 11.1110774346414
-0.19224 22.9368588354153 7.29093098135967
-0.18957 124.544535763647 16.9819910416705
-0.1869 30.0673709603097 8.34034628272492
-0.18423 60.2307318052469 11.7992755805404
-0.18156 28.3678178728627 8.0941079646831
-0.17889 165.416435904692 19.5368680899728
-0.17622 113.737029073445 16.1929499690542
-0.17355 141.970890248718 18.0835603157396
-0.17088 12.8808012478503 5.44458534858897
-0.16821 105.079938229558 15.5439786613592
-0.16554 1.28421746126455 1.71763278252352
-0.15753 51.1308998114556 10.8237557755099
-0.14952 2.03478691262004 2.15635093048314
-0.14685 26.3506960314495 7.75646040730299
-0.14418 22.8918928730657 7.22629651295554
-0.14151 61.0627164544639 11.7969626820198
-0.13884 7.30754559399965 4.07919964212943
-0.13617 65.9442094137573 12.248542235237
-0.1335 16.9358101800976 6.20448537097403
-0.13083 81.7552240122244 13.6259586162255
-0.12816 18.5467536566304 6.48708549099895
-0.12549 27.2639288224055 7.86169293223406
-0.12282 22.0149122667685 7.06132744948735
-0.12015 151.258584006219 18.5009371532369
-0.11748 45.4594127296886 10.1379767375186
-0.11481 8.65647022078874 4.42196491775979
-0.11214 8.10633876697464 4.27722962716456
-0.10947 72.9714878062512 12.8272020744952
-0.1068 6.56911780847729 3.84692598223081
-0.10413 70.1627105139377 12.5666140736635
-0.10146 57.2823361434411 11.3495875056352
-0.09345 118.130064646355 16.2627787021547
-0.09078 36.8573633045262 9.07669190987099
-0.08811 45.1075119991798 10.0332184587206
-0.08544 42.2106224159371 9.69787350683581
-0.07743 67.4706751706175 12.2312031538528
-0.07476 46.3239274026916 10.1265583459761
-0.07209 151.630041831486 18.3062238677073
-0.06942 71.2657719537892 12.5398696524369
-0.06675 143.323825279184 17.7687766144196
-0.06408 182.649690308875 20.0425525209641
-0.06141 260.682766434428 23.9245825341746
-0.05874 127.073382171096 16.6901241617762
-0.05607 190.213546793054 20.4031149070792
-0.0534 89.4490535888043 13.9799791267038
-0.05073 294.019795046056 25.3249874868355
-0.04806 129.052032457311 16.764287281553
-0.04539 394.414687899658 29.2833213790893
-0.04272 283.803833508805 24.8195242493833
-0.04005 525.408294591636 33.7421475215134
-0.03738 368.512662877712 28.2351306089667
-0.03471 620.686106675214 36.6132550505303
-0.03204 448.598151885344 31.1006311363189
-0.02937 763.9588356563 40.5520646890734
-0.0267 760.318681027008 40.4215298160269
-0.02403 1066.29058498921 47.8287486044106
-0.02136 1296.74754327417 52.7004899779154
-0.01869 1764.36440956349 61.4208996700053
-0.01602 1769.97255090612 61.4666824733367
-0.01335 2325.06639437766 70.3895275255789
-0.01068 2359.52037531859 70.8492864555771
-0.00801 2598.63244485503 74.2897106086305
-0.00534 2471.33237587377 72.3858733736721
-0.00267 2604.30677915239 74.2447392731113
-0 2474.27435878594 72.3059926220656
0.00267 2532.73859588038 73.0948811346216
0.00534 2365.58458188579 70.5835136707311
0.00801 2448.9908332747 71.7578265986413
0.01068 2209.24494630177 68.0986813642433
0.01335 2218.69077929213 68.1876358518443
0.01602 1815.47844916251 61.6300717364608
0.01869 1770.0611476652 60.8037747041389
0.02136 1399.15918407861 54.0142875413911
0.02403 1216.03966545892 50.313790672328
0.0267 946.391810926487 44.3492347335508
0.02937 837.962945804715 41.6965305495019
0.03204 655.460227830609 36.846559796676
0.03471 635.632049385992 36.2545331944164
0.03738 481.561337322149 31.5297312101779
0.04005 390.120943052824 28.3549260532187
0.04272 259.889912165764 23.1237041804899
0.04539 255.336146039121 22.9008726633161
0.04806 37.4898404651628 8.76769122444948
0.05073 135.746208579433 16.6695643550898
0.0534 90.51712115036 13.6005691443209
0.05607 268.108177652378 23.3871574765986
0.05874 138.890375829769 16.8185499884467
0.06141 243.023468740402 22.2282879675066
0.06408 111.506552847948 15.0439160500297
0.06675 285.283250967421 24.0423551103406
0.06942 93.9631495485743 13.7862191779261
0.07209 217.530663723775 20.9581779992804
0.07476 66.2755715990352 11.558361327116
0.07743 204.430038015279 20.2823129716239
0.0801 129.738960172259 16.1437820002378
0.08277 256.317509266489 22.6716703854729
0.08544 132.360099612197 16.2778325721623
0.08811 324.669965201223 25.4719439875133
0.09078 140.380640925151 16.7346636506395
0.09345 301.175651538895 24.4903500334899
0.09612 125.715718772245 15.8088718857454
0.09879 339.351410001628 25.9508316601598
0.10146 266.266696368751 22.9717612152812
0.10413 367.928740522247 26.9869216634582
0.1068 182.452086639393 18.9924595328945
0.10947 302.476219242947 24.4392226675689
0.11214 288.055681620557 23.834972059392
0.11481 403.434700570175 28.1901494892455
0.11748 231.68411741879 21.3497546747825
0.12015 558.333416667498 33.1226630086479
0.12282 393.265431055757 27.7814348496189
0.12549 455.558191123764 29.8824869688775
0.12816 444.530011551785 29.5004096317281
0.13083 619.973454944163 34.8174062819521
0.1335 444.10445036156 29.4499434299943
0.13617 721.807900285679 37.5218654027142
0.13884 602.349381535092 34.2554132804997
0.14151 770.150385834234 38.7100546586159
0.14418 658.718764792423 35.7780559363792
0.14685 762.689564764728 38.4743236564819
0.14952 752.659849339566 38.196757907055
0.15219 1079.90420941252 45.7245504253126
0.15486 1074.43274036032 45.5801559366122
0.15753 1190.97578468217 47.9586202765229
0.1602 1341.48085904533 50.8670019182688
0.16287 1593.75963858337 55.4094271436147
0.16554 1922.12732397254 60.8122862323729
0.16821 2562.4001693552 70.1699872331854
0.17088 3081.56803302761 76.9026178778569
0.17355 3841.43847278335 85.8082738262059
0.17622 4421.78840652325 92.0042395606549
0.17889 5025.67296753329 98.023965260354
0.18156 5135.00501766548 99.0219643739256
0.18423 5456.35736002133 102.008909600742
0.1869 5531.57981664141 102.644704164322
0.18957 5869.42187589737 105.665819209762
0.19224 5796.47769514486 104.940590174557
0.19491 5960.3494368584 106.34607983429
0.19758 5873.27675451529 105.499332871376
0.20025 5849.03374176184 105.214367381832
0.20292 5727.67143512784 104.074160695463
0.20559 5732.37385876006 104.074354118464
0.20826 5323.78636556521 100.255737922284
0.21093 4761.53125248338 94.7751672611699
0.2136 4007.16935564397 86.9085001565744
0.21627 3465.59924336682 80.78943984837
0.21894 2717.6861587082 71.5133220030245
0.22161 2317.67691674612 66.0139131622842
0.22428 1809.28529106922 58.3020919456988
0.22695 1605.69364758817 54.9013965020283
0.22962 1290.75937950559 49.2034981124696
0.23229 1270.54022087794 48.7965013891728
0.23496 940.748251553142 41.9712766679224
0.23763 957.768503782617 42.3317859235314
0.2403 698.163748808705 36.127312939247
0.24297 735.547521697031 37.0666153779672
0.24564 589.06071268008 33.157211072574
0.24831 610.860642717993 33.7512055400557
0.25098 615.437540607908 33.8633807026319
0.25365 713.049766200521 36.4349515776061
0.25632 624.033781200059 34.0707843066086
0.25899 760.378954787982 37.5935017090317
0.26166 505.022380425709 30.6247501694702
0.26433 722.281542468035 36.60916775807
0.267 578.77921655035 32.7576144150717
0.26967 781.636706735088 38.0519861816587
0.27234 665.713105039706 35.1024406711089
0.27501 803.59444339227 38.5505852570083
0.27768 685.76523119553 35.5974464414402
0.28035 868.791297655538 40.0504402603537
0.28302 717.284711017045 36.3758916656996
0.28569 871.484804485901 40.078911269802
0.28836 813.405762853676 38.7041577705974
0.29103 1006.73063797311 43.0406163460391
0.2937 1051.3792770222 43.9662305061578
0.29637 1242.73916928521 47.7800999118155
0.29904 1261.90042711588 48.1267998197127
0.30171 1393.43852896633 50.5545138549356
0.30438 1547.9730172788 53.2704476718207
0.30705 1816.40427368822 57.689858808848
0.30972 1832.67138481125 57.9327341863982
0.31239 2034.16968668304 61.018814564406
0.31506 2281.00788576644 64.5984301116225
0.31773 2548.89084130551 68.2688401919793
0.3204 2725.68569216161 70.5786053043628
0.32307 3074.9222448532 74.9446222550568
0.32574 3061.58321422185 74.7626356247109
0.32841 3228.44457026463 76.7531736628304
0.33108 3341.95353725522 78.0706736682358
0.33375 3496.37216245798 79.8333843000972
0.33642 3521.04549723621 80.0939042660246
0.33909 3742.29208450298 82.5506241222776
0.34176 3763.40954393046 82.7618287078589
0.34443 3954.5359682565 84.8154286005405
0.3471 3882.65597399952 84.0193374247904
0.34977 3880.2738658793 83.9718320989945
0.35244 3617.31528904725 81.0556337543598
0.35511 3630.92922015364 81.1869902300853
0.35778 3365.11263740612 78.1384551503712
0.36045 3288.98586140047 77.2295369193586
0.36312 3093.36895437532 74.8782420814264
0.36579 2908.00871599545 72.5813301983978
0.36846 2677.03071976151 69.6211163749052
0.37113 2531.149437165 67.6800037688864
0.3738 2301.38905638025 64.518404610838
0.37647 2341.81785342588 65.06571588742
0.37914 2087.54172041767 61.4158175611116
0.38181 2094.04036852777 61.4953278263726
0.38448 1837.85440004014 57.5959610181188
0.38715 1768.46433999058 56.4834810364319
0.38982 1553.02582792848 52.9175103702663
0.39249 1521.39785204753 52.3622341501044
0.39516 1255.09022193946 47.5467555796533
0.39783 1401.29708962706 50.2267538699784
0.4005 1105.24548729589 44.5953358481053
0.40317 1256.4935667636 47.5416107170042
0.40584 1087.61127007506 44.2246372615167
0.40851 986.66543651673 42.1158955474822
0.41118 843.575227635519 38.9364743147178
0.41385 784.022195702679 37.5312047775596
0.41652 655.871808275319 34.3219062389397
0.41919 691.296891021754 35.2312288947493
0.42186 457.582252655164 28.6591712300965
0.42453 553.926893588838 31.5274465112821
0.4272 479.369547382876 29.3245464090753
0.42987 533.899652817277 30.9427844337905
0.43254 425.99236698825 27.6352852015044
0.43521 579.186428443759 32.2185269236044
0.43788 292.30294005852 22.8847679071695
0.44055 445.930143970852 28.2615999341259
0.44322 459.640179950781 28.6883592024604
0.44589 597.389999471278 32.700851289457
0.44856 435.694971700185 27.9225261076198
0.45123 458.055616453825 28.6256834722418
0.4539 420.857457006827 27.4345333873269
0.45657 605.004374899978 32.8883895595384
0.45924 475.957530717099 29.1662582569898
0.46191 596.672114510988 32.6510935414588
0.46458 438.548573722549 27.988004559166
0.46725 576.009206699078 32.0708891505628
0.46992 480.604577489655 29.2902732139307
0.47259 605.24657578268 32.864634320988
0.47526 562.371173858044 31.6743201047821
0.47793 576.042103175386 32.0520647023957
0.4806 681.274920628264 34.8516383465475
0.48327 810.498849297379 38.0076728512052
0.48594 697.220630574503 35.2462771700253
0.48861 929.981926271746 40.7003768561763
0.49128 828.028692594582 38.3987323721052
0.49395 932.034011283165 40.7326881644861
0.49662 965.319982049289 41.4472591935745
0.49929 1120.9425464973 44.6565123477536
0.50196 1100.66808814691 44.2450044223457
0.50463 1372.36590240895 49.4002462612173
0.5073 1319.91113298966 48.4422817512194
0.50997 1409.54751389664 50.055313774691
0.51264 1377.78225069156 49.4833046819956
0.51531 1477.50326556047 51.2378259752477
0.51798 1534.61090266821 52.213603613547
0.52065 1685.69391565859 54.7182171115104
0.52332 1640.24149494854 53.9702609944394
0.52599 1751.23496499775 55.7610399923533
0.52866 1658.7034416599 54.2626568628683
0.53133 1649.46347840667 54.1060776526251
0.534 1535.88131621751 52.2049324334686
0.53667 1631.06217577768 53.7930252892118
0.53934 1513.4894065846 51.8129592808143
0.54201 1545.97788218205 52.3610477830828
0.54468 1290.53512104498 47.8354189360313
0.54735 1325.09359654643 48.4669750012084
0.55002 1241.93945405573 46.9170622064624
0.55269 1265.10407233486 47.3480042628756
0.55536 984.033337515923 41.7543187227681
0.55803 1088.38098754429 43.9081264327659
0.5607 914.11720881443 40.2358614251965
0.56337 938.044430649272 40.7551021833798
0.56604 744.730668368061 36.3101307931146
0.56871 870.169088281262 39.2453244430429
0.57138 774.374764648184 37.0185658723866
0.57405 693.388213093848 35.025964982377
0.57672 575.910595782909 31.9181194563333
0.57939 580.111228178967 32.0312043749029
0.58206 543.694856839802 31.0065258697757
0.58473 604.349452619027 32.6871772175939
0.5874 568.983969323911 31.7132837460119
0.59007 554.49955400826 31.3039857544272
0.59274 466.562970221133 28.7119044958817
0.59541 508.529347648049 29.9724814613896
0.59808 360.99546442731 25.2506973385512
0.60075 565.996195586211 31.61466819646
0.60342 371.646309441987 25.6163061140548
0.60609 472.109396439134 28.8697238789721
0.60876 381.928600414453 25.96462832903
0.61143 523.923628015094 30.4084805120225
0.6141 377.178059720058 25.7990456580836
0.61677 390.592523905758 26.2519816620851
0.61944 404.935635775892 26.7277759819207
0.62211 475.313056427747 28.9553878243304
0.62478 344.959757334789 24.6656984175346
0.62745 438.011097311997 27.7921048288858
0.63012 413.846739949505 27.0127207683246
0.63279 445.512069834515 28.0251516173033
0.63546 427.281142418476 27.4438328756809
0.63813 462.284751468848 28.5438369651908
0.6408 427.51100989457 27.4473790906986
0.64347 422.880646495999 27.296426178349
0.64614 457.761761744772 28.3979044490455
0.64881 586.827086282015 32.1507613270743
0.65148 549.480497647674 31.108707752745
0.65415 682.061404685034 34.6566999801942
0.65682 590.186201692458 32.2358874168235
0.65949 700.474784281364 35.1164809715831
0.66216 614.630641164516 32.8920897141184
0.66483 668.307141590948 34.2958867272158
0.6675 703.143236705677 35.1759232748968
0.67017 928.003844962706 40.4080697687925
0.67284 776.1872250345 36.952691191809
0.67551 959.112163424852 41.0740126357265
0.67818 959.601406877003 41.0816116062779
0.68085 1014.14427161355 42.2300409339476
0.68352 915.752409912371 40.1264056632931
0.68619 991.112125393365 41.7418994455925
0.68886 929.420862742024 40.4190968938486
0.69153 1012.86820824058 42.1916439114279
0.6942 982.04069872149 41.5417029891195
0.69687 1158.77082064484 45.121954143799
0.69954 987.224727038123 41.6453680023413
0.70221 1134.54016933092 44.6422646001854
0.70488 1032.72363905854 42.5900404116853
0.70755 1163.05894591809 45.195642906541
0.71022 1058.8527312226 43.1214341831724
0.71289 1003.08806640988 41.9686168613755
0.71556 856.898003808718 38.7881795332158
0.71823 1024.61279277843 42.4125537836843
0.7209 875.658842646963 39.2068280700399
0.72357 959.088891906031 41.0301751596811
0.72624 820.684175001827 37.9526118821312
0.72891 698.095206044486 35.0018230359494
0.73158 693.309546048753 34.8800117284995
0.73425 774.301708516527 36.8593637689722
0.73692 557.445198243848 31.2732852975176
0.73959 587.494693933679 32.1036255583416
0.74226 476.14764105476 28.9003174626553
0.74493 464.366354420738 28.5392038451895
0.7476 440.371257981095 27.7907743311801
0.75027 485.246817452097 29.171058934236
0.75294 366.090497731651 25.3363911533473
0.75561 352.400750906153 24.8569945936786
0.75828 252.922736802758 21.0573549559959
0.76095 345.375899614431 24.6056912783311
0.76362 210.361212038026 19.2022474055882
0.76629 449.264331246851 28.0607884248772
0.76896 252.597761487381 21.0398828300074
0.77163 303.130674211298 23.0474657228848
0.7743 260.565665662278 21.367144862434
0.77697 397.078843737591 26.37581799572
0.77964 219.890384801149 19.6268382717544
0.78231 290.513380013311 22.5584862182238
0.78498 200.677121861601 18.7480227835566
0.78765 392.59065023223 26.2214179208592
0.79032 301.799042877976 22.9892487139513
0.79299 222.010958768991 19.7166309511061
0.79566 244.176712054845 20.6765117151735
0.79833 399.256987509778 26.4381499638279
0.801 262.377591156105 21.4314098027201
0.80367 350.045164722942 24.7533475099146
0.80634 298.135386064595 22.8435284298141
0.80901 482.484317837375 29.0591260590837
0.81168 427.08381003559 27.3389622755851
0.81435 383.692324367969 25.9120366749706
0.81702 461.380937784063 28.4134741777898
0.81969 501.807661196498 29.6310935362873
0.82236 383.083937403411 25.8887168833376
0.82503 538.914330917282 30.7049178122055
0.8277 384.626759397487 25.9389467653156
0.83037 497.39649200662 29.4963626925521
0.83304 403.635583148368 26.5702929758059
0.83571 494.753960013907 29.4158074270101
0.83838 492.709666547626 29.3539255375113
0.84105 650.477825804198 33.7265102719465
0.84372 579.53911397912 31.8332547552714
0.84639 656.032844544778 33.8677986668656
0.84906 652.346750779024 33.7713123632883
0.85173 709.149662642552 35.209685293437
0.8544 625.026707566712 33.0542255764847
0.85707 645.415888923147 33.5878364755479
0.85974 567.652945752964 31.4983754578789
0.86241 759.288481515916 36.4279402800922
0.86508 640.844795250896 33.4651011746886
0.86775 718.160106578155 35.4250808680785
0.87042 609.858002316626 32.6436772057472
0.87309 671.63599401581 34.255963783028
0.87576 685.379912331345 34.6034493484039
0.87843 683.311748014719 34.5499677478529
0.8811 628.549532683879 33.1354178311233
0.88377 626.332987461582 33.075760148612
0.88644 515.166493317406 29.9961480253599
0.88911 671.713018709017 34.2505900886971
0.89178 545.270557777863 30.8579229258581
0.89445 655.297281056811 33.8270665734895
0.89712 443.021763761624 27.8126374262294
0.89979 597.167224790832 32.2895771040685
0.90246 480.370925497581 28.9594732748069
0.90513 597.083591740967 32.2855207355064
0.9078 527.034740041474 30.3317713713635
0.91047 620.289664845185 32.9051101606476
0.91314 568.10861103295 31.48978433061
0.91581 538.534018236082 30.6583299741459
0.91848 362.63598222684 25.15737321278
0.92115 333.002458277565 24.1069066879162
0.92382 416.667205254823 26.9649952328522
0.92649 457.488183116805 28.2542347174339
0.92916 355.095255090793 24.891665859479
0.93183 421.20234949591 27.1090837557183
0.9345 286.730857439991 22.3663224543234
0.93717 398.298361639827 26.3602510867837
0.93984 306.835164553663 23.1358662336876
0.94251 296.669922520962 22.7487676497231
0.94518 211.881567280192 19.2245250775389
0.94785 373.355397507702 25.5186775011206
0.95052 263.055393075318 21.4194574254191
0.95319 376.697007569931 25.6311952670652
0.95586 204.519557528269 18.8854835550809
0.95853 309.755238121166 23.2411668666472
0.9612 93.4658202021682 12.7662375527452
0.96387 282.450245677466 22.1919466679934
0.96654 234.348044030155 20.2135688620569
0.96921 408.727136742367 26.6942041666378
0.97188 381.378153788407 25.7849359048131
0.97455 498.657751336022 29.4833851287441
0.97722 307.998934426123 23.1706689789672
0.97989 400.387501491498 26.4175250981871
0.98256 223.733023801578 19.7471681810204
0.98523 408.185159101912 26.6720434233005
0.9879 395.473331345287 26.2527129664067
0.99057 459.6246092448 28.3012182211481
0.99324 401.834542314412 26.4615347900052
0.99591 529.698933366761 30.3804252550297
0.99858 306.091858526227 23.0936771854175
1.00125 411.507953284597 26.776039236657
1.00392 394.772555621176 26.2253458687958
1.00659 485.984952849396 29.0970987393648
1.00926 343.489828130965 24.4616498235021
1.01193 393.924010787087 26.1954316182168
1.0146 311.853256416027 23.3069262001829
1.01727 465.696105390412 28.4807675395797
1.01994 355.849246748291 24.8956768393313
1.02261 604.626486060021 32.4507712025206
1.02528 505.636293132958 29.6750243142439
1.02795 518.366764183314 30.0456126080932
1.03062 442.41572503356 27.7567293954363
1.03329 606.162368365567 32.4891256566806
1.03596 452.828308680026 28.0802420274111
1.03863 557.588452569546 31.1588536402165
1.0413 509.71000438254 29.7904242204725
1.04397 546.879505910265 30.8568405099515
1.04664 554.028839024006 31.0572029160859
1.04931 540.651962508818 30.679308561549
1.05198 510.379452040728 29.8073788601505
1.05465 573.681921186083 31.6011800210792
1.05732 326.599793126452 23.8432905607633
1.05999 474.981284783337 28.7532544563228
1.06266 417.632106353415 26.9610137465467
1.06533 487.084243753262 29.1160085681475
1.068 365.10283075836 25.2073921045306
1.07067 494.184850041376 29.3261835907222
1.07334 316.899253076257 23.4834532968397
1.07601 470.514145674858 28.6139763305944
1.07868 368.153968677258 25.3102906127416
1.08135 425.687438666383 27.2156256689164
1.08402 220.764776217143 19.5987472661567
1.08669 392.368447322737 26.1276876683334
1.08936 242.312512582245 20.532052873616
1.09203 279.886984438539 22.0661375088391
1.0947 314.442501587784 23.3881626218718
1.09737 384.027106095672 25.8462141125884
1.10004 281.061336014079 22.1109328210972
1.10271 424.615867273681 27.1766896655873
1.10538 335.254490045045 24.1478766954003
1.10805 281.385850148309 22.1225903570078
1.11072 223.293388082108 19.7067943278848
1.11339 310.135472817578 23.224532237069
1.11606 134.810832996013 15.3118212982373
1.11873 188.177442859768 18.0901196143405
1.1214 154.044396745939 16.3671782140401
1.12407 309.932402271842 23.2154737490981
1.12674 127.706362536507 14.9019646080192
1.12941 256.127248037729 21.1036877416826
1.13208 266.584413987502 21.5298516939416
1.13475 244.131380099421 20.6029146876404
1.13742 206.868386824793 18.9651868088935
1.14009 280.989051556726 22.1028338933086
1.14276 171.452227132405 17.2650573628362
1.14543 302.248443519822 22.9230127508848
1.1481 249.318045074283 20.818992797811
1.15077 448.223822502687 27.9140932415325
1.15344 142.925650817427 15.7624726204372
1.15611 244.471147981177 20.6146639873737
1.15878 184.489694818683 17.907778287003
1.16145 358.961534851539 24.9788711252412
1.16412 308.031697745523 23.1387425035014
1.16679 405.741535606076 26.5558361389636
1.16946 241.965775143792 20.5071550031611
1.17213 296.049894491619 22.6831881814917
1.1748 274.699197152227 21.8496020952756
1.17747 319.009334326361 23.545598246988
1.18014 326.305581806347 23.8129654587543
1.18281 447.255654507026 27.8786889782691
1.18548 336.026659676158 24.1643151036854
1.18815 429.545556197335 27.3202981156264
1.19082 372.17962565837 25.4302313863297
1.19349 441.527646714727 27.6978565150524
1.19616 407.810324762027 26.6188637629593
1.19883 357.381783327439 24.9183800828293
1.2015 165.861064526917 16.9753617254477
1.20417 405.401956696003 26.5389030952561
1.20684 320.765935947562 23.6062718587654
1.20951 480.167728745687 28.881716623551
1.21218 316.774390873828 23.4582054271777
1.21485 440.293690773607 27.6556721699802
1.21752 295.293192473289 22.6481607608334
1.22019 516.071430790558 29.9401770587133
1.22286 334.681183049904 24.1106177080831
1.22553 420.726571028014 27.0324801812719
1.2282 349.553689501831 24.6397389003981
1.23087 424.080181173209 27.1391585202117
1.23354 193.709339638682 18.3417556145357
1.23621 356.910320705556 24.8965063581476
1.23888 292.221226189232 22.5272390137934
1.24155 338.330803046327 24.2390776324645
1.24422 204.709421016591 18.854172097759
1.24689 365.834549255291 25.2042711215081
1.24956 185.49220950979 17.9468342848392
1.25223 265.192024632949 21.4584563204899
1.2549 277.946819162361 21.9680916810328
1.25757 248.784806212151 20.78340190791
1.26024 245.626638434531 20.6507425486131
1.26291 448.971935129096 27.9190584494279
1.26558 368.875901712328 25.3060605688549
1.26825 466.040794485608 28.4439298095579
1.27092 241.14094662075 20.4600335723042
1.27359 396.772915782155 26.2443064657611
1.27626 232.574908761678 20.092720833678
1.27893 357.983975356334 24.9277076820961
1.2816 259.002958651949 21.2029427972533
1.28427 296.462068301811 22.6841011476482
1.28694 257.6467053894 21.1466965558028
1.28961 312.018092430309 23.2709093255193
1.29228 203.034760714441 18.7716259851722
1.29495 314.124636710756 23.3486040989935
1.29762 200.478767825054 18.6525125860119
1.30029 356.935313644418 24.8880831219898
1.30296 228.482265040882 19.9121569305397
1.30563 292.176932862568 22.5169928593128
1.3083 155.952826324374 16.4505120503417
1.31097 311.391415435447 23.2451033760716
1.31364 215.329823559097 19.3297227412555
1.31631 274.867463595078 21.8388903662849
1.31898 247.596332218489 20.7269964121905
1.32165 230.808315400411 20.0117635297304
1.32432 169.825890530239 17.1655196368609
1.32699 177.543057977367 17.5510143134586
1.32966 80.9855325118177 11.8535779853338
1.33233 210.124375944481 19.0932265689277
1.335 264.619186645207 21.4262979798204
1.33767 257.085834403501 21.1188816513308
1.34034 164.498091136239 16.8930334265011
1.34301 268.257002047674 21.5723824251376
1.34568 223.82701012349 19.7048979996509
1.34835 258.469539179832 21.1747355757993
1.35102 118.621127420437 14.3446416052147
1.35369 260.677058750333 21.2645135042202
1.35636 198.746061556044 18.5672967061214
1.35903 334.991056166652 24.1052358225752
1.3617 184.148030977558 17.8720217698621
1.36437 324.852795004168 23.7371631805342
1.36704 333.514671781087 24.0512886083932
1.36971 369.617499245743 25.3193473160455
1.37238 347.947801144925 24.5656725350582
1.37505 377.871704765002 25.5999526870812
1.37772 263.437142226208 21.3747402291669
1.38039 277.47504381108 21.9366179845234
1.38306 185.53738407611 17.9377839239423
1.38573 383.774435391856 25.7980250461331
1.3884 293.246340095057 22.550704035659
1.39107 336.306286912006 24.1494177014697
1.39374 299.186594941745 22.777476182645
1.39641 253.951635161258 20.9848276983743
1.39908 263.879543767292 21.3908542360708
1.40175 394.071365256843 26.1401605224955
1.40442 315.414933770224 23.3861075186577
1.40709 372.486371117654 25.4137067808454
1.40976 271.184105509453 21.6840770618723
1.41243 357.933016801255 24.9118346010119
1.4151 272.794963943332 21.7479842881918
1.41777 313.676618661243 23.3205030823006
1.42044 229.7991077595 19.9602977298393
1.42311 351.603476728602 24.6896782889966
1.42578 234.562643810495 20.1657453771066
1.42845 331.089353267979 23.95816036555
1.43112 203.606102973419 18.7876413083308
1.43379 385.438524174655 25.8493977150395
1.43646 134.265527844315 15.256367262354
1.43913 131.951145799935 15.1241668615918
1.4418 144.944719331386 15.8511976152671
1.44447 253.919391963405 20.9799679463532
1.44714 98.4362203865508 13.0626218494748
1.44981 169.126675505831 17.1220180154339
1.45248 153.805746626307 16.3279318352054
1.45515 249.82752822771 20.8094713256195
1.45782 94.7862893092369 12.8176871132644
1.46049 275.088429837746 21.8357981471162
1.46316 177.522706638119 17.5410613610131
1.46583 212.144728275002 19.1752501385756
1.4685 183.404349071529 17.8289486557803
1.47117 202.948216889725 18.7546750016174
1.47384 155.952664967931 16.4402844065019
1.47651 256.723397443426 21.0931603914731
1.47918 197.640258786572 18.5072818676771
1.48185 258.629589529315 21.1709350983353
1.48452 229.109597130862 19.9259290385708
1.48719 249.900734977164 20.810221758195
1.48986 200.468548339409 18.6385475973779
1.49253 329.537258324892 23.8966602578424
1.4952 195.857748514951 18.4226172272572
1.49787 282.782389135831 22.1362031691545
1.50054 166.167223176866 16.9685877796441
1.50321 237.73470870742 20.2962348260835
1.50588 215.721355013064 19.3335638570311
1.50855 204.705357304364 18.8332866342279
1.51122 92.6702220823038 12.6714927147
1.51389 263.132304373945 21.3521162476744
1.51656 305.232094141218 22.9966779405838
1.51923 246.732915593584 20.6756758419879
1.5219 239.307015219908 20.361981961809
1.52457 280.6098935674 22.0490553145268
1.52724 244.26344163325 20.5714023001392
1.52991 276.50567706439 21.8868293440959
1.53258 171.02239155271 17.2128774586243
1.53525 231.200388489718 20.0132413549282
1.53792 153.491349032323 16.3065192861283
1.54059 286.438409851505 22.2756870369676
1.54326 110.361213897804 13.8267426168707
1.54593 290.766791694687 22.4429638534849
1.5486 282.427959382574 22.1186091941103
1.55127 330.734402569623 23.9353521059774
1.55394 201.691984103675 18.6913477313234
1.55661 299.060989632079 22.7600045379684
1.55928 339.315182692418 24.2432182239959
1.56195 273.87629568968 21.7802073615946
1.56462 201.090085426018 18.6627775689997
1.56729 291.153204882034 22.4562844698192
1.56996 163.250024376547 16.815117407709
1.57263 319.276187021408 23.5154180335165
1.5753 157.313490262326 16.5062563511026
1.57797 234.597260435935 20.1568764178042
1.58064 132.279979850868 15.1357863134074
1.58331 171.585448798258 17.2382953670015
1.58598 88.8447638044181 12.404126065023
1.58865 188.400987314677 18.06292183115
1.59132 119.565860235044 14.3895155911339
1.59399 263.455998560807 21.3595837831984
1.59666 190.355686848576 18.1559020126597
1.59933 236.6226883255 20.2422720130749
1.602 101.20301684808 13.2380467969131
1.60467 220.386976064905 19.5351036201725
1.60734 226.231014720745 19.7922150706556
1.61001 372.643327593328 25.4015710528578
1.61268 281.41109881892 22.0739516884659
1.61535 436.536794250024 27.4925787342316
1.61802 291.689996681947 22.4730175558168
1.62069 305.494692241674 22.9984215955299
1.62336 115.574375353187 14.1456382294672
1.62603 181.008471357006 17.702589258114
1.6287 169.661919708571 17.1385905620526
1.63137 295.464876591345 22.6168136067895
1.63404 168.853204618293 17.0973465469884
1.63671 317.782581139945 23.4549589677226
1.63938 162.901636735829 16.7929861525455
1.64205 248.07655423784 20.723048281626
1.64472 82.7056191775962 11.9653073681331
1.64739 166.708865990799 16.9875704796921
1.65006 152.800036425338 16.2633206229578
1.65273 253.714914383002 20.9563704004506
1.6554 170.392219278017 17.1736860298997
1.65807 328.323960206946 23.8388609136321
1.66074 293.611997820576 22.5432580229372
1.66341 266.019749386034 21.4576567859136
1.66608 115.606432352598 14.1452922800356
1.66875 246.265779875521 20.6451732495106
1.67142 136.326466700315 15.3603870263602
1.67409 329.784780525425 23.8903738016682
1.67676 157.779125781356 16.5244869464668
1.67943 275.776282452564 21.8462671036867
1.6821 281.529268461673 22.072734009989
1.68477 291.501341844745 22.4600233791223
1.68744 63.9235497405119 10.5175827504243
1.69011 309.004192604202 23.1240155401465
1.69278 69.7156226223074 10.983523724348
1.69545 239.330762641755 20.3503306616905
1.69812 137.968860736043 15.4510613695537
1.70079 365.545402681597 25.1498166826991
1.70346 229.603171277129 19.9319823372063
1.70613 291.121408305071 22.4437806783898
1.7088 224.630099467555 19.7147062692211
1.71147 333.62400288506 24.026049767681
1.71414 113.687267952824 14.0251344955092
1.71681 227.289378943527 19.8307017264927
1.71948 76.4315112552699 11.4995839083813
1.72215 217.120364460401 19.3817761944854
1.72482 188.68762977575 18.0680964764916
1.72749 320.473530684434 23.5469228263454
1.73016 212.968086016255 19.1952040601892
1.73283 340.500584553918 24.2712303429736
1.7355 239.597337007536 20.3596939750875
1.73817 291.989397581902 22.4755943408235
1.74084 250.693635643076 20.8255600603511
1.74351 290.170622320171 22.4052166288045
1.74618 238.360908036696 20.3066055902551
1.74885 281.5167673456 22.0683235614638
1.75152 265.24263641858 21.4208287260091
1.75419 215.853563988025 19.3237586186818
1.75686 186.011272942306 17.9382063538617
1.75953 270.104979948008 21.6158874382435
1.7622 234.79461713686 20.153395774716
1.76487 456.585289765494 28.1036361699264
1.76754 204.889502729676 18.826032413813
1.77021 258.545775532619 21.1477935478379
1.77288 223.52594475645 19.6633586046107
1.77555 275.974287914399 21.8486914603156
1.77822 263.491591909842 21.3487225286017
1.78089 246.519506934106 20.6495954724166
1.78356 118.555344410345 14.3200278359646
1.78623 242.916855776762 20.4979066223999
1.7889 227.505345057277 19.8369033768216
1.79157 265.72458189555 21.4383488060488
1.79424 191.840767314491 18.2155927760071
1.79691 215.724784431655 19.3161366857925
1.79958 81.5849667418083 11.8788037999089
1.80225 177.065277471101 17.4997402926134
1.80492 41.6688029946201 8.48921625667824
1.80759 238.302568720399 20.3012897533836
1.81026 97.2223134444467 12.9669974869
1.81293 209.378434708572 19.0291596033935
1.8156 95.3779545838497 12.8432465512439
1.81827 137.001440855935 15.3925498204775
1.82094 122.302703669415 14.5433083619546
1.82361 183.497152310572 17.8138188288033
1.82628 96.5960662133848 12.9246642476749
1.82895 167.277033463972 17.0080644017852
1.83162 52.8559072880668 9.56050166821406
1.83429 96.9816128092519 12.9501798412758
1.83696 86.531624128232 12.2325136462059
1.83963 286.348274312609 22.2521894746098
1.8423 153.822174513506 16.3091797839111
1.84497 278.51610939676 21.9454752140055
1.84764 141.935164349204 15.666140418757
1.85031 133.533668528998 15.1953107248627
1.85298 28.3332517495607 6.99938025340035
1.85565 164.741470569432 16.8775743373872
1.85832 123.771745058383 14.629062654016
1.86099 229.462276383907 19.9185891733944
1.86366 145.906160494482 15.8831604271593
1.86633 324.832220980043 23.6988264800117
1.869 128.678483034767 14.9158304826629
1.87167 259.407939738789 21.1779192181785
1.87434 128.201075311437 14.8879421111513
1.87701 199.780740442024 18.58501127928
1.87968 158.964528725022 16.5780450508755
1.88235 236.063615158455 20.2020253247782
1.88502 293.069093762717 22.5093304648921
1.88769 203.748405865588 18.7681669676558
1.89036 184.255565165235 17.8476991960124
1.89303 188.08620092784 18.0321528524498
1.8957 124.630430642429 14.6783873024501
1.89837 225.892954314823 19.7612685259275
1.90104 154.745852822934 16.3557448516523
1.90371 243.908649680823 20.5339313040882
1.90638 138.950470299617 15.4983762725332
1.90905 226.583814758577 19.7910264118345
1.91172 150.603889330505 16.1350255041401
1.91439 238.942653941419 20.3233871396467
1.91706 128.240426496869 14.8887902434606
1.91973 267.221248632343 21.492162484517
1.9224 188.841323426779 18.06719885136
1.92507 228.411249837742 19.8700398448398
1.92774 102.549713133146 13.3138881407786
1.93041 204.851965112028 18.8172186852477
1.93308 147.640249249679 15.9748002246755
1.93575 283.404701767321 22.1326931186944
1.93842 131.641884747203 15.0843106753723
1.94109 279.676609910967 21.9864028927141
1.94376 175.708352066572 17.4268943102806
1.94643 200.231083206381 18.6031817368744
1.9491 132.964555350953 15.1595778969373
1.95177 226.281430500337 19.7761300679919
1.95444 150.235332437301 16.1138968373104
1.95711 215.821529918012 19.3134387638761
1.95978 110.92518112577 13.8460208897381
1.96245 249.167381518581 20.7516765254555
1.96512 147.324332387502 15.9566794790782
1.96779 275.782125326797 21.8316230129417
1.97046 223.099616748781 19.6358661945753
1.97313 352.469970575733 24.6808094267889
1.9758 195.714069593001 18.3910720940377
1.97847 310.741672961555 23.1735974426076
1.98114 267.008706093842 21.4809807174016
1.98381 283.68326902168 22.1414440109879
1.98648 191.102040745338 18.1726987597648
1.98915 246.3008132665 20.630861973463
1.99182 165.952029328107 16.934540606456
1.99449 344.012998184396 24.3818832605965
1.99716 171.68434557974 17.2243505431947
1.99983 207.115746167547 18.9183115873329
2.0025 113.105831922048 13.9803216353474
2.00517 284.079300978975 22.1560995466716
2.00784 134.934319500119 15.2698078690216
2.01051 222.972609556575 19.6289454442717
2.01318 185.83980276687 17.9200586277378
2.01585 228.263114711677 19.8603444451707
2.01852 199.600535250312 18.5715694270156
2.02119 262.138179055832 21.2829460006567
2.02386 141.994397496262 15.6639416698484
2.02653 194.357280639077 18.3258745019066
2.0292 107.917348732753 13.6555370001934
2.03187 345.589519400601 24.4366843972146
2.03454 184.814859229569 17.8701949244285
2.03721 302.787179242148 22.8732794758526
2.03988 238.621587833348 20.3054869810606
2.04255 322.080068839765 23.5906179686086
2.04522 248.487561430649 20.7208977663553
2.04789 295.220695029735 22.5854365114619
2.05056 151.211905058378 16.1639288625832
2.05323 213.628546985694 19.2124358226093
2.0559 170.20781355688 17.1491019203047
2.05857 197.799274209002 18.4868462925687
2.06124 186.879485523034 17.9692581082425
2.06391 241.873517361624 20.4428922968579
2.06658 149.989536741172 16.09820712272
2.06925 279.661590733405 21.9817512609062
2.07192 117.244962280018 14.2328483331695
2.07459 233.781747526946 20.0978164079671
2.07726 203.352045646514 18.7441907660984
2.07993 282.164527095847 22.0796649327656
2.0826 124.58273100868 14.6713150479488
2.08527 343.106437765664 24.3474454529557
2.08794 182.064500227613 17.7357865406333
2.09061 248.248418928211 20.7099910180288
2.09328 121.507504777548 14.4889550337746
2.09595 155.79470017842 16.406302002214
2.09862 153.517223637662 16.2859000068024
2.10129 278.017589800244 21.9163419848912
2.10396 120.067314429711 14.4026592858796
2.10663 175.015617168914 17.3886973042471
2.1093 118.046033920378 14.2808054516385
2.11197 157.942017106071 16.5186366226227
2.11464 102.258007566243 13.2914505485376
2.11731 156.316159665893 16.4332707997067
2.11998 157.79126509046 16.5105640197402
2.12265 306.727018974595 23.0194426529156
2.12532 150.39205634653 16.1186844406285
2.12799 222.689192972251 19.6139503627021
2.13066 265.052237950825 21.3983159588454
2.13333 243.693645265408 20.5179665351328
2.136 181.536404577589 17.7089347080369
2.13867 212.353955940825 19.1531013437358
2.14134 129.79766533661 14.974099892508
2.14401 295.99010441162 22.6122739487053
2.14668 103.753042163549 13.3876521310501
2.14935 198.513279986092 18.5181304259683
2.15202 142.202866498232 15.6730994110993
2.15469 162.692498285346 16.7642000095926
2.15736 67.2651403193198 10.7793469994495
2.16003 229.32915588092 19.9033151334715
2.1627 166.378695995357 16.9528608732464
2.16537 166.695659003493 16.9689371736641
2.16804 122.333682591936 14.5366347360343
2.17071 218.238558575871 19.4157849133334
2.17338 115.174389317545 14.1047543158226
2.17605 160.426205376386 16.6465246767691
2.17872 51.3206811713461 9.4152202967461
2.18139 117.202873327507 14.2282591312662
2.18406 35.2799127099425 7.80629113631139
2.18673 217.20138840364 19.3691538366281
2.1894 212.947673203119 19.1784787700746
2.19207 165.470227877994 16.9058104650031
2.19474 99.9228220785703 13.1373195986848
2.19741 187.305453185287 17.9865548801024
2.20008 114.418667595929 14.0578717196923
2.20275 118.624272384711 14.3138646298128
2.20542 174.119006448035 17.3417249379481
2.20809 187.630663399783 18.0019764317832
2.21076 90.1401700590489 12.4774703551335
2.21343 242.363261033689 20.4597268954637
2.2161 267.568841221441 21.4972687535339
2.21877 293.605045510844 22.5188575004306
2.22144 86.4507246942371 12.2193468611273
2.22411 172.94474302367 17.28289275154
2.22678 110.036713490146 13.7857575411386
2.22945 205.91895441908 18.858583597128
2.23212 117.452461580406 14.2426581019514
2.23479 190.095295330215 18.1194391226734
2.23746 190.536750495069 18.1404276637037
2.24013 207.753598310353 18.9422471995931
2.2428 219.462805323667 19.4686915384279
2.24547 165.168568802524 16.8895890341486
2.24814 157.671786244315 16.5018050327946
2.25081 261.495212390116 21.2512953501941
2.25348 116.150247557304 14.1632422821417
2.25615 211.62189293107 19.1175392408432
2.25882 79.1963493973149 11.695084196233
2.26149 207.084241675379 18.9113867195638
2.26416 81.8984156608336 11.8928701774452
2.26683 115.858318828448 14.1452822455565
2.2695 72.8113763730946 11.2136424667054
2.27217 131.772729879687 15.0854730936713
2.27484 83.7833834461155 12.0288521992089
2.27751 59.9378557067051 10.1740746683956
2.28018 76.584236535567 11.5004038571976
2.28285 226.560360237795 19.7803713038052
2.28552 76.3425479484413 11.4821939898278
2.28819 136.920081364048 15.3770918064339
2.29086 162.225785233342 16.7378493170203
2.29353 134.230829799819 15.2252673383298
2.2962 130.340010618556 15.002952833794
2.29887 195.710022729462 18.3841468273996
2.30154 113.600609797229 14.0063969955725
2.30421 110.724532546697 13.8279323852963
2.30688 56.3446154168862 9.86417453828019
2.30955 126.217464790089 14.7636412706829
2.31222 119.368804604139 14.3574859255883
2.31489 224.050562191293 19.6700387256774
2.31756 155.920552256487 16.4090371105354
2.32023 210.133272339853 19.0492572158325
2.3229 83.632357922565 12.0175800565937
2.32557 128.177688053107 14.8776826002995
2.32824 35.377955002513 7.81618183065758
2.33091 183.646978161163 17.8081745465646
2.33358 60.5233859543426 10.2232348532968
2.33625 245.717782099209 20.5989100854548
2.33892 83.1464872538684 11.9824912536243
2.34159 224.700649344568 19.6982003550117
2.34426 106.07235309416 13.5339543546276
2.34693 164.131349018276 16.835212181422
2.3496 73.9546502599276 11.3006854761439
2.35227 162.802841154889 16.7668798721861
2.35494 112.047780479909 13.9098392502163
2.35761 190.426350425282 18.1335662413155
2.36028 62.9591980744162 10.4267392742856
2.36295 90.6180403790535 12.5090829461848
2.36562 100.250580728136 13.1571191213709
2.36829 200.136372477494 18.5900085331031
2.37096 75.0558873359039 11.384348397761
2.37363 241.431681572411 20.4179504198722
2.3763 121.041984971659 14.4571355453563
2.37897 231.712258664598 20.0026694714329
2.38164 117.635152893905 14.2521778436425
2.38431 237.197242059887 20.2379588683629
2.38698 166.194929799703 16.9402570338839
2.38965 127.582668466655 14.8424696693014
2.39232 54.710786417736 9.71954706550069
2.39499 128.699974420096 14.9072658893998
2.39766 88.4826380058589 12.3605278504882
2.40033 113.647198860966 14.0083367509629
2.403 63.9413171198075 10.5074378063356
2.40567 196.309343342721 18.4109050415516
2.40834 85.3068766233937 12.1365510571571
2.41101 202.071895594894 18.6790523027695
2.41368 142.006617434699 15.6586668959238
2.41635 190.341234376329 18.1286535170775
2.41902 59.6220289669442 10.1461457630077
2.42169 152.823772004196 16.2439555627815
2.42436 62.2344744724869 10.3659822867759
2.42703 229.615464184727 19.9110484727704
2.4297 72.3664577715792 11.1779158046381
2.43237 150.254918641547 16.1066469419761
2.43504 200.810852431944 18.6201422183779
2.43771 115.911127538906 14.1465514307361
2.44038 164.880169006114 16.8721661383915
2.44305 311.936959301599 23.2069818238325
2.44572 207.366581887045 18.9213989650783
2.44839 224.688739614114 19.695777353399
2.45106 132.358170750238 15.1166815410359
2.45373 115.743164220183 14.1360272917312
2.4564 77.7571240538117 11.5863970659976
2.45907 105.571924392547 13.5005401791955
2.46174 105.926008811887 13.5231182192628
2.46441 179.561847315167 17.6068306170983
2.46708 82.8883114813823 11.9624301192176
2.46975 191.528664939941 18.1839518066372
2.47242 103.160640432351 13.3452590777495
2.47509 175.444919032506 17.4035965044081
2.47776 110.120482404438 13.7879999852566
2.48043 198.326248954067 18.5035873293515
2.4831 103.0470791322 13.3377413697943
2.48577 126.339658654022 14.7683818129974
2.48844 45.7232174917051 8.88444017993326
2.49111 216.263900256197 19.3220100999737
2.49378 105.983263152083 13.5262542416606
2.49645 160.864360525796 16.6643137839869
2.49912 82.0369462963367 11.9003811864684
2.50179 129.3056468335 14.9404574777727
2.50446 163.574990462747 16.8040105308761
2.50713 248.9438045306 20.7302479866171
2.5098 61.0104793961634 10.2625526427079
2.51247 116.38705983037 14.1744060814839
2.51514 143.909460673062 15.7614633997655
2.51781 188.022006316148 18.0158828556796
2.52048 147.865144164471 15.976566685094
2.52315 213.193740619231 19.1839095761816
2.52582 154.480247789029 16.329982357158
2.52849 206.860612226165 18.8967658877139
2.53116 72.2350875120307 11.1666273794053
2.53383 156.115080044086 16.4160888382705
2.5365 90.7486679105057 12.5160341081186
2.53917 151.713919386379 16.1829862667542
2.54184 88.3670065410086 12.3506656855733
2.54451 153.811915621362 16.2944470722523
2.54718 46.3816311389587 8.94781485398742
2.54985 194.037170461927 18.3014622224838
2.55252 88.4337581967514 12.3552548244958
2.55519 228.516222624565 19.8609732917795
2.55786 159.453254718179 16.5904454240694
2.56053 171.114192520777 17.1863523387879
2.5632 153.109865813923 16.2570456712703
2.56587 205.93944007352 18.8542449306497
2.56854 91.8207538818776 12.5895193819873
2.57121 282.33013323649 22.0758118091783
2.57388 59.1507567644298 10.1045636092188
2.57655 160.226937768991 16.630469830696
2.57922 76.2164214099212 11.4699195581269
2.58189 131.766629948495 15.081278415843
2.58456 88.9744945639774 12.3927459255811
2.58723 193.119447814367 18.2577446804646
2.5899 50.5727902782795 9.34311995790936
2.59257 124.583882148747 14.6643811376387
2.59524 13.388771304436 4.80731427111454
2.59791 172.114231477867 17.2361349852921
2.60058 46.3995274427124 8.9492731315668
2.60325 156.000295620348 16.4094263081881
2.60592 45.4322810108222 8.8554913101433
2.60859 220.584311276978 19.5127016236106
2.61126 142.471921923931 15.6817468143528
2.61393 205.13196127781 18.8168171853986
2.6166 38.0905238305439 8.10844686334296
2.61927 147.557453897472 15.9591399014682
2.62194 167.738291465033 17.0155000261425
2.62461 135.079529943986 15.2694390174308
2.62728 99.8791809842985 13.1300234204872
2.62995 269.852378231949 21.5819579738185
2.63262 95.6795182258821 12.8509996132827
2.63529 204.868383158365 18.8046213808818
2.63796 110.639550469948 13.8191721793072
2.64063 222.832705167335 19.6117340831854
2.6433 187.843588458363 18.006297479953
2.64597 244.990482841242 20.563666057846
2.64864 75.0917703875203 11.3847057563474
2.65131 194.348864814087 18.3153973869463
2.65398 75.4838112855789 11.4143702288686
2.65665 172.132924201702 17.2368031223077
2.65932 110.024985203402 13.7806629342581
2.66199 220.72619320544 19.5187090538555
2.66466 78.8030205798578 11.6625975473295
2.66733 60.6553184112549 10.2319404390681
2.67 19.1598862633674 5.75068694699046
2.67267 121.756054799128 14.4966698971631
2.67534 63.5108687177381 10.4700003361387
2.67801 76.3981102614812 11.4832198652139
2.68068 13.7251654571797 4.86721879445862
2.68335 133.790107903481 15.1961572891725
2.68602 61.6180432375377 10.3127723842316
2.68869 105.66390017743 13.5046863686974
2.69136 35.7363622230045 7.85373164836786
2.69403 163.285088873268 16.7878025912711
2.6967 40.5300578896686 8.36390141659344
2.69937 159.59348570605 16.596922895984
2.70204 39.6365293917969 8.27118782309835
2.70471 124.782510933762 14.6756417686016
2.70738 13.0112595945424 4.73892768877561
2.71005 139.34295059248 15.5082602796265
2.71272 62.1334928715235 10.3557994979638
2.71539 182.565077777034 17.7512839664612
2.71806 65.0581348567709 10.5967305519035
2.72073 150.793524977013 16.1329059899716
2.7234 81.1072864646687 11.8318147505006
2.72607 255.453276838416 20.9979710920113
2.72874 82.1822586398606 11.9099736336788
2.73141 141.524029115652 15.6292099351581
2.73408 149.351131854612 16.0555933823857
2.73675 185.498445679202 17.8933809547637
2.73942 36.0196895468896 7.88483160368897
2.74209 146.668671073957 15.9107732844146
2.74476 121.058956473077 14.4551046785173
2.74743 172.879546448684 17.2740731497882
2.7501 77.0259296951893 11.5303261126224
2.75277 135.566532986883 15.2967627169071
2.75544 54.5710534396736 9.70520298394583
2.75811 158.282954123927 16.5287761097582
2.76078 92.5810452488999 12.6410989932518
2.76345 242.078339653704 20.4409900838974
2.76612 123.885521027098 14.6229301832422
2.76879 138.545421162537 15.4639482728934
2.77146 42.4311633302855 8.55789469617892
2.77413 106.166403600725 13.5368678971738
2.7768 45.5036028207858 8.86232553953196
2.77947 70.3702502899477 11.0209624795289
2.78214 25.0955534639872 6.58147951913035
2.78481 123.304820462001 14.5886579474306
2.78748 66.439395167225 10.7087386180196
2.79015 148.089170428942 15.9877483008138
2.79282 50.1427986637499 9.30315177691355
2.79549 199.523433206832 18.5576485211259
2.79816 49.249384648528 9.21990749617393
2.80083 171.80599614817 17.220488374495
2.8035 86.0905955627398 12.1900042081851
2.80617 93.5377079385601 12.7062985460462
2.80884 68.1400908573356 10.8449297105994
2.81151 164.987969209312 16.8752890284211
2.81418 47.849151456059 9.087865599423
2.81685 105.040042294263 13.4648622044179
2.81952 46.5763440455542 8.96616778032505
2.82219 77.1582419934031 11.5402447413265
2.82486 59.1071509430823 10.1005160802047
2.82753 176.964433960325 17.4769740310314
2.8302 95.8281780108629 12.8608464989779
2.83287 111.473436435462 13.8710177661744
2.83554 44.3091290631428 8.7451836477126
2.83821 83.9407585356005 12.0367285330084
2.84088 46.9030441604866 8.99750777362348
2.84355 90.199321850326 12.4773697593913
2.84622 66.3007539689357 10.6974517602198
2.84889 140.002358001638 15.5449193179787
2.85156 62.1186931563363 10.3545599367523
2.85423 102.41420400005 13.2953655321738
2.8569 17.0554654836806 5.42564866009816
2.85957 93.3581365891345 12.6939171759204
2.86224 47.2344492597509 9.0291879841867
2.86491 37.8039876414307 8.07770088273581
2.86758 35.4331916029443 7.8203067993565
2.87025 73.089756753338 11.2317287656402
2.87292 65.5971561093934 10.6404635561064
2.87559 114.652231402697 14.0672430974875
2.87826 47.0071280719665 9.00739669776932
2.88093 130.634725017775 15.0157297208747
2.8836 53.2372801252662 9.58572020772286
2.88627 63.6294528087506 10.4796217353735
2.88894 7.99372766928722 3.7144189044908
2.89161 62.6690746156273 10.4002203687394
2.89695 71.6736747171564 11.1223132975764
2.89962 4.81614042483368 2.88313266912996
2.90229 16.9233935673667 5.40454796854131
2.90496 16.714319732459 5.37106729108981
2.90763 26.8125417917566 6.80277059604341
2.91297 30.8963933946774 7.30250578675306
2.91564 26.0140627798203 6.70073897858139
2.91831 91.5866350158214 12.5728939441492
2.92098 17.5407909648454 5.5023014403256
2.92365 30.3318710537132 7.23552394801659
2.92632 25.6131485298829 6.64894071731559
2.92899 62.6467876523027 10.3985066056699
2.93166 32.5370178497916 7.49395418336387
2.93433 86.0171029879426 12.1847089148648
2.937 21.4813931638636 6.08912047436525
2.93967 77.2211388928591 11.5449495132119
2.94234 58.1254190448127 10.016305847812
2.94501 97.1979720068575 12.9525036289695
2.94768 27.9393711254274 6.94438876976036
2.95035 58.4505768201172 10.0443238189538
2.95302 21.0085623555536 6.02178248061124
2.95569 39.3215879284518 8.23840262075693
2.95836 19.4966644435141 5.80107178101517
2.96103 119.993134277133 14.3915268245508
2.9637 2.6675548871065 2.14578372424878
2.96637 110.977155081466 13.8403365387787
2.96904 14.0791368727864 4.92967699648395
2.97171 77.7757860439885 11.5865261259588
2.97438 40.6428395562318 8.37574899910056
2.97705 47.1517153044106 9.02154610303757
2.97972 26.6724649823732 6.78522718617489
2.98239 21.1332373542363 6.03971469786964
2.98506 7.84626076963578 3.68014872029972
2.98773 74.2652001020989 11.3221074042604
2.9904 24.1788340037428 6.46030260948326
2.99307 77.4293444549224 11.5608180940051
2.99574 39.1331799410437 8.21880995813024
2.99841 93.6652608312213 12.7152889535293
