-0.19988 9.27205176075785 4.4766103980749
-0.19725 33.1449606011879 8.46227802557102
-0.19462 23.8951311181373 7.18379988441979
-0.18147 32.5745975305572 8.37999033126575
-0.17884 29.4194408073728 7.96236354689178
-0.16306 19.2424808678358 6.43249662010076
-0.16043 24.1637731629247 7.20695839779029
-0.1578 4.65645956990526 3.1631379618285
-0.15517 3.86568214797668 2.88153456760455
-0.15254 3.93547296728293 2.90689769584621
-0.14991 60.1387283575199 11.3613225563861
-0.14728 37.1059643072049 8.9226547838972
-0.14465 39.1982462245392 9.16908456310695
-0.14202 11.1269752604096 4.88429202977232
-0.13939 17.7136441097039 6.1615133060641
-0.13676 3.52119149498118 2.74662012750019
-0.13413 25.9081565752858 7.44890347165233
-0.1315 51.3005846501482 10.4798612226858
-0.12887 17.5637598345281 6.13088788771014
-0.12624 49.7401498433714 10.3154552652882
-0.12361 16.6931911069789 5.97481874139527
-0.12098 5.3903136607646 3.39455021775467
-0.11572 70.8664857796976 12.3037051203
-0.11309 14.6745245683288 5.59780240534522
-0.11046 3.92713657941516 2.89530017776662
-0.1052 13.1144902698267 5.28897254678027
-0.10257 14.3242903595286 5.52652481305057
-0.09994 16.6118962656308 5.95038550844209
-0.09731 14.8904090906446 5.63286288432818
-0.09468 49.083858625291 10.2257499630316
-0.09205 2.08360072208454 2.10660453665455
-0.08942 1.7094046559263 1.90786719118045
-0.08679 46.0599007163847 9.90232368987145
-0.08416 39.2146352017452 9.13586386183083
-0.08153 54.6547596284237 10.7842369670516
-0.0789 27.9431480589283 7.71015272221942
-0.07627 34.1591275057471 8.52370821607398
-0.07364 78.3311635363264 12.9060202505207
-0.07101 114.664536903479 15.6131116759441
-0.06838 127.848575804502 16.4843828724383
-0.06575 169.092393179154 18.9555595993258
-0.06312 148.940797364811 17.7881682731063
-0.06049 110.222872993439 15.3006563450575
-0.05786 88.4760385636159 13.7068236791633
-0.05523 109.167275090011 15.223692705039
-0.0526 87.6353628461897 13.6383942105905
-0.04997 56.0281258884842 10.9037617086806
-0.04734 38.2159436043094 9.00420440093439
-0.04471 145.81221243348 17.5861080532246
-0.04208 153.621239529439 18.048792173843
-0.03945 129.276439630626 16.5551040911394
-0.03682 140.060257774506 17.2297662667994
-0.03419 155.985581585709 18.1808357342354
-0.03156 264.541192437967 23.6737984447765
-0.02893 429.241652635998 30.1524001190214
-0.0263 499.066605195498 32.5087198454685
-0.02367 522.20152662388 33.2498219436249
-0.02104 532.443240137352 33.5704022561364
-0.01841 693.058748201373 38.2960984192788
-0.01578 638.091305126934 36.7418082817436
-0.01315 625.887068327635 36.384524069893
-0.01052 668.660429692992 37.6028796706419
-0.00789 583.085975210671 35.1102695550065
-0.00526 565.836419114448 34.5830167520907
-0.00263 623.840237932034 36.3081120905692
-0 595.134022984572 35.4587892676115
0.00263 573.42019056023 34.8028347672501
0.00526 622.698262290755 36.2644198836544
0.00789 652.891035425219 37.1300926318369
0.01052 518.025345696792 33.0708190342669
0.01315 499.656600980306 32.4764851925722
0.01578 427.935959753334 30.0528976041732
0.01841 325.898578080218 26.2241814696553
0.02104 264.441037898035 23.6204886202803
0.02367 220.821930943854 21.582874648583
0.0263 134.659613030413 16.8527429944623
0.02893 190.273988180817 20.0311254685526
0.03156 140.324862927582 17.200721803176
0.03419 52.8968914107322 10.5598596378796
0.03682 105.801189915142 14.9331714740826
0.03945 55.7719724930435 10.8412279943107
0.04208 91.5616531995644 13.8896397556813
0.04471 54.181275358211 10.6837192864503
0.04734 88.225944996451 13.6320037697246
0.04997 98.3652284945286 14.3928240425244
0.0526 132.466004507727 16.700947134494
0.05523 55.9364243526819 10.8517529124616
0.05786 24.8349871924996 7.23016441318195
0.06049 42.9480902375324 9.50718144519061
0.06312 40.3234004010722 9.21132431077374
0.06575 45.4204439797409 9.77536146652558
0.06838 34.593705771577 8.53039839099338
0.07101 47.5529029324633 10.0005276373742
0.07364 58.9018984876365 11.1291671286192
0.07627 91.0087146350208 13.8325778364291
0.0789 90.2838025882975 13.7762229291246
0.08153 113.444177618642 15.4411609069049
0.08416 61.0142076951449 11.3231673832334
0.08679 64.8407329947995 11.6718577815652
0.08942 81.5750920152295 13.0905652402376
0.09205 90.0413503753008 13.7519470329572
0.09468 70.3280766756356 12.1526539987259
0.09731 144.420764190562 17.4134630172135
0.09994 166.210451530847 18.6794056156925
0.10257 174.862327768632 19.1583008049146
0.1052 239.695679456231 22.4292458841716
0.10783 254.984717180402 23.1322219611808
0.11046 241.408130968776 22.506705359596
0.11309 270.148193819878 23.8074408266738
0.11572 273.280467730047 23.9437226713516
0.11835 335.884003128437 26.5434721977478
0.12098 372.222620571215 27.9408842742323
0.12361 335.725179091248 26.5342252971641
0.12624 327.131135042583 26.1909398190113
0.12887 380.761788754878 28.254817468342
0.1315 387.276418267761 28.4939091363695
0.13413 392.432835184431 28.6813676499573
0.13676 487.89344419992 31.9782987155761
0.13939 523.026151894003 33.1077936400396
0.14202 651.834165617975 36.958366522886
0.14465 669.253459563892 37.4468411646855
0.14728 678.692005209512 37.7078619280428
0.14991 754.623756043486 39.7590904425793
0.15254 721.690156507339 38.8796417838049
0.15517 849.080139751348 42.1693457001435
0.1578 1087.36772153245 47.7184572146204
0.16043 1405.66544089417 54.2518823312694
0.16306 1857.62508357084 62.3632169349066
0.16569 2346.0467631986 70.0798969969509
0.16832 2774.63394229057 76.2085350736137
0.17095 3186.94006478962 81.6701503027532
0.17358 3557.12954928076 86.2783609386418
0.17621 3808.83224262516 89.2737139633164
0.17884 3856.61441170339 89.8269021990222
0.18147 3848.60415362016 89.7285324571421
0.1841 3803.04133951282 89.1908068862661
0.18673 3892.94920120494 90.2338655213615
0.18936 3917.29261151417 90.510470498253
0.19199 3949.90045336994 90.8812956516932
0.19462 3879.68878206557 90.0648842859183
0.19725 3686.43655395943 87.7881801450668
0.19988 3443.3865316113 84.8403069080512
0.20251 3271.33516626353 82.6900629791154
0.20514 2892.92457023812 77.7572358886193
0.20777 2473.36554679243 71.8948642561958
0.2104 1967.83462572192 64.1253085476941
0.21303 1550.45912450915 56.9176265620457
0.21566 1325.13531981623 52.617254950587
0.21829 1120.07022100442 48.3729025184449
0.22092 1065.04417334517 47.1677087159026
0.22355 769.372555588958 40.0876650408805
0.22618 668.645852824844 37.3699001967696
0.22881 552.049136863965 33.9542522676454
0.23144 508.816517005471 32.5962278754407
0.23407 443.346198868 30.4256369899456
0.2367 414.044487081858 29.4017463270071
0.23933 276.953569462007 24.0455404705011
0.24196 307.47670148195 25.3348654149891
0.24459 282.594109205201 24.2870899142659
0.24722 266.272458350756 23.5742825384254
0.24985 262.17500920251 23.3911964638894
0.25248 208.714026133124 20.8695957775901
0.25511 203.594134651028 20.6111525526838
0.25774 195.505050492945 20.1966836374254
0.26037 195.080389731355 20.1738739738691
0.263 203.36763134494 20.5970410136119
0.26563 226.453482352456 21.7337587109432
0.26826 159.761654000229 18.2542095910106
0.27089 176.285309283246 19.1741551524901
0.27352 173.976516823852 19.0473651749792
0.27615 219.281529572335 21.3831672461885
0.27878 280.998960017368 24.2049826656099
0.28141 311.987927795541 25.5036726686754
0.28404 313.164637912451 25.5506291643399
0.28667 238.159102457103 22.2807723430837
0.2893 289.622306356198 24.5693721764624
0.29193 244.834121175071 22.5889181407617
0.29456 353.612970553119 27.1459444946509
0.29719 365.934386636971 27.6136538257817
0.29982 421.108993956035 29.6211059052797
0.30245 518.184973006667 32.8573051554266
0.30508 503.419281159732 32.3847075176249
0.30771 519.775343676468 32.905494008849
0.31034 644.662621760769 36.6447989925316
0.31297 649.302205857114 36.7752012116491
0.3156 681.638341915027 37.6785466650843
0.31823 659.728835546449 37.066825055688
0.32086 709.237100288732 38.4311954991303
0.32349 796.411690203202 40.7232565856211
0.32612 758.226212758058 39.7336626000351
0.32875 838.320803519943 41.7782109198212
0.33138 895.012057679803 43.1662848580768
0.33401 890.563312496084 43.0574336699579
0.33664 851.369768904541 42.0978934550488
0.33927 833.038218779261 41.6408154430662
0.3419 845.624501446073 41.9528095219466
0.34453 781.057379324776 40.3180249565067
0.34716 741.859020538524 39.2919857091645
0.34979 725.438190190718 38.853397400015
0.35242 796.500728791356 40.7105890784296
0.35505 677.46375698932 37.5441983139186
0.35768 558.555530491195 34.0893314064381
0.36031 584.791908136473 34.8795991279847
0.36294 594.701030455274 35.1726956796757
0.36557 485.313490997146 31.7726172780708
0.3682 564.227793758447 34.2574116620404
0.37083 482.631146852992 31.6825756161715
0.37346 466.459272071863 31.1462072900215
0.37609 437.246332708209 30.1541359736324
0.37872 391.170432620429 28.5201829271547
0.38135 407.343321766974 29.1028212187925
0.38398 467.561020641682 31.1788026905804
0.38661 342.674943259766 26.6911294776576
0.38924 323.727755931111 25.9418675281079
0.39187 328.432810365443 26.1288338846627
0.3945 231.2843531648 21.9257963355644
0.39713 266.691019368902 23.5435492086275
0.39976 283.73463658913 24.2834391751575
0.40239 232.881551643997 21.9993677190301
0.40502 176.187494153956 19.1345755929221
0.40765 197.575145768636 20.2621762192687
0.41028 193.99360306914 20.0771597511999
0.41291 167.360750137509 18.6476458949254
0.41554 88.6842280050123 13.5740372894061
0.41817 127.917095358274 16.3019205882495
0.4208 88.3572176444304 13.5482789346613
0.42343 117.235846145104 15.6056534774655
0.42606 91.7267891644167 13.803476419732
0.42869 120.426402691278 15.8157529300414
0.43132 96.0040506318558 14.1209015914064
0.43395 65.8929626788379 11.6983819582232
0.43658 74.1200045108444 12.4068813740336
0.43921 49.4494553450425 10.1336126197837
0.44184 63.3928044905814 11.4734005366667
0.44447 45.6085163118733 9.73158934692444
0.4471 120.806270764262 15.8377750485448
0.44973 58.2365215088532 10.9960263752463
0.45236 44.5199243780866 9.61399510118574
0.45499 87.3993006732372 13.4700526617283
0.45762 60.283518631109 11.1867321110163
0.46025 33.78585984666 8.3745225371829
0.46288 79.0043009364443 12.8057954481396
0.46551 103.817498645617 14.6792916246246
0.46814 63.1397199244653 11.4474766897707
0.47077 123.680847205906 16.0213198860305
0.4734 101.536539952552 14.515996977149
0.47603 88.836326485771 13.5774936205735
0.47866 48.5827734058942 10.0404709806816
0.48129 74.2991412984326 12.4163358735269
0.48392 157.440421706998 18.0737511268019
0.48655 160.454822232789 18.2454753534226
0.48918 221.552977704756 21.4390832654089
0.49181 151.189093015363 17.7099063684538
0.49444 238.415293913844 22.2388183860969
0.49707 295.947357627386 24.7765312074838
0.4997 235.617612567317 22.106793934904
0.50233 255.25047104126 23.0088569452166
0.50496 371.234046512701 27.7477332337933
0.50759 313.427531557387 25.4955288481859
0.51022 232.232409534791 21.945663224865
0.51285 282.298635141815 24.1954401831241
0.51548 403.654257530712 28.9318196350352
0.51811 380.62166053416 28.0937408245102
0.52074 368.597135038356 27.6458941366293
0.52337 353.350067098252 27.067559057262
0.526 345.51207022867 26.7651669373778
0.52863 286.704794557422 24.3807837692746
0.53126 256.541410324926 23.0622015825621
0.53389 213.254032904753 21.0262823084876
0.53652 263.926489713471 23.3909141435363
0.53915 167.180646856212 18.6161788991757
0.54178 166.529508428415 18.5795410552999
0.54441 187.409221084794 19.7095495244006
0.54704 125.746852767917 16.1443892743973
0.54967 129.909195173269 16.4091030579416
0.5523 182.216819548348 19.4334973361657
0.55493 88.431656598132 13.5379358468028
0.55756 78.1681108638314 12.7278549235095
0.56019 82.3360081468879 13.0625254233663
0.56545 19.1991325705379 6.3074921844567
0.56808 54.5578397348242 10.6325231246078
0.57071 12.7537798845283 5.14066196829707
0.57334 8.90240223177486 4.29482062479614
0.57597 102.239970866633 14.5543768909215
0.5786 18.3547612384634 6.16665231101754
0.58123 60.4117247682206 11.187358225686
0.58386 115.059654341024 15.4390400390648
0.58649 27.2596494869297 7.51468409355223
0.58912 94.9110295465375 14.0217031993424
0.59175 105.053339409815 14.7516021822512
0.59438 39.9760079327842 9.09967339188108
0.59701 40.0105811638031 9.10343625824838
0.59964 34.7879312902842 8.48836526785082
0.60227 23.1482115635558 6.9240524281635
0.6049 34.4023063852951 8.44087144703809
0.60753 49.8580843869712 10.1613914127029
0.61016 54.7946400215729 10.6523715269067
0.61279 31.0259622187778 8.01552134595392
0.61805 46.9386264325605 9.85866459238179
0.62068 77.7528018732863 12.6882815098965
0.62331 51.8964986570181 10.365868345501
0.62594 83.1070687434711 13.1173926841989
0.62857 12.9449888801556 5.17691764097519
0.6312 25.2395519143541 7.22858200886637
0.63383 53.0015352526431 10.4748640231058
0.63646 108.957316148203 15.0184199595969
0.63909 133.397089981677 16.6173244674002
0.64172 6.91742780076182 3.78400860703334
0.64435 7.04462926329522 3.81856990113328
0.64698 58.8512360789368 11.0367535184177
0.64961 45.9932713625621 9.75669153400962
0.65224 102.097006577154 14.5362975297041
0.65487 160.514770480839 18.2262227888478
0.6575 169.292469413635 18.7175873125929
0.66013 79.2662261180807 12.8075780889593
0.66276 114.217308469998 15.3737833294282
0.66539 76.3878862310731 12.5724209808096
0.66802 172.07438976186 18.8693378470368
0.67065 184.745305704474 19.5513666420334
0.67328 168.557705836874 18.6748272113065
0.67591 233.989782899026 22.0025291813204
0.67854 202.582506467284 20.4723171207545
0.68117 169.438910651146 18.7225274895212
0.6838 120.336593835659 15.7778793209629
0.68643 113.390472260986 15.3154557765668
0.68906 189.749707919551 19.8118062493545
0.69169 145.770070470308 17.3643913897309
0.69432 96.6013636237047 14.1354253924561
0.69695 76.3094198549975 12.5631400088944
0.69958 68.8770359815181 11.9354340658038
0.70221 46.809426879655 9.83924516419397
0.70484 24.0734886241126 7.05600817271795
0.70747 20.1282617008666 6.45189267355412
0.7101 62.4077655824723 11.3605080893668
0.71273 92.7835835763434 13.8518713310825
0.71536 68.9505121869148 11.9408726055429
0.71799 50.9518923323443 10.2645972719329
0.72062 86.8946144451361 13.4045619014137
0.72325 36.4261445464874 8.67875115813865
0.72588 15.9090579259147 5.73544742302351
0.72851 26.1830968719832 7.35783451587525
0.73114 3.77969325069949 2.79551756518796
0.73377 27.2430752302088 7.5050994373887
0.7364 31.6874695987227 8.09406343578386
0.73903 85.9892337532267 13.3333506610298
0.74166 50.8230199350896 10.2504264286683
0.74429 15.9218372436145 5.7372361558073
0.74692 23.2042893836239 6.92603545452849
0.74955 74.8305882327537 12.4375428689254
0.75218 113.810045472616 15.3383889552777
0.75481 109.35557232026 15.0350315548534
0.75744 68.9741261660437 11.9404700961169
0.76007 66.6858107277813 11.7405779431391
0.7627 41.0966008933956 9.21658740837312
0.76533 18.0987171299462 6.11625420458632
0.76796 85.9206926612958 13.3261578138974
0.77059 37.9933180629685 8.86143620013167
0.77322 34.3960415166947 8.43138986623929
0.77585 32.2316580373865 8.16170133459855
0.77848 11.791692244715 4.93653111284727
0.78111 39.4367851956711 9.02773907865223
0.78374 49.5657415561052 10.1207683693736
0.78637 66.4979689043974 11.7225287579548
0.789 9.74799925949705 4.48816996773703
0.79163 6.93637670210702 3.78592775192921
0.79426 31.7334388666771 8.09764978838427
0.79689 13.5451895471071 5.29038647306437
0.79952 47.9367231592685 9.95230007302894
0.80215 38.6587656023728 8.93733531180838
0.80478 15.0144091735448 5.56972031382691
0.80741 25.6769824056564 7.2836062272048
0.81004 54.285832952567 10.5904136275654
0.81267 71.5149921302549 12.1552366888221
0.8153 42.3931319739616 9.35853408599747
0.81793 14.6870180555149 5.50835715771432
0.82056 64.6684346031861 11.558371630228
0.82319 57.2895877467498 10.8788635775093
0.82582 108.334008600628 14.9597140071241
0.82845 54.854667290052 10.6449316942551
0.83108 22.1305398865443 6.76125464509274
0.83371 26.6974612363053 7.42611161700475
0.83634 84.8338944813993 13.2375128388633
0.83897 16.6165740409418 5.85851622696866
0.8416 52.5032601833207 10.4137040469421
0.84423 74.9118243808007 12.4389145261793
0.84686 38.382449745867 8.90366564866853
0.84949 62.3178811055802 11.3449879348786
0.85212 49.7892808504556 10.1405340356087
0.85475 40.1354742369147 9.10442034952951
0.85738 106.981551362168 14.8640702077785
0.86001 121.06599099341 15.8121011454135
0.86264 114.614175985223 15.3848360312047
0.86527 136.973125382388 16.8184739571809
0.8679 88.373829349682 13.5090852340182
0.87053 10.1040439218593 4.56779829369267
0.87316 24.4291235062523 7.10245430203912
0.87579 37.4545177191904 8.79431080721012
0.87842 77.3116018492058 12.634767121138
0.88105 1.97910845609205 2.02150538659272
0.88368 44.6251476869515 9.59898114871836
0.88631 11.9855126406086 4.97460741007009
0.88894 3.73846265582171 2.77825579139535
0.89157 37.6561186763975 8.81736220735255
0.8942 6.34859370367732 3.62038595099803
0.89683 53.9442278184754 10.5531908836461
0.89946 68.5107778743281 11.8928502845742
0.90209 1.10173173199267 1.5081336228842
0.90735 7.5507308927384 3.94809120568079
0.90998 40.7571912118153 9.1725523203434
0.91261 22.7438951005701 6.85197688894098
0.91787 4.75802415331599 3.13391761443561
0.9205 4.8455958057665 3.16259252226677
0.92839 39.1846129800177 8.99318664863527
0.93628 1.8221845070553 1.93926955336867
0.93891 7.17743205709614 3.84876984902275
0.94154 7.30953299649602 3.88398554082647
0.94417 4.44686204207283 3.02938875777594
0.9468 75.6351655889597 12.4935383558714
0.94943 27.1059489799222 7.47913330141638
0.95995 10.2833068074701 4.60645602405674
0.96258 40.8157648811852 9.1771936117713
0.96521 17.983275865018 6.09152062602893
0.96784 46.9797172573568 9.84559362955955
0.97047 67.0921460340489 11.7657045976254
0.9731 23.4625507760617 6.95769044249061
0.97573 25.7948241479815 7.29523298842733
0.97836 63.6180305328766 11.4566694231694
0.98099 51.2166236010566 10.2794324042771
0.98362 89.1928658496989 13.5651347655713
0.98625 0.881816272248304 1.34878739462668
0.98888 53.3258713194623 10.4886311973893
0.99151 27.6374098492878 7.55081612798758
0.99414 13.543424699286 5.28572865167043
0.9994 12.8178058960084 5.14207304352623
1.00203 32.632930842152 8.2045499770255
1.00729 14.0933007778046 5.39165942505274
1.00992 47.4921893247099 9.89741701753271
1.01255 23.1769516001739 6.91406747919923
1.01518 0.220543558246571 0.674446225102959
1.01781 13.3341399489616 5.24417682276483
1.02044 79.1927789597687 12.7800424491652
1.02307 95.5279012998329 14.0361921685534
1.0257 28.3539912829053 7.6469098478942
1.02833 73.2617817581665 12.2917095623945
1.03096 54.8167356687708 10.6322411529493
1.03359 44.3954582337861 9.5682427909049
1.03622 51.8140070917019 10.3366827486692
1.03885 65.2926499555208 11.6033776233604
1.04148 23.4665395044707 6.95619080000433
1.04411 33.0072082078862 8.2498497268245
1.04674 80.2476980402547 12.8633063934178
1.04937 95.0283834113108 13.9977320039082
1.052 115.271870025132 15.4165556173448
1.05463 31.4198792294773 8.04864219663929
1.05726 14.6734258221232 5.50022944455048
1.06252 4.63181767869211 3.09015408424456
1.06515 33.3399435819711 8.29051515929156
1.06778 15.21304556747 5.60017825181777
1.07041 49.1679463926667 10.0676818373217
1.07304 6.81268834828579 3.74750644720227
1.08093 27.4088169762294 7.51644202222645
1.08356 75.3748955158623 12.4645099155222
1.08619 55.5265278952197 10.6981032218812
1.08882 48.8109605593286 10.0302066634636
1.09145 20.039086320608 6.42665285101692
1.09408 74.095733259473 12.3576861781881
1.09671 75.8261491912881 12.5009996005645
1.09934 69.8183167306817 11.9953964601986
1.10197 64.3322219206203 11.5143876212422
1.1046 7.87765034977506 4.0292274758959
1.10723 42.2642635930298 9.33269249147299
1.10986 17.7008867791295 6.03969046828135
1.11249 18.0267947268422 6.09499414720856
1.11775 21.8582684318947 6.71143899118491
1.12038 4.27415137452314 2.96776552240576
1.12564 5.64169449551324 3.40959778859888
1.12827 10.6169981189403 4.67730946095307
1.1309 18.0800380339053 6.10368019671172
1.13353 13.9399894322248 5.35944957526293
1.13616 31.7733694835303 8.09128445904769
1.13879 1.40207865845501 1.69968674879765
1.14142 1.42789366568651 1.7152502792457
1.14405 42.4129144251857 9.34814605822825
1.14668 64.7897534734367 11.5538429749629
1.14931 22.0368846995164 6.73822118437277
1.15457 28.5317560202424 7.6670473532898
1.1572 43.2393662600639 9.43844437223903
1.15983 65.4191379652137 11.6094069443687
1.16246 90.3033617295382 13.6397512776001
1.16509 39.8661528052103 9.06261480167328
1.16772 27.7329286002811 7.55868226671905
1.17035 20.2178368504253 6.45375437584249
1.17561 40.123765151465 9.09158617456172
1.17824 8.74768287557514 4.24504404112482
1.18087 8.09011052641153 4.08234569220688
1.1835 91.9760419310978 13.7647007444682
1.18613 104.070694746403 14.6416664131233
1.18876 47.3374811575198 9.87474112161727
1.19139 45.2556934805943 9.65509660613513
1.19402 37.9253777430872 8.83856650633952
1.19665 71.5396045459726 12.1391145392505
1.19928 33.7726518222151 8.3405211516458
1.20191 15.914531009407 5.72537938599971
1.20454 35.8742038044127 8.59597411353542
1.20717 94.1014251044807 13.9219054344162
1.2098 53.0958145242547 10.4574871266878
1.21243 29.4489612288305 7.78805124734293
1.21506 9.455555011066 4.41300011636648
1.22032 7.16448701508199 3.8412821401943
1.22295 43.1914638957064 9.43146667335734
1.22558 47.7699416555174 9.91868831777037
1.22821 41.876515180729 9.28664341999627
1.23084 4.64941063766316 3.09434740671004
1.23347 2.66802995567192 2.3440241638874
1.2361 24.87719258287 7.15754410711369
1.23873 65.3145903456596 11.5975183306414
1.24136 62.8727734833595 11.378575312331
1.24399 9.33933054438124 4.3854187318123
1.24662 16.8955571865182 5.89842509084769
1.24925 12.0571924572729 4.98275484936495
1.25188 20.2504193876055 6.45743509516783
1.25714 44.4917063045427 9.57140733577304
1.2624 31.2805551688791 8.02540066808543
1.26503 22.0887017647726 6.74390133682834
1.27029 1.61162511258598 1.82159302302019
1.27292 35.3741181104465 8.53412041502094
1.27555 28.5776966386016 7.67054427145366
1.28081 7.77492123221646 4.00086408020722
1.28344 35.3925529047642 8.53607766319198
1.28607 3.3497211381053 2.62605219534347
1.2887 53.9630014355005 10.5400747203593
1.29133 48.321737568163 9.97386593520308
1.30185 20.8326345041004 6.54864108127039
1.30448 30.5984594376854 7.93644647061927
1.30711 9.55498145161729 4.43494720922482
1.315 14.5159715735776 5.46623431258962
1.31763 14.7832630381324 5.51629598989537
1.32289 48.3215695275755 9.97303548207522
1.32552 27.7879949035929 7.56280099867847
1.33078 24.8226787013055 7.14780719650606
1.33341 44.8438081071977 9.6072030255722
1.33604 20.0537597362073 6.42452241742832
1.33867 31.5503088989562 8.05827292351248
1.3413 11.3321805704692 4.82941055326327
1.34393 16.0782535754117 5.7524657275995
1.34656 27.0980188945778 7.46793609315056
1.34919 14.0724508062058 5.38163093263255
1.35182 41.1946510543864 9.20760488599503
1.35445 21.3249857060527 6.62472498510371
1.35708 15.8434710100075 5.71012828605509
1.35971 6.20275564672987 3.57281273744336
1.36497 1.5496688549756 1.78579584414576
1.3676 3.7149974064195 2.76495986689138
1.37023 30.883456499078 7.97204504290294
1.37286 13.5964829901918 5.28953267290899
1.37549 80.5466377294419 12.8743389595227
1.37812 38.1764904153704 8.8633204284153
1.38075 28.4461284543615 7.65080709532022
1.38338 81.6123036553113 12.9589765988018
1.38601 18.8434971843736 6.22688520553543
1.38864 12.8537890686241 5.14283876656519
1.39127 21.3363952818544 6.62590290345821
1.3939 24.1431283172837 7.04820509333346
1.39653 22.2990277967696 6.77363739932387
1.39916 20.2061039466726 6.44789407076962
1.40179 44.0127365566327 9.51621849889144
1.40442 48.0437428741062 9.94242337005525
1.40705 12.9656164924821 5.16498467828248
1.40968 17.0681044213969 5.92602819867682
1.41231 23.2713725772927 6.91959512663235
1.41494 5.99734485742003 3.51275460612647
1.4202 12.8358647202657 5.13899386399704
1.42283 33.7967740047569 8.33876574354314
1.42546 24.9191433698961 7.16026870485346
1.42809 19.7830688201864 6.3798168791513
1.43072 18.2154161213357 6.12180578061459
1.43335 57.9794601705942 10.9218371995634
1.43598 60.1493451005252 11.1242997539152
1.43861 21.5715135549427 6.66187004597405
1.44124 17.2943069004771 5.9649395188191
1.44387 14.9360985690507 5.54334189778439
1.4465 12.904618002411 5.15257441647886
1.45176 43.2941535396983 9.43764321719956
1.45439 8.98326144702754 4.29897148635627
1.45702 49.7137371769872 10.1131015231589
1.45965 3.67090723084109 2.74809335473236
1.47017 19.2461572393966 6.29232660513741
1.4728 31.4439094534774 8.04277883826223
1.47543 47.9457382958514 9.9314229924605
1.47806 41.5754431634409 9.24812165167713
1.48069 80.623649116067 12.8784896091899
1.48332 8.92904813163391 4.28582964537551
1.48595 35.4170991200295 8.53566637873808
1.48858 18.3858807400907 6.14995267934399
1.49121 16.274568088531 5.78605965080018
1.49384 25.2274488784334 7.2038299793418
1.49647 50.3985861223941 10.1820348568515
1.4991 24.2229784461822 7.05891236748844
1.50173 16.903341791026 5.89669504034088
1.50436 36.3163533877639 8.64313952142606
1.51225 35.5802673222956 8.55498173608409
1.51488 27.1139710467863 7.46808191236043
1.51751 14.5698897300039 5.47442697154036
1.52014 44.1654761138177 9.53125344397646
1.52277 29.8673784014578 7.83799779873102
1.5254 61.8811890345516 11.281943889236
1.52803 7.06430835719853 3.81186454702486
1.53066 7.19441448428652 3.84678920393393
1.53329 7.78731708764227 4.00214312542376
1.53592 12.4706251861915 5.06454955555003
1.53855 4.6234988922883 3.08375677063692
1.54118 4.54091304771417 3.05607744237055
1.54381 36.5030872625334 8.66474100552975
1.54644 69.1301197170934 11.9240137270105
1.54907 37.3397213359988 8.7633947346232
1.5517 19.3383076648548 6.30658271199051
1.55696 3.42094648034543 2.65249182159924
1.55959 3.48395138509164 2.67679419551579
1.57537 2.20664128780809 2.13026169969847
1.578 1.13026182483578 1.52459553640945
1.58326 30.7659168904172 7.95419246992362
1.59115 6.53676900018517 3.66637436814898
1.59378 41.0483729737145 9.18758220469703
1.59641 9.01175298369465 4.30482923490818
1.59904 48.1926152836697 9.95496096131974
1.60167 31.5538024498152 8.05514956614442
1.6043 41.9635673608201 9.28929704256668
1.60693 8.60032068716759 4.2053569563455
1.60956 8.75875112760317 4.24390377336661
1.61219 89.0452697274259 13.5315876254452
1.61482 74.9445805140768 12.4140170142069
1.61745 27.6454308328585 7.53967790810217
1.62008 15.253072970183 5.60039524905818
1.62271 23.6738848504381 6.97707935275501
1.62534 8.28977554330528 4.12866052725121
1.6306 31.6109437938779 8.06221369736221
1.64375 18.4949930567016 6.16676107203885
1.67268 55.4835202609707 10.680703410044
1.67531 7.39954504925073 3.90049075623558
1.67794 18.6564803018576 6.19341944028207
1.68057 46.5580670552084 9.7838998610659
1.6832 56.8804998947899 10.8142180672248
1.68583 31.6131292185346 8.06206055875836
1.68846 54.0964070819202 10.546185739053
1.69109 39.9196425067821 9.05948309655353
1.69372 12.7593111761013 5.12179986282002
1.69635 12.9943562711452 5.16874690334857
1.69898 4.87482393151556 3.1658201667568
1.70161 25.2778278929036 7.2090101952194
1.70424 25.0608104398271 7.17798225963249
1.70687 4.45396297900839 3.02605758168434
1.7095 0.396610859452088 0.902994798024059
1.71213 0.403917323865257 0.911272468262683
1.71476 18.9542901507291 6.24244655667336
1.71739 26.8978360378597 7.43633255093961
1.72002 9.07984530601308 4.32054386057301
1.72265 1.37036331115465 1.67847978967008
1.72791 38.4531007634381 8.89123442259428
1.73054 20.8127030534352 6.54123396635124
1.73317 4.18933616999146 2.93472293668994
1.7358 3.50611872263031 2.68476866909824
1.74106 27.1460080440336 7.4704140192981
1.74369 56.7055681884155 10.7970123836055
1.74632 4.43501662137797 3.01951668382034
1.75421 15.5848900144906 5.66029234902154
1.75947 4.66791259480595 3.09775076061993
1.7621 4.75390604600787 3.12614755574202
1.76473 25.5563162645712 7.24823664961826
1.76736 12.3759300926165 5.04395522182619
1.76999 12.6039225658226 5.09019269321225
1.77262 12.893247798485 5.14827321063253
1.77525 0.249025216748724 0.715486009604206
1.79103 58.6970184486421 10.9845399200955
1.79366 23.8033082743374 6.99506207188691
1.79629 2.61923376033359 2.32037994557731
1.79892 27.0428632766338 7.45585358465541
1.80155 69.5048946526792 11.9530220748062
1.80681 10.4236748025828 4.62889278298512
1.80944 46.2126818314615 9.74643104797905
1.81996 31.7615001597284 8.07995360836644
1.82259 19.3126197356829 6.3005330248258
1.82522 0.965725346772993 1.40890544166263
1.83837 7.24349626162603 3.85852057440471
1.841 3.22328335652083 2.57391544993965
1.84626 52.3886517878283 10.3767251183492
1.84889 42.5397789583437 9.35056060514178
1.85415 28.6386771333995 7.67208099245417
1.85678 57.3494002360262 10.8567409683992
1.85941 12.3438936681665 5.03685507977499
1.86204 28.9387526509424 7.71208143872898
1.86467 30.790534139535 7.9549718688341
1.8673 42.7116963016801 9.36918426249364
1.86993 21.1518403332396 6.59326882818248
1.87782 3.11548157060677 2.53037156069095
1.88571 1.39977808076879 1.6960798685029
1.88834 6.42515537801119 3.63376515316713
1.89097 6.19291149764277 3.56747393579714
1.8936 1.12151313356205 1.51814721554826
1.89623 14.051349281813 5.37364600775636
1.90149 15.7829823704144 5.69510372403362
1.90412 16.0737514329767 5.74731415454064
1.91201 3.39444430552865 2.64112093208895
1.91464 3.45697997607479 2.66533367109499
1.91727 14.5388302358009 5.46596815019905
1.9199 14.8066783471816 5.51607795707791
1.92253 21.3334640240655 6.62112023419992
1.93305 24.5728955193801 7.10600964225039
1.94094 11.5405817355588 4.86977736436362
1.94357 4.85958007271795 3.16004915030406
1.95146 36.5821995797937 8.67015784834898
1.96461 6.36787493693645 3.61730734804816
1.96724 6.48518996333489 3.65046937221298
1.98302 38.380479036783 8.88050809770771
1.98565 0.86396529210492 1.33238574412115
1.98828 0.509367819689073 1.02304983934669
2.01458 2.07679985480132 2.06572709299059
2.01721 2.11506484585943 2.08466900668888
2.0251 28.9163522657087 7.70807530176875
2.02773 16.369481527439 5.79950998441932
2.03036 1.10901816472772 1.50953369372698
2.03299 10.6174091117965 4.67070459311497
2.03562 87.9505149221328 13.4428688216495
2.03825 67.827247748432 11.8052314995315
2.04088 11.6065418054483 4.88341320899585
2.04351 19.1886509015075 6.27904965533984
2.04614 19.5422013663053 6.33662609740384
2.04877 40.7360783996839 9.14872538292277
2.0514 34.9762574162336 8.47729495396461
2.05403 3.81800294142419 2.80084063153922
2.05666 3.88834956040548 2.82652325024941
2.05929 26.7394106036702 7.41217168132612
2.06192 11.0976104762696 4.77511611232862
2.06981 10.7666836590467 4.7033695531344
2.0777 2.83275043841025 2.41252161871305
2.08559 23.6784667408948 6.97497689969087
2.08822 1.00386541504251 1.43616181128597
2.104 37.8334126241963 8.81661990318769
2.10663 17.9100625562953 6.06614956969464
2.1303 12.7968861333695 5.12765201989149
2.13293 13.0327020965033 5.17468394324957
2.13556 8.46256412136504 4.16982457596785
2.13819 8.61850891042307 4.20807110070763
2.14345 27.3558641736045 7.49708832674675
2.14608 18.5302277930694 6.17032430233478
2.15397 45.1270309126343 9.62912005124265
2.1566 3.8022014009933 2.79502684252269
2.16449 5.24827298403297 3.28380411067307
2.16712 5.34498608555168 3.31392386577023
2.16975 9.44223008266171 4.40460259045597
2.17238 9.61622776899343 4.44500254941457
2.17501 16.6867747862555 5.85539299953778
2.17764 20.3154132096644 6.46074916645569
2.18027 3.38234180574688 2.63620391172717
2.1829 13.11642267534 5.19132427988652
2.18553 13.3581269314242 5.23894021876864
2.19342 16.6412202393872 5.84741414094229
2.19605 15.3385407347855 5.61388477828622
2.20657 34.708025662076 8.44473383844016
2.2092 42.0666969365359 9.29693617733917
2.21709 30.8672126936283 7.96376153187804
2.21972 33.4560782337906 8.29099565206245
2.22235 34.0725040222369 8.36702043693844
2.22761 11.0986899505803 4.77533592701885
2.2355 3.64090115304879 2.7350886609887
2.23813 35.0339564255839 8.48420570513693
2.24602 23.4920751736745 6.94746207006715
2.24865 9.75392459395017 4.47666733223546
2.25128 14.7591576446741 5.50675232123567
2.25391 15.031094041613 5.55724681870855
2.25654 7.32761641248756 3.88012203935466
2.25917 33.8939086394783 8.34496426879426
2.2618 65.8738118391602 11.6337488464004
2.26443 39.6732888782104 9.02842554352379
2.27232 1.53595725925024 1.77644342287474
2.27495 8.07510833216702 4.07319897494843
2.27758 6.63081312820909 3.69100364095341
2.28547 2.89507517892485 2.43887700336197
2.2881 0.63440493082783 1.14167602954445
2.29073 0.447706710775259 0.959082666567947
2.29336 0.455955674059954 0.967877032871135
2.30914 2.0336356354177 2.04407691972239
2.31177 17.7728617551477 6.04282553607423
2.3144 33.5273891864697 8.29969157639778
2.31703 4.75463064144446 3.12551213982753
2.31966 2.36513840468478 2.20440704010814
2.32229 8.36133897976136 4.14478622777968
2.32492 4.835286098509 3.15192605622703
2.32755 4.92440036967548 3.18084364443286
2.33281 1.64706720611199 1.83959714735529
2.33544 34.6187406406349 8.43380220519645
2.33807 8.42480096720583 4.16052671821563
2.3407 32.8407999295925 8.21440413534772
2.34333 30.6799798210893 7.939578527541
2.34596 19.1274998805946 6.26902106662174
2.34859 13.28573372755 5.22473308855323
2.35385 3.86950182492556 2.81968301311161
2.35648 3.94081670177659 2.84555241160957
2.36963 42.8307382272919 9.38112255197362
2.37226 53.1725937091189 10.4525358013442
2.37489 18.6140093080094 6.18441202626485
2.37752 35.4536583206804 8.53512118320559
2.38015 21.7870931281239 6.69082268465632
2.38278 7.32654103263599 3.87998530234346
2.39067 16.6065714913802 5.84147754715157
2.3933 16.9126304221084 5.89507063094243
2.39593 6.94363460252588 3.77726604329836
2.40119 21.3581453024426 6.62471700173038
2.40908 6.72607958955182 3.71765065192556
2.41171 6.85003988810038 3.75175782485804
2.4196 3.34136785705433 2.62030837818703
2.42223 3.40294859673065 2.64434810622585
2.46168 0.0855589188224316 0.419308476643475
2.46694 10.7350579894243 4.69682671647423
2.46957 10.9329029539589 4.7399172304435
2.4722 9.43885097948687 4.40416161332153
2.49324 0.734230022745551 1.22835845830117
2.49587 0.747761734654959 1.23962789614629
2.5248 24.1669002530129 7.04716612064224
2.52743 8.1697810230981 4.0974013903384
2.54058 2.57540559861108 2.30050118000972
2.54321 0.381301528689747 0.885183242975195
2.54847 23.6927959485463 6.9775925209961
2.56162 5.87123133562668 3.47342865830412
2.56425 5.97939831556026 3.50527259391346
2.56951 5.89511733800027 3.48046938445929
2.57477 6.16372593548905 3.55886723677737
2.5774 45.4788893231239 9.66705790429534
2.58003 16.2466387804334 5.77790537855403
2.58529 34.0000431608032 8.35847279400871
2.59318 1.57273591777099 1.79768214795025
2.60107 0.487010600203027 1.00035090381223
2.6037 5.33314832474396 3.31036082219333
2.60633 46.4867783759851 9.77346512815891
2.61159 42.1372738257957 9.30502921677604
2.61422 71.466909804544 12.118179085417
2.61685 6.78036709140595 3.7326030672533
2.62211 1.79647178481662 1.92130399713011
2.62474 9.3717799863577 4.3883096887892
2.62737 15.477679567925 5.63948560761992
2.63 26.4463355567275 7.37173406282262
2.63263 18.8472086790961 6.22315714265115
2.63526 7.93086825923905 4.03689967495
2.63789 8.07702027336457 4.07392955960207
2.64052 30.4838960018348 7.91450039752417
2.65367 3.54522565359897 2.69905611420855
2.6563 3.61055795422147 2.72381415736962
2.66156 60.1591400671157 11.1183874347389
2.66419 14.8540989956517 5.52477366900592
2.66682 22.9557843616382 6.86811791852289
2.66945 0.0625592735734418 0.358540206085279
2.67208 25.1053731511478 7.18250101672094
2.67734 31.9847280825928 8.1070783119693
2.67997 8.82124285484189 4.2575353892736
2.6826 20.2241905269864 6.44657874205356
2.68523 10.8732624314874 4.72687364540457
2.69838 4.57451857297791 3.0659739345927
2.7089 1.1148384899483 1.51356407382578
2.71153 10.7163880459975 4.69265550200554
2.7352 26.1554384995753 7.3311494615132
2.73783 7.82644791151896 4.01026474433279
2.74046 18.4227582568428 6.15272699208382
2.76413 8.08188669580706 4.07514729465515
2.76676 10.8971794122255 4.73198769187185
2.76939 40.2315602771168 9.09221333843368
2.77728 8.27242681392387 4.12288781293811
2.77991 18.6525282532859 6.19089627356637
2.78254 41.3990075324332 9.22314981278266
2.78517 26.9200513497472 7.43741240477202
2.7878 16.5674350900695 5.83460129959046
2.79569 0.322923501286687 0.814577186898748
2.79832 10.5888658245926 4.66451788967746
2.80095 12.575530133214 5.08328989949102
2.80358 59.6759968434348 11.0734172545495
2.80621 14.5056894414529 5.45947784277675
2.80884 5.24146963915806 3.28177312309549
2.8404 16.1234965820569 5.75589403391307
2.84303 16.42060593981 5.8086854733977
2.85092 2.88183656884754 2.43342651091274
2.85355 3.01268032717452 2.48805618570441
2.85618 0.0791723749142503 0.403339346673457
2.86144 18.434938385567 6.15467029070077
2.86407 23.8069757090399 6.99416958398642
2.87722 2.70290798562926 2.3566775090248
2.87985 2.75271475374969 2.37829229159925
2.88774 6.88818282177481 3.76215985825299
2.89563 11.9323059736047 4.95162096158964
2.89826 12.1521838236402 4.9970358348804
2.90878 32.2292468735597 8.13786119403058
2.91141 57.3346726692234 10.8540997506771
2.91404 53.5206757182785 10.4868697552355
2.92456 1.80109188110294 1.923768353844
2.92719 1.83427947108336 1.94141122005961
2.94297 17.3125522767138 5.96437545120649
2.95612 3.68826521839158 2.75293019238745
2.95875 3.75622656732952 2.77817729606463
2.96664 2.09088975827678 2.07276208915775
2.97716 9.85677507513803 4.5003995656002
2.97979 19.024881595481 6.25236858962513
2.98242 20.597123470098 6.50559192654586
2.98505 24.1570413924968 7.04539495346996
2.98768 12.7314471565623 5.11472512167404
2.9982 25.8829141505286 7.29272371125874
