-0.19725 2.2842536052318 2.26217535032552
-0.19462 2.43584321713577 2.33492788241244
-0.18936 14.180542078926 5.62838811450785
-0.18673 15.121562802468 5.80938387392157
-0.18147 47.9211309080449 10.3319645978296
-0.17884 26.5488086819572 7.68662027384728
-0.17621 15.0222628363672 5.77928241771097
-0.14728 17.3215361167965 6.17323785149641
-0.14465 61.1579102658742 11.5941007810604
-0.14202 0.0667046111047902 0.382718471172908
-0.13939 3.01594754670561 2.57219522356782
-0.13676 26.128825169659 7.56732376070528
-0.13413 35.9938913258994 8.87742291680836
-0.1315 25.9389239899492 7.53248751274474
-0.12887 47.4325742963626 10.1810019165233
-0.12624 35.2867464162497 8.77702842913822
-0.12361 5.27998122462905 3.39349494950024
-0.12098 5.63023115334475 3.50254115901912
-0.11835 54.5353785983326 10.8955262809239
-0.11309 30.3272955484107 8.11714109058974
-0.11046 87.67382144024 13.7946128246494
-0.10783 49.7947640821663 10.3909313243979
-0.10257 7.12386764279289 3.9264141827397
-0.09994 10.1733406846326 4.68983375803681
-0.09731 2.74864326191813 2.43686737652737
-0.08679 2.55005797989215 2.34438391275568
-0.08416 21.5362356826984 6.81096515923767
-0.08153 82.6510962012047 13.3388395395711
-0.0789 41.2934229242903 9.42549313792653
-0.07627 2.41657870640217 2.27947027863541
-0.07364 7.33335522559719 3.96967148072587
-0.07101 51.7775674808394 10.5449298168373
-0.06838 5.8114696136726 3.53171333615012
-0.06575 20.1995899067121 6.58238446756404
-0.06312 52.8817199555976 10.6471699382191
-0.06049 58.7490874157052 11.2189268058741
-0.05786 29.2407107223418 7.9125048285478
-0.05523 22.7808389671204 6.98190729298439
-0.0526 95.5991381839611 14.2983303059971
-0.04997 55.7838132098747 10.9189649787655
-0.04734 192.505217903418 20.2776482405932
-0.04471 136.520972882615 17.0712333338136
-0.04208 74.6568103055971 12.6202723248005
-0.03945 112.103337500133 15.4600894592208
-0.03682 106.520543296734 15.0656564183623
-0.03419 184.003538601735 19.7948867534207
-0.03156 250.402079352713 23.0848672436111
-0.02893 273.733469223971 24.1290803083481
-0.0263 272.999292082461 24.0893954445822
-0.02367 318.020020332971 25.9920547729578
-0.02104 433.032316626094 30.3208728858762
-0.01841 554.618043088497 34.3041470255164
-0.01578 604.934391837598 35.8155618209799
-0.01315 840.978170863893 42.21608092534
-0.01052 936.979320749589 44.5469933120841
-0.00789 945.560527886516 44.7368933304154
-0.00526 1033.36321762851 46.7536299107432
-0.00263 1068.93238148281 47.5369760747977
-0 1082.78766954855 47.8294740203654
0.00263 1117.05063714629 48.5709585918628
0.00526 1092.88221044828 48.0340794806883
0.00789 1037.1277286407 46.7844403576791
0.01052 994.467321861591 45.8039644101277
0.01315 836.342112514283 41.9973859573935
0.01578 878.91796358352 43.0454136929295
0.01841 839.355101623105 42.0579396988399
0.02104 642.9744830709 36.8039455240024
0.02367 632.366276191649 36.4925503984071
0.0263 461.439759669985 31.1673372302793
0.02893 259.454618571172 23.3665823939197
0.03156 229.187660604708 21.957474247482
0.03419 196.136180066493 20.3089685521634
0.03682 204.384813621324 20.727911180115
0.03945 139.508564734024 17.1219747183243
0.04208 140.88742826298 17.2032974223056
0.04471 80.4712064832344 12.9992401250284
0.04734 99.6075289754197 14.4599202633355
0.04997 16.8142319684561 5.93991744826722
0.0526 0.329855757839549 0.831813521513967
0.05523 35.3911390687994 8.61456262456137
0.05786 86.9711225331332 13.5019188365339
0.06049 95.4769324130203 14.1442247569985
0.06312 47.4470238774413 9.96910902282113
0.06575 39.338071151509 9.07570345330764
0.06838 39.7078074073421 9.11661470089024
0.07101 36.7463396041708 8.76848456745051
0.07364 60.3408190482568 11.2342717445602
0.07627 155.980387082428 18.0591006148978
0.0789 106.903150969821 14.9478297283908
0.08153 104.709314688382 14.7909915062498
0.08416 41.4978916874551 9.30977869380764
0.08679 103.658562803246 14.7112852377384
0.08942 92.4377248045344 13.8897459911853
0.09205 113.222868115751 15.3694520016114
0.09468 185.735052845499 19.6815746865679
0.09731 218.836763415113 21.3596738845936
0.09994 205.15330071439 20.6773687442437
0.10257 169.759299297771 18.8067186569454
0.1052 269.500889819751 23.6933955721531
0.10783 262.117772858149 23.3639565468934
0.11046 170.510246916349 18.8418845122291
0.11309 244.064122148072 22.5399005993247
0.11572 268.133054440169 23.6225143596672
0.11835 301.663709577908 25.0532103572572
0.12098 309.651770574806 25.3798780730588
0.12361 346.27307641764 26.8357041546293
0.12624 433.330455288837 30.0167807719146
0.12887 436.974891261149 30.1393312160738
0.1315 492.280545683313 31.9861933548098
0.13413 468.755226412429 31.2090194381908
0.13676 546.96014029918 33.7082131081825
0.13939 551.116869358501 33.8322251682155
0.14202 650.501472872648 36.7522269428308
0.14465 609.156862378535 35.561075251272
0.14728 702.732375833078 38.1905646828379
0.14991 664.224845699518 37.1252537496061
0.15254 716.468291546739 38.5532613584768
0.15517 836.813619011877 41.660814493752
0.1578 946.503809151339 44.302201692908
0.16043 1177.25295577128 49.4025937303584
0.16306 1416.13726765942 54.1774113309636
0.16569 1811.47142256344 61.2677630861644
0.16832 2318.1056162904 69.3000560652966
0.17095 2825.06614402862 76.4948101369368
0.17358 3404.87535495243 83.9689926144647
0.17621 3961.34683628142 90.5608375284062
0.17884 4528.96938802734 96.8209499377753
0.18147 4942.14340638811 101.12952277645
0.1841 5128.66584834269 103.008512700972
0.18673 5217.83266878839 103.888291816757
0.18936 5412.55101577342 105.796947866755
0.19199 5469.29391385272 106.337969526456
0.19462 5435.97292038296 106.001487048866
0.19725 5562.31156032906 107.214010879461
0.19988 5546.24193416066 107.046840512158
0.20251 5477.70614912715 106.374019843323
0.20514 5285.15220811055 104.479111041867
0.20777 4871.4344066542 100.298319435076
0.2104 4226.17500571062 93.4121712419667
0.21303 3598.05112754092 86.1842465295786
0.21566 2992.05222360734 78.5856588774183
0.21829 2501.67936951198 71.8520265534521
0.22092 2018.05950254776 64.5289591765226
0.22355 1702.98500119037 59.2730889517126
0.22618 1450.72822773061 54.7028113409858
0.22881 1263.72091668638 51.0512833114413
0.23144 942.354022312397 44.0811155155084
0.23407 752.82884719757 39.3965423329363
0.2367 631.796819420908 36.0880272744839
0.23933 558.707885901679 33.9337036686866
0.24196 531.114143442554 33.0824166924435
0.24459 454.374087075308 30.5966936389433
0.24722 463.007816617467 30.8834850066238
0.24985 389.975619136504 28.3410073568995
0.25248 457.377419732837 30.6901013940399
0.25511 432.131566665632 29.828633766977
0.25774 373.246429194183 27.7196404968686
0.26037 390.845500526078 28.3632969631339
0.263 400.018177064163 28.6918401145957
0.26563 426.03160384265 29.6076424009474
0.26826 349.909297218036 26.8302693545688
0.27089 317.962472471301 25.5740548319308
0.27352 292.445686623593 24.5244135634062
0.27615 325.860590309567 25.8854844317085
0.27878 408.372527355648 28.9756365837803
0.28141 418.188126686206 29.3193893188203
0.28404 344.066293261112 26.5922125871648
0.28667 317.604278677155 25.5470592025639
0.2893 451.149233679255 30.4454348084934
0.29193 550.126946963849 33.6169144487674
0.29456 596.80828829328 35.0112911871989
0.29719 628.28598074934 35.9197824942054
0.29982 672.059249813612 37.1469446105789
0.30245 742.107536352094 39.032617638909
0.30508 812.867620188862 40.8489006530359
0.30771 858.498580671902 41.9774887399208
0.31034 966.919495321177 44.5469547563099
0.31297 1142.86634249991 48.428027555252
0.3156 1200.85459972746 49.6387077138574
0.31823 1251.60671483177 50.6740233885938
0.32086 1364.15473409096 52.9004603784946
0.32349 1425.10743519083 54.0664212389943
0.32612 1583.62976242462 56.9910727970803
0.32875 1685.65351619701 58.7949927565615
0.33138 1738.87301570037 59.7126435572662
0.33401 1774.68558900525 60.3210998743058
0.33664 1762.35009318898 60.1077963932415
0.33927 1777.76607280972 60.3668050776346
0.3419 1742.87067496556 59.7681253066519
0.34453 1769.14027986018 60.2135667549171
0.34716 1742.6190516605 59.7572509151643
0.34979 1778.25912604625 60.3619226356501
0.35242 1704.42607780455 59.0922850496096
0.35505 1749.39647257513 59.8634824107557
0.35768 1706.23059681516 59.1170656611346
0.36031 1572.80240680121 56.7554065266301
0.36294 1494.37696920744 55.3192631006005
0.36557 1365.58347719517 52.8787980200049
0.3682 1233.07699548454 50.2450968540585
0.37083 1208.42698748256 49.7376128031641
0.37346 1062.74425986179 46.6407204146891
0.37609 1058.41648183833 46.5430990417833
0.37872 1016.79660360351 45.616312478287
0.38135 938.612775926389 43.8250571399297
0.38398 889.723991020961 42.6661088700065
0.38661 857.235956361308 41.8775918327785
0.38924 830.170538070921 41.2089253801548
0.39187 752.17434432482 39.2231986525195
0.3945 676.90546860539 37.2069333657527
0.39713 712.600438403956 38.17323982733
0.39976 540.925418935583 33.2568849564788
0.40239 559.074680933694 33.8087897151754
0.40502 493.235808225833 31.7543954064582
0.40765 461.257459776853 30.7064836763196
0.41028 445.579634675621 30.1788638535739
0.41291 330.094684204004 25.9741483900677
0.41554 226.355256781183 21.50795779976
0.41817 255.758484461697 22.8612902677896
0.4208 244.551295879612 22.3538599369201
0.42343 210.705903580154 20.7485484763708
0.42606 216.185491605304 21.0157292823649
0.42869 209.234124564409 20.6742267295662
0.43132 200.592746384653 20.2419548119257
0.43395 143.194744211552 17.1017360167804
0.43658 215.519520459699 20.9798212887817
0.43921 284.323201223332 24.0960827570975
0.44184 273.504819890668 23.6322245218566
0.44447 173.35132039156 18.8134092767797
0.4471 163.63447828296 18.277767453638
0.44973 206.249431419064 20.5193656660767
0.45236 267.606888397474 23.3721144861538
0.45499 302.544718591585 24.849975063447
0.45762 185.083197582311 19.4355338007853
0.46025 179.230064345765 19.12494574738
0.46288 206.167631377144 20.5109995945545
0.46551 225.603278356942 21.4551270581927
0.46814 259.163971076156 22.9946869439175
0.47077 280.447375382146 23.9192565887716
0.4734 223.317915619635 21.343496549399
0.47603 192.836267566222 19.8326131201233
0.47866 275.197143191518 23.6913242589211
0.48129 286.654149244423 24.1784405035599
0.48392 333.032871066948 26.0600060247385
0.48655 408.330972564181 28.8548560939325
0.48918 529.579918588999 32.8594503051365
0.49181 475.496425549481 31.1350777851547
0.49444 538.553114013651 33.1338867107353
0.49707 526.580692460633 32.7621475512352
0.4997 586.254927881378 34.5672702892737
0.50233 643.546873830977 36.215771884909
0.50496 686.158176793664 37.3943161316022
0.50759 649.742074149253 36.3872963827308
0.51022 747.94610584792 39.0391419835623
0.51285 763.154216391672 39.4327515778749
0.51548 740.248029581489 38.8351847248226
0.51811 724.123484003316 38.4086353426201
0.52074 829.437001405793 41.1055135300391
0.52337 859.095878861219 41.8326143665384
0.526 839.292736617211 41.3463078895135
0.52863 798.52662480594 40.328355650395
0.53126 837.553392352762 41.3007440573447
0.53389 785.215027994261 39.9881890133752
0.53652 682.162034402173 37.2706542540292
0.53915 611.120420307131 35.2754408433768
0.54178 630.197067706512 35.8206158578288
0.54441 574.636898578994 34.2040411558037
0.54704 507.499752856326 32.142850512619
0.54967 444.064023403653 30.0659596418565
0.5523 368.483963401558 27.3871837025702
0.55493 423.908794182129 29.3737973723144
0.55756 377.777118687757 27.7285722438538
0.56019 308.902571190896 25.0729968167825
0.56282 350.500157758792 26.7070175998245
0.56545 282.84027090227 23.990411915667
0.56808 204.575274467392 20.4023151538349
0.57071 203.995763684922 20.3727310503102
0.57334 174.636275045432 18.8491470846821
0.57597 188.565380409105 19.585797033194
0.5786 128.793431957257 16.1861261581187
0.58123 141.119799205207 16.9424351227244
0.58386 164.589059952806 18.2965046814081
0.58649 162.066410932664 18.1551544297009
0.58912 140.685757645389 16.9146999238993
0.59175 109.224336364614 14.903378371887
0.59438 153.019861937269 17.6394366844115
0.59701 112.442932371658 15.1203790350662
0.59964 134.599477587476 16.5426356465719
0.60227 107.132031037459 14.7581377561765
0.6049 106.078132968561 14.6849914158551
0.60753 268.739636731854 23.3730559336139
0.61016 213.011359572746 20.8084575683911
0.61279 154.800394188887 17.7383577350402
0.61542 127.306411880909 16.085752691234
0.61805 120.08944802107 15.6227521440234
0.62068 174.088462056821 18.8095749641587
0.62331 215.897509031818 20.946268787943
0.62594 222.93681310169 21.284459143705
0.62857 88.6544716201381 13.4218046973541
0.6312 25.5705335489972 7.20807595202693
0.63383 114.331323023326 15.2412624013341
0.63646 180.277316108521 19.1380521393935
0.63909 144.105130794538 17.1102272934389
0.64172 241.150946070941 22.1334649186608
0.64435 236.115672668999 21.9006090854219
0.64698 291.258441656824 24.3232671636147
0.64961 275.840179525014 23.6701099739832
0.65224 253.070158022629 22.6715306887996
0.65487 221.457631534837 21.2077483811819
0.6575 372.799402119671 27.5153918188253
0.66013 313.101356152266 25.2156073430195
0.66276 285.655686696318 24.0844789967171
0.66539 321.652538014046 25.5563113068451
0.66802 393.625163048936 28.2705959908347
0.67065 439.841532838478 29.8834348084729
0.67328 376.495697346499 27.6472068911983
0.67591 415.022086518187 29.0265697662389
0.67854 461.430506439195 30.6056860926198
0.68117 474.213407754769 31.0259250087956
0.6838 462.3913290113 30.6359618663342
0.68643 445.027976434513 30.0544781391565
0.68906 411.940008644509 28.9148787785823
0.69169 380.777755679636 27.7989906721945
0.69432 432.847408763272 29.6380418677047
0.69695 478.550836202216 31.1626935328973
0.69958 452.829264081473 30.3128690779158
0.70221 435.717471554618 29.7339244471602
0.70484 360.324481025019 27.0388765263056
0.70747 416.989974516484 29.0868422571364
0.7101 402.998040484448 28.5941536837625
0.71273 327.400527319741 25.7725551542255
0.71536 276.814310360655 23.697583909242
0.71799 338.568370341251 26.20746426772
0.72062 252.569159026902 22.6351814155789
0.72325 277.985718060325 23.7463613355064
0.72588 192.465071396296 19.7584922831617
0.72851 156.544583289879 17.819227412181
0.73114 92.6296532583732 13.7068252429232
0.73377 101.086961710753 14.3186290007872
0.7364 95.321626428483 13.904058767897
0.73903 176.555589593864 18.9225044571366
0.74166 103.242635854855 14.4696967606528
0.74429 140.963967020394 16.9073659003185
0.74692 112.057613183148 15.0742108491206
0.74955 107.945205755086 14.794748520691
0.75218 182.306495067167 19.2264447931938
0.75481 110.980568070515 15.0007644678314
0.75744 45.5457557409011 9.60961265267077
0.76007 127.849040452474 16.0998810636809
0.7627 152.357820149371 17.5751205075096
0.76533 137.687319965548 16.7072478125659
0.76796 48.1511546000564 9.87991704694862
0.77059 84.7413734542609 13.1065895446135
0.77322 141.191583826947 16.9175846611671
0.77585 149.128364175543 17.3862565635276
0.77848 77.1197555856114 12.5026128317149
0.78111 78.3630709919006 12.6027606127525
0.78374 116.805206603189 15.3862599999962
0.78637 89.3602247805314 13.4575528690378
0.789 95.1257652763524 13.8846536964928
0.79163 148.848988709689 17.3680442300642
0.79426 82.2136736360547 12.9074960578611
0.79689 73.0605345590831 12.1675572319837
0.79952 159.853700662536 17.997630166585
0.80215 133.202689468459 16.4286738149405
0.80478 110.122386416756 14.93742938997
0.80741 83.1341005857084 12.9783567343157
0.81004 73.999524182594 12.2443748670684
0.81267 67.1452064764311 11.6633070136415
0.8153 82.1198714354447 12.8982377601434
0.81793 205.845158651815 20.4206058628262
0.82056 201.067210499814 20.1818496905077
0.82319 206.716691799247 20.4630403251721
0.82582 185.578478212552 19.3882333176665
0.82845 191.496652604927 19.6945957873056
0.83108 198.09564955463 20.0306938184612
0.83371 208.479473652987 20.548599111352
0.83634 136.574171779614 16.6313269345864
0.83897 171.541119266721 18.63883557632
0.8416 226.64749067014 21.4240789010483
0.84423 332.308044540968 25.9411468814436
0.84686 302.285420618309 24.7411219242433
0.84949 273.140270473064 23.5177462163565
0.85212 214.908103719245 20.8603346317418
0.85475 112.080195443568 15.0643832946926
0.85738 219.453509810953 21.0790107480623
0.86001 310.657571699705 25.0791015136089
0.86264 324.974005466801 25.6499991556864
0.86527 252.906496663631 22.6274220648883
0.8679 263.087032294158 23.077929752262
0.87053 235.290208115233 21.8243387416732
0.87316 215.430497047197 20.8826110310431
0.87579 316.06723024863 25.2937360987906
0.87842 275.037861894095 23.5945407910171
0.88105 246.567688576459 22.33960086013
0.88368 254.648655007016 22.7023105454476
0.88631 239.676656065918 22.0244095499185
0.88894 243.205247948046 22.1855354888723
0.89157 176.072173283415 18.8764727559928
0.8942 182.660313890495 19.2260302464955
0.89683 104.415725189146 14.5359196571475
0.89946 131.370151342119 16.3042170062273
0.90209 108.629716105129 14.8258653987165
0.90472 119.399860891583 15.5432630079134
0.90735 196.640616385709 19.9467182564231
0.90998 123.623947722511 15.8154188593957
0.91261 107.479421358438 14.7464203200079
0.91524 81.7926905729925 12.8639916691657
0.91787 53.4477802162585 10.3986723269288
0.9205 44.0796591798341 9.44336388315965
0.92313 92.3590518878416 13.6691622202373
0.92576 71.7708660239451 12.0495495392155
0.92839 9.26187457726241 4.32853286649707
0.93102 35.7285964763699 8.5014656249915
0.93365 15.2043018061657 5.54579253893
0.93628 28.4770747242355 7.58966520513795
0.93891 28.295531247094 7.56533929616397
0.94154 5.89583917556447 3.45332021824123
0.94417 9.41122900756483 4.36296531536823
0.9468 10.0450258914699 4.50742669573092
0.94943 70.1837098320129 11.9142265797244
0.95206 62.2010618895793 11.2160812429351
0.95469 58.8368660790994 10.9084128206568
0.95732 31.73279367571 8.01097737209429
0.95995 48.9395391691111 9.94845960057003
0.96258 101.491856436722 14.3263663566793
0.96521 19.214706907529 6.2334989165444
0.96784 35.1223838146827 8.4275541145321
0.97047 14.0131131907069 5.32318333522133
0.9731 71.439553545232 12.0189914430052
0.97573 42.6924070690844 9.29112989890444
0.97836 52.670888934959 10.3198428999505
0.98099 55.6727823622516 10.609716419114
0.98362 56.4944565286748 10.687589901356
0.98625 83.8525909755658 13.020559817961
0.98888 14.9907679761993 5.50526089849931
0.99151 74.851782032482 12.3015995800023
0.99414 89.1115504425264 13.4221492727418
0.99677 145.872003812769 17.1725816035697
0.9994 89.3901240027266 13.44277513709
1.00203 132.615926132647 16.3733237794585
1.00466 106.310175172158 14.6595867572089
1.00729 174.651190337197 18.7895071407292
1.00992 201.94063529976 20.2039727850562
1.01255 158.0774626114 17.8753764210339
1.01518 178.697994917904 19.0053275833467
1.01781 154.840351345953 17.6910209132186
1.02044 150.569024903577 17.4451192543319
1.02307 148.144842131807 17.3039277523996
1.0257 121.591275369163 15.6764576637789
1.02833 129.022890431104 16.1482480547391
1.03096 203.487859093125 20.2794690970664
1.03359 171.441623220384 18.6140452914901
1.03622 176.429932664102 18.8826988435203
1.03885 147.963903887089 17.2922348145942
1.04148 168.026391142011 18.427112383841
1.04411 215.874318830392 20.8864353323335
1.04674 249.369372187602 22.4481570644992
1.04937 135.603914162545 16.5535273174834
1.052 199.846242047709 20.0954497652302
1.05463 179.964924094091 19.0694853330052
1.05726 240.098846332121 22.0259868338359
1.05989 81.6557823695078 12.8448521907309
1.06252 52.8573351782656 10.3343596439892
1.06515 78.0201864787561 12.5553762327143
1.06778 108.767012720781 14.8241615670344
1.07041 124.012045262869 15.8288285195969
1.07304 123.197047979963 15.7765591368409
1.07567 186.615800433726 19.4169782710976
1.0783 102.334779139014 14.378525982471
1.08093 104.665169844829 14.5411625406741
1.08356 67.7663929062737 11.7003949537918
1.08619 88.2880222777478 13.3548658723706
1.08882 137.041774610956 16.6383563889691
1.09145 128.282239499598 16.0976507643546
1.09408 118.163865598644 15.4495871550165
1.09671 135.479293291909 16.5426961866816
1.09934 153.436982256337 17.6047618915449
1.10197 129.303534306591 16.1609098249889
1.1046 103.965179888873 14.4910566095212
1.10723 101.67853183953 14.3306609419508
1.10986 56.4035744763288 10.6733411359837
1.11249 32.7318688414415 8.13070055424243
1.11512 89.8314053763463 13.4695209940065
1.11775 132.175154856103 16.3383598544213
1.12038 66.8184275763969 11.6165497739993
1.12301 55.3285004280561 10.5705837247234
1.12564 60.156875373767 11.0220567879556
1.12827 86.0321931964094 13.1809282120341
1.1309 91.0066097022784 13.5564961081702
1.13353 106.073640419421 14.6355892035752
1.13616 20.1005339650194 6.37097292521422
1.13879 31.2798582327912 7.94748722153013
1.14142 101.599059446177 14.3231249956067
1.14405 69.2518468888615 11.8250805067625
1.14668 42.3003397163722 9.24178458591213
1.14931 76.5213478207974 12.4299879315536
1.15194 90.0019441667997 13.4803396419193
1.15457 110.992636173167 14.9698503824769
1.1572 66.2055067482844 11.5614663900903
1.15983 6.85787071962917 3.72096853990949
1.16246 79.1184362919723 12.6385044609349
1.16509 181.657184745434 19.1504337603146
1.16772 107.98606203923 14.7649392543545
1.17035 124.471933530928 15.8518158110645
1.17298 49.6463711266951 10.0111170936904
1.17561 70.6887199795923 11.9456375073112
1.17824 55.1692884742582 10.5530610635933
1.18087 137.669004366275 16.6702967963519
1.1835 175.078189055109 18.799086906576
1.18613 150.276521509872 17.4165361661672
1.18876 155.487718517249 17.7157584806842
1.19139 148.449928447319 17.3100047796532
1.19402 171.065560478548 18.5816369225967
1.19665 114.585821777263 15.2077024069545
1.19928 77.7150828105185 12.5240936518424
1.20191 128.445068548989 16.1008136567795
1.20454 81.9539103556035 12.8608223757674
1.20717 85.4369681497794 13.1311150856868
1.2098 145.025106235765 17.1078361825929
1.21243 156.895039915515 17.7939713558051
1.21506 170.598989591532 18.554587367209
1.21769 182.780455808693 19.205372911083
1.22032 186.323435436378 19.390383596848
1.22295 130.285299837338 16.2141863602186
1.22558 88.7304663100614 13.3806936150086
1.22821 48.4037884023506 9.8827250745126
1.23084 17.7138549857773 5.97844684184714
1.2361 44.3782243421104 9.4625105031707
1.23873 107.039947828229 14.6956618534443
1.24136 79.6719960764935 12.6783824054188
1.24399 26.4617795008499 7.30659966690993
1.24662 10.7476686028582 4.65647970715594
1.24925 11.4714803052624 4.81066488567969
1.25188 6.51133788631511 3.62430952440332
1.25451 76.6114979126473 12.4317403922428
1.25714 54.7860032334411 10.5127068944444
1.25977 111.418827033567 14.9918016857483
1.2624 134.486524890788 16.4705732306199
1.26503 99.4976525043147 14.1667599965983
1.26766 73.2538028152241 12.1555327417785
1.27029 69.9366320733401 11.8769808862893
1.27292 22.6929874881388 6.76541321945127
1.27555 19.9700249189881 6.34647515910777
1.27818 56.0570025456988 10.6329312803951
1.28081 60.2861323902275 11.0265987893306
1.28344 70.7890183184093 11.9484231886859
1.2887 5.21953645106755 3.24439107496884
1.29133 27.3068694882021 7.42075301899774
1.29396 45.3398094391339 9.56195410257452
1.29659 28.4636687718219 7.57612335470914
1.29922 17.3804169010242 5.92006510342028
1.30185 8.14519044344958 4.05269230381059
1.30448 9.00961103927724 4.26228968429431
1.30711 22.8242453669182 6.78398825515653
1.30974 16.3160505858639 5.73576470076103
1.31237 26.1244828015361 7.25779316893431
1.315 40.8476151856073 9.07530065425993
1.31763 79.1410512017812 12.6320986142871
1.32026 78.1780038364263 12.5549162556849
1.32289 74.4705526732602 12.2535168285509
1.32552 66.0217364272309 11.5374243326817
1.32815 78.1323859747263 12.5509866987001
1.33078 64.4828522579884 11.4020089322895
1.33341 73.0903065944949 12.1390885756751
1.33604 56.2855714372989 10.6525028630856
1.33867 33.8682243675845 8.26316195961131
1.3413 84.905143606737 13.0832000661529
1.34393 120.362300671997 15.577191304566
1.34656 168.747775399732 18.4442021079675
1.34919 99.3327303044817 14.1508967375566
1.35182 32.6045484620524 8.10725440634998
1.35445 41.5358206352673 9.15046227813485
1.35708 35.0172341421249 8.40174484691665
1.35971 80.9826246035855 12.7767801826117
1.36234 137.309443035776 16.6369086767884
1.36497 122.150057371689 15.6915627666495
1.3676 100.669994347353 14.2451266087389
1.37023 60.3522224238258 11.0296023664267
1.37286 64.0679953730554 11.3639867984817
1.37549 42.1787753010098 9.22049137836029
1.37812 29.4556325983833 7.70527584804157
1.38075 32.4141867047693 8.08292425580285
1.38338 54.7110151145069 10.5011112943785
1.38601 78.6133090827306 12.587597400825
1.38864 159.649295223125 17.9380503441462
1.39127 122.838260348413 15.7345923120408
1.3939 104.354448487226 14.5024400860229
1.39653 48.2717200922779 9.86345151018841
1.39916 85.1638013816562 13.1010763021165
1.40179 13.2901811564926 5.17537384862618
1.40442 18.9014557929387 6.17192429245577
1.40705 99.3369827767351 14.1489799513751
1.40968 136.765932299381 16.6018046772131
1.41231 61.1251684846722 11.0987240982947
1.41494 34.4789988334133 8.33560315090233
1.41757 64.2600386611311 11.3795970475809
1.4202 21.9730179663376 6.65423193009506
1.42283 46.1924858099558 9.64795860272163
1.42546 125.094321094511 15.8768831056025
1.42809 105.309304112623 14.5672142318161
1.43072 108.408771197037 14.7799182610751
1.43335 66.1855328595562 11.5482995854209
1.43598 73.0223253879062 12.1300061742484
1.43861 68.8179446690905 11.7755371476647
1.44124 93.6789717960881 13.7387626600179
1.44387 97.6867752517201 14.0294658230983
1.4465 68.8389635861546 11.7770656414026
1.44913 53.673505484732 10.3991202372472
1.45176 79.5084293644642 12.6566826770754
1.45439 113.602928859569 15.1288094866754
1.45702 111.118439119253 14.9623476394741
1.45965 86.5122190686403 13.2020716674434
1.46228 25.5502185309641 7.17459440539181
1.46491 98.9303018898962 14.1176170500106
1.46754 19.9006680539493 6.3318007909435
1.47017 53.4132380464319 10.3732430374973
1.4728 51.6708301795716 10.202568146999
1.47543 44.5262466671351 9.47090571993239
1.47806 50.6314466060511 10.0992778844768
1.48069 35.6815835944841 8.47810711258014
1.48332 47.4162846307542 9.77321120073243
1.48595 125.077662766788 15.8730391224381
1.48858 58.7677746999536 10.8801909035206
1.49121 49.395271183753 9.9748474844974
1.49384 61.4323817121212 11.123947690688
1.49647 36.902665136107 8.62155914699702
1.4991 44.9164096005276 9.5116562577878
1.50173 36.7339334501169 8.60170168999894
1.50436 60.5976422376257 11.0477999235071
1.50699 44.2074517975436 9.43610914786969
1.50962 31.9921656324192 8.02720422071977
1.51225 26.7318526910558 7.33760449912975
1.51488 73.4163979582907 12.160000242418
1.51751 71.9231949200987 12.0356295003225
1.52014 92.6272883653528 13.6584393080699
1.52277 123.514446772679 15.7720359418351
1.5254 74.3486224146702 12.2366522935852
1.52803 29.4262741080192 7.69823336167382
1.53066 68.3983863772946 11.7366360998962
1.53329 83.5320490683872 12.9701367739419
1.53592 18.1514109483123 6.04603226184377
1.54118 13.8862339637602 5.288129220093
1.54381 14.8215849121573 5.46329208798357
1.54644 59.8546726507014 10.978762847017
1.54907 46.5820564841378 9.68525322071129
1.5517 24.0056719397349 6.95273795468602
1.55433 40.9300235814906 9.07856489527959
1.55696 77.705252792023 12.5088870383703
1.55959 22.7500926047636 6.76834274629256
1.56222 36.407542260173 8.56216744246598
1.56485 82.5205041433527 12.8903956821946
1.56748 132.075257910989 16.3077228810387
1.57011 92.6137501444812 13.6558142551437
1.57274 115.424450407498 15.2449516114833
1.57537 147.36472854604 17.2254744780282
1.578 137.468479533583 16.6369327250991
1.58063 105.107473488697 14.5474130774005
1.58326 130.639226464987 16.2182148394714
1.58589 44.6248018515197 9.4787632465168
1.58852 112.519422592965 15.0513186236772
1.59115 44.6152350006922 9.4776282720179
1.59378 71.5720569740112 12.0040308932239
1.59641 63.9991702723179 11.3511484426143
1.59904 34.0511266221799 8.27972635583829
1.60167 84.2269590929209 13.0219027205315
1.6043 29.9251108221659 7.76185302466174
1.60693 14.5986393499419 5.42128658766938
1.60956 48.9885124630906 9.93097634899615
1.61219 91.8888265902923 13.6011246069387
1.61482 54.7942801774263 10.5029119527102
1.61745 78.6384120484996 12.5822446224721
1.62008 81.6524962440169 12.8210659788596
1.62271 99.4901232705111 14.1523327625324
1.62534 93.8789580374344 13.7474080168152
1.62797 88.4917379555003 13.3470933995916
1.6306 33.8405775277392 8.25377955521461
1.63586 8.27653439057499 4.08183583836876
1.63849 64.6705498302148 11.409935626629
1.64112 59.5978840836231 10.9532747897909
1.64375 13.756054178086 5.2622823473809
1.64638 21.6283083053405 6.59837704607695
1.64901 24.543821478699 7.02903311500964
1.65164 61.3277252290896 11.1109596574203
1.65427 76.3898002500452 12.4005079432072
1.6569 32.2055833645773 8.05167094379454
1.65953 29.9140652961984 7.7599120010869
1.66216 29.2227703082314 7.66970067141915
1.66479 17.4775374000735 5.93139009599549
1.67005 63.9651382995023 11.3471116760731
1.67268 58.9062216318468 10.8891225616189
1.67531 45.5520095147413 9.57557181294224
1.67794 111.598316861867 14.9878181340121
1.68057 72.4547926676706 12.076519758891
1.6832 23.3449584213175 6.85493647535176
1.68583 82.9153802375956 12.9188267888754
1.68846 52.634602999603 10.2929496358625
1.69109 91.2844772105639 13.5550549719077
1.69372 53.5414375192466 10.3811741191845
1.69635 20.4422822723487 6.41452935585461
1.69898 3.27580328767064 2.56777909407086
1.70161 86.2168594593146 13.1732603115287
1.70424 22.3825827102765 6.71197514924093
1.70687 13.8570977537516 5.2811614904018
1.7095 28.466792526041 7.56938581697313
1.71213 11.4576415985506 4.80216476855299
1.71476 38.8086488448606 8.8379546450436
1.71739 53.6295944526447 10.3893369129132
1.72002 94.7974646989018 13.8128088391455
1.72265 78.0126371294844 12.5303783976053
1.72528 73.7158788955536 12.1803648444674
1.72791 84.6807179920622 13.0547964733286
1.73054 82.7440132844081 12.9045895823455
1.73317 51.2364930268841 10.154619868972
1.7358 18.2052065012463 6.05298842859554
1.73843 33.1312024903896 8.16561133695133
1.74106 102.403162731551 14.3557159560318
1.74369 129.055839114466 16.1159186884751
1.74632 92.1907456892983 13.6209678642341
1.74895 24.5538897352332 7.02946902119529
1.75158 28.2290690730414 7.5371770182285
1.75421 12.2867211566894 4.97251960907099
1.75684 10.7592772559587 4.65316142495917
1.75947 12.9603851305991 5.1069733254163
1.7621 46.7570024839589 9.70009600925774
1.76473 11.1357349638471 4.73380333521269
1.76736 41.2204495305473 9.10762617063361
1.76999 2.6016508671036 2.28808107143855
1.77262 13.4740323509418 5.20707412100627
1.77525 14.381670423983 5.37957168537894
1.77788 98.2172940730308 14.0583736384191
1.78051 47.0259743487104 9.7276529179297
1.78314 41.2378111182712 9.10930060506593
1.78577 12.6258472414627 5.04040649768345
1.79103 22.2487412382264 6.69089403784072
1.79366 86.1665539895738 13.167364503664
1.79629 46.4654821308061 9.66924992004169
1.79892 25.7583464725108 7.19920628433578
1.80155 59.6558400746294 10.9559627753448
1.80418 125.984386787811 15.9214033125633
1.80681 100.128252371864 14.1938500918589
1.80944 72.0369078637011 12.0392197859011
1.81207 60.1810314424358 11.0039736169316
1.8147 77.7621050252659 12.5084255141697
1.81733 110.131274134887 14.8858243412426
1.81996 55.512180926256 10.5684334851514
1.82259 53.0239371548152 10.3288358359103
1.82522 89.8501271306872 13.4453976883689
1.82785 102.438973785004 14.3564092284161
1.83048 35.4789254993673 8.44884542298176
1.83311 41.7067469176935 9.16039516833977
1.83574 67.2739651333032 11.6341183926255
1.83837 49.8865127129967 10.018448141564
1.841 14.6719694402441 5.43315385948952
1.84363 42.9570585461297 9.29659646861699
1.84626 69.207035756386 11.7999658887664
1.84889 22.4078859748517 6.71436561620504
1.85152 49.1364620384784 9.94272436660166
1.85415 87.1344292931692 13.2402830490811
1.85678 55.4937329087975 10.5663078360193
1.85941 80.6712603705686 12.7397124580271
1.86204 16.9435690180127 5.83850381273716
1.8673 70.6676892389298 11.9235999390814
1.86993 36.0500925744875 8.51626287215818
1.87256 39.4952918764388 8.91389359099943
1.87519 15.0613008971287 5.50458952608972
1.87782 56.7129569398592 10.681537216404
1.88045 56.3565833739883 10.647897348419
1.88571 22.4941512851574 6.72704238607152
1.88834 24.0094967052467 6.94991994042859
1.89097 25.6760641434618 7.18706238945247
1.8936 43.5946121531262 9.36488639527408
1.89623 63.3319758241878 11.2874681583766
1.89886 18.6732376267277 6.12905822043087
1.90149 9.30125006148474 4.32567212493294
1.90412 40.8817020935085 9.06873065374704
1.90675 33.0391232823545 8.15258540233846
1.90938 49.7385409223326 10.0029178299991
1.91201 79.4169923035222 12.6396771001243
1.91464 66.4600121800963 11.5626811807014
1.91727 13.2840145040328 5.16942327907346
1.9199 4.08444689612675 2.8664418217953
1.92253 4.35960387488382 2.96141383230348
1.93568 4.63694276024507 3.05412535070108
1.93831 4.94931973339553 3.15531576095904
1.94094 2.49636517405386 2.24090378398855
1.94357 5.25104377868881 3.25005756158025
1.9462 58.7218200222699 10.8684363929068
1.95146 7.11849804446299 3.78407435195179
1.95409 0.277934658200849 0.747714684902122
1.95672 0.296658285292875 0.772488244182501
1.96198 57.6241275117812 10.7662381239079
1.96461 14.8614118802908 5.46752674400688
1.9725 15.3600126641868 5.55845264778289
1.97513 16.3947707995819 5.7426173544806
1.97776 0.462717965067045 0.964749286067685
1.98039 9.52882327784852 4.37799239032123
1.99091 6.53021583279281 3.62422754984135
1.99354 64.1224197347531 11.3567933079995
1.9988 8.19512922158665 4.06000749363375
2.00143 23.4369076016978 6.86591040269333
2.00406 31.4513099813361 7.95363608074956
2.00669 21.1985078742148 6.52976213852455
2.00932 7.5663443473382 3.9010914814813
2.01195 23.0978068217027 6.81595672709585
2.01458 13.6774597150959 5.2449643763556
2.01721 49.8014138848492 10.0082702874912
2.01984 25.2542609382761 7.12695291286001
2.02247 10.7308355869516 4.64570572530223
2.02773 7.59009065435438 3.90710555834441
2.03036 96.0568838884426 13.8993432015787
2.03299 49.403534945528 9.96798584442159
2.03562 19.5272129602737 6.266815369731
2.03825 47.4361862118804 9.76742352640878
2.04088 9.29793820442384 4.32431013118881
2.04351 4.75619134289031 3.0927978364686
2.04614 27.5374369375547 7.44186864375132
2.04877 75.9663635084 12.3603076140006
2.0514 32.206683326288 8.04803729997162
2.05403 108.273271204026 14.7562490475648
2.05666 61.0894389284692 11.0840068088439
2.05929 66.6485193160027 11.5773013204349
2.06192 103.542757531064 14.4301323968008
2.06455 60.6640862548788 11.0452271281441
2.06718 50.0589149998423 10.0333948839489
2.06981 60.4977449203434 11.0299908066724
2.07244 81.9153594451082 12.8347258378721
2.07507 6.3584570951954 3.57584072609719
2.0777 68.6444005356953 11.7490626709701
2.08033 11.1423997176991 4.7335655690138
2.08296 9.53587499254932 4.37902750545636
2.08559 2.49412175861671 2.23951817976609
2.09085 14.2061795987857 5.34479624352769
2.09348 26.469382129048 7.29562954015166
2.09611 28.7781011190583 7.60712068979881
2.10137 33.1719547532271 8.16717492035258
2.104 30.6195496745155 7.84666210519586
2.10663 36.2750802720201 8.54061155144665
2.10926 8.10817281159798 4.03780650456966
2.11189 32.6596609418992 8.1038065967727
2.11452 60.5594784296223 11.0350300869647
2.11715 31.9864476624822 8.01982128980145
2.11978 23.3963768282336 6.85891176058162
2.12504 1.78412557212974 1.89405276853772
2.12767 3.80869643578022 2.76736708874502
2.1303 2.92425698029041 2.42485395172132
2.13293 0.951649010588289 1.38329703336197
2.13819 1.9247097675241 1.96724352175723
2.14082 12.2288062339624 4.95868770060136
2.14345 60.6130132538612 11.0396902790878
2.14608 47.9944996058952 9.8235602410002
2.14871 44.4468150507424 9.45350217217617
2.15134 40.4012036479136 9.01298781643146
2.15397 35.1102758587858 8.40210258092048
2.1566 38.6012749382675 8.80989859990841
2.15923 47.9331546253101 9.81719275160475
2.16186 7.11643404862833 3.78268130514321
2.16449 78.5346476064351 12.566039338017
2.16712 32.3567880603688 8.06584169509824
2.16975 13.232367321177 5.15804340713866
2.17238 44.2643970275126 9.4339315649813
2.17501 90.7247074081505 13.5060222219906
2.17764 68.1565419982285 11.7062467027012
2.18027 40.2104827005651 8.99151283095129
2.1829 36.9081210364728 8.6143660005833
2.18553 63.8007640724292 11.3259468236316
2.18816 30.7812591042857 7.86690662237951
2.19079 77.4802270614555 12.4811750411786
2.19342 102.943453140592 14.3866150877527
2.19605 82.7224144226577 12.8964472367281
2.19868 82.5019041802755 12.8792240274077
2.20131 70.2791987103731 11.8869553210753
2.20394 68.8173689274713 11.7626699802879
2.20657 65.1129463771809 11.4416907298499
2.2092 89.382783641743 13.4055031503014
2.21183 58.49854667446 10.8449703753433
2.21446 35.823848867679 8.48675381287067
2.21709 8.06223157020377 4.02608339711961
2.21972 1.73416479763311 1.86723924286667
2.22235 11.6974514998271 4.84953457700983
2.22498 57.5889000778616 10.76027760736
2.22761 6.5864974118683 3.6389911325184
2.23024 9.55869945896706 4.38382075502328
2.23287 9.23977882578688 4.31006503461672
2.2355 27.4756054151944 7.43235288070024
2.23813 12.1405001238336 4.94049683395815
2.24076 5.17428133021532 3.22535116437357
2.24339 14.3087415681556 5.36355029409277
2.24602 14.8096980956874 5.45662854410449
2.24865 41.4318149374501 9.12678704857091
2.25128 14.4554555902253 5.39096460887119
2.25391 23.8961197699007 6.93128780853855
2.25654 56.5508779366394 10.6627583176248
2.25917 31.2184632408632 7.92237326737581
2.2618 21.0549245524196 6.50617941844781
2.26706 35.7530819537874 8.47823077699399
2.26969 57.8521648527828 10.7846970429053
2.27232 26.155835566494 7.25157080500736
2.27495 6.74860426678423 3.68344699033017
2.29073 1.12306292898095 1.50261386489537
2.29336 35.6745748895546 8.46884919905209
2.29599 19.2113492612704 6.21474882017748
2.30914 20.1328499622076 6.36205552069613
2.3144 2.1974022893373 2.10184173166951
2.31703 2.34544678936617 2.17149190954097
2.31966 0.383766982278477 0.87837390642814
2.32229 30.8795146024362 7.87918057586663
2.32492 46.9640190503432 9.71692046749549
2.32755 67.9609463704745 11.6889615009193
2.33018 114.191410361591 15.1517618887455
2.33281 83.2301265213702 12.9356094427139
2.33544 61.3539180167147 11.1062633484961
2.33807 90.0641569888668 13.456217847047
2.3407 83.6990143272667 12.9720133239397
2.34333 31.0763368945756 7.90428013664909
2.34596 5.18855976551208 3.22976574496009
2.34859 23.7078285923257 6.90388741604003
2.35122 18.0248847875529 6.01983044406009
2.35385 9.20397421638635 4.30165826522122
2.35648 12.8232759714915 5.07747627380579
2.36174 33.3885166954836 8.19308327533682
2.36437 85.9404551788312 13.1446137800928
2.37226 4.7278255428989 3.0830482644418
2.37489 64.2146663329568 11.3623173859614
2.37752 46.9862246782616 9.71930645201263
2.38015 137.252973091609 16.611585258341
2.38278 97.1339306587817 13.9744871901135
2.38541 82.8459272210408 12.90583708913
2.38804 5.74229993848337 3.39776808598596
2.3933 29.3065664441333 7.67597698529734
2.39593 28.5498240170226 7.5762293092822
2.40119 46.6562650233341 9.68515714312732
2.40382 12.7136807489079 5.05576614822605
2.40645 77.1609504258542 12.4551726173797
2.40908 36.4226803862631 8.55729606388162
2.41434 16.0679038816196 5.68367843199953
2.41697 20.4895048933883 6.41822973280068
2.42223 7.17979792406457 3.79931162244897
2.42486 32.8707455284948 8.12930134204853
2.42749 16.6645584021144 5.7882194743934
2.43538 24.4046455576077 7.0045986642884
2.43801 6.00870028493785 3.4756570362441
2.44327 9.84061522258865 4.44792084118456
2.44853 55.0427981423233 10.5195086618668
2.45642 6.12683897118479 3.50963826396455
2.45905 8.81361624920112 4.2094061539695
2.46168 60.912509590776 11.0661524608198
2.46431 22.3832801543058 6.70818309667241
2.4722 11.7919375194292 4.86894139117382
2.47483 12.5863574949159 5.03027390361235
2.48272 3.30468449055947 2.57754064601416
2.48535 3.52732028448204 2.66294752910891
2.49061 17.5703164875799 5.94332162667353
2.49324 0.940595331650826 1.37511965658733
2.49587 9.12810081862173 4.28379751472103
2.4985 22.4254205115402 6.7144223854063
2.50113 47.7575148546847 9.79849905519781
2.50376 50.9442541160572 10.1201510849003
2.50639 37.8242740935718 8.72017880178614
2.50902 5.07633170560826 3.19459481256335
2.51165 7.9721862026563 4.00341119639235
2.51428 26.1146491056158 7.24576553633568
2.51691 23.5683107778183 6.88346493255377
2.51954 25.1562246171495 7.11158335612558
2.5248 17.1906204642997 5.8788278446912
2.52743 15.7521625758663 5.62750326960644
2.53006 20.7203419296516 6.45423566738646
2.53269 1.47998984894526 1.72494965909756
2.53532 3.72183578825578 2.73543473539575
2.53795 32.2973153296255 8.05808162370969
2.54058 67.4724509364145 11.6469548052926
2.54321 63.6371596113059 11.3111103006963
2.54584 11.085397771341 4.72091500314647
2.54847 10.3275379574466 4.55669161193763
2.5511 52.4100271071649 10.265004081103
2.55373 15.3873999106484 5.5620546470144
2.55636 14.2753283798138 5.35730511330207
2.55899 7.1116776153435 3.7812905995508
2.56162 9.42880275424682 4.35394558048381
2.56425 6.5089760001246 3.61752676558666
2.56688 11.0301200831008 4.70919023733644
2.56951 43.4254178602472 9.34391361131128
2.57214 57.4997105200555 10.7520267785304
2.57477 28.2324867583153 7.53412413492998
2.5774 12.3791779486764 4.98890006701376
2.58003 41.5159598148437 9.13623243402645
2.58266 40.9821947164783 9.07732534271132
2.58529 1.98280883762238 1.99664757428771
2.59844 97.4549709619964 13.9980156181097
2.60107 30.6383616081759 7.84870375144072
2.6037 23.1242727390007 6.81867304993254
2.60633 41.335455251605 9.11649388679315
2.60896 41.0287831956696 9.08262656186606
2.61159 54.2806000614644 10.4469644506204
2.61422 48.3695295901892 9.86175901747906
2.61685 44.7042369770566 9.48076658573828
2.61948 30.4562833663791 7.82543017351207
2.62211 25.0103636004079 7.0913746125951
2.62474 34.9776997848304 8.38622877191387
2.62737 12.9558664982327 5.10393308441086
2.63 11.3953454066001 4.78669927543758
2.63263 63.099220745978 11.2638031505516
2.63526 69.889080439382 11.8543671612658
2.64052 6.67954085164182 3.66478356079258
2.64315 12.8766324393098 5.08834830949025
2.64841 3.69353466291404 2.72519815635781
2.65104 2.35014989215441 2.17382928557038
2.65367 2.50849067338453 2.24586970289047
2.6563 29.5222432314731 7.70466296034422
2.65893 10.4569085220825 4.5854427946708
2.66156 76.5070615259253 12.4031227988571
2.66419 79.5611433418513 12.6482793087594
2.66682 36.3178852630929 8.54558646782635
2.66945 40.3370685932104 9.00605138847863
2.67208 15.1058440977774 5.51131723608741
2.67471 17.9559989811837 6.00880837339774
2.67997 3.51038177034115 2.65681954580232
2.6826 3.74689289369558 2.74486619670227
2.69312 11.0274067975645 4.70895853003089
2.69575 11.4638630314284 4.80124998960395
2.70627 11.7932036198129 4.86972272125299
2.7089 12.5876882269799 5.03107286357849
2.71153 3.15321222338218 2.51804508803576
2.71416 18.6245643154574 6.11968750501586
2.71679 111.177421755357 14.9518099241918
2.71942 31.059748947275 7.9028496937223
2.72205 20.1051258513772 6.35824755365615
2.72731 33.37670122161 8.19227093749315
2.72994 64.9738212945565 11.430127887168
2.73257 11.7077738693921 4.85197250198866
2.7352 27.16061652997 7.39009911860473
2.74046 14.6660641318633 5.43044985599239
2.74309 6.0864707039196 3.49833237505824
2.75624 2.74563074235064 2.34961000135642
2.75887 23.2414978406987 6.8360630199334
2.7615 47.0952118099725 9.73109385912941
2.76413 33.9836325091522 8.2662296560441
2.77991 57.2489648622586 10.7288231432993
2.7878 6.28817055021543 3.55572588239631
2.79043 6.7117920566111 3.67353892925622
2.79832 21.7345049361191 6.61055809161575
2.80095 0.454626172411835 0.956070789598749
2.80358 2.31778765164664 2.15873825826002
2.80621 21.6447800932466 6.59690284838801
2.8141 3.5736979032639 2.68054695027064
2.81673 3.81446924986391 2.76937579616452
2.82199 12.7220833617672 5.05760163001913
2.82462 13.5792104119942 5.22520209515597
2.83251 0.701435281231196 1.1875738798643
2.83514 0.748693197748535 1.22692809341282
2.84303 23.0015923209495 6.80059823239146
2.84566 24.5512824471703 7.02595869168945
2.85092 9.38262839450035 4.34341598832873
2.85355 7.54108748060828 3.89391520939801
2.8667 6.5158100263142 3.61955662264094
2.86933 15.1726196233062 5.52334011116575
2.87196 8.77147932128204 4.19960318935746
2.87459 18.0254485618038 6.02025946004345
2.90878 1.77184630620697 1.88750154986482
2.91141 13.6710378695375 5.24293734639282
2.91404 33.0342275951073 8.14996295338192
2.91667 11.1950974907332 4.7444636962383
2.9193 7.48435057462336 3.87926886249691
2.92193 30.5912485788037 7.84279841797867
2.92456 42.6049228989153 9.25554452701416
2.92719 30.369653977177 7.814327993508
2.92982 19.4758904895849 6.25777591951917
2.93245 48.5332620897911 9.87849350700914
2.93508 54.6293027124548 10.4805346355152
2.93771 23.4712017978495 6.86970209402163
2.94297 16.4411563954876 5.74957421181294
2.9456 8.05056105023846 4.02329807203076
2.94823 22.6804122148594 6.75296095366204
2.95875 43.2656611272132 9.32693532536187
2.96138 38.970761449594 8.85189737864784
2.9719 36.7509124412572 8.59606150051717
2.97453 9.48479103871923 4.36695750855232
2.97716 10.1237787299658 4.5116565993263
2.97979 1.59108394198066 1.78859038581079
2.98505 23.1831181055069 6.82730858217454
2.98768 24.7449582189009 7.05353137962211
2.99557 35.8476681151558 8.48970481312679
2.9982 38.2627153822606 8.77101109195157
