-0.19988 49.6934982329195 10.2452065013762
-0.19725 12.3331035326753 5.10405152481648
-0.19462 11.9768860210429 5.0298930327796
-0.19199 33.1175850009831 8.36419309517435
-0.18673 5.43897276942111 3.38976054857718
-0.1841 18.2068280551958 6.20205556251899
-0.18147 5.40869800526268 3.38043665503234
-0.17884 9.52013640228221 4.48493289206675
-0.17621 24.9713084930403 7.26378433583049
-0.17358 40.5415537550338 9.25551125722621
-0.17095 40.8235727421457 9.28781702676228
-0.16832 30.8163159957672 8.06968221194325
-0.16569 5.97618738238886 3.55374369888699
-0.16306 29.9604828678884 7.95712774048336
-0.16043 42.1791804867204 9.4414548486203
-0.1578 21.9994967125979 6.8187403031762
-0.15517 3.30745703123632 2.64394738528392
-0.15254 59.5969358073319 11.2234297782374
-0.14991 57.2009556489635 10.9957079250775
-0.14465 29.2956721509385 7.86935495967467
-0.14202 44.3644291871545 9.68417825722779
-0.13939 16.3940455051621 5.88703093202342
-0.13413 75.0224946652178 12.5940335759079
-0.1315 21.4161738639628 6.72896022145098
-0.12887 4.16881237237187 2.96886955442128
-0.12624 66.7947995086987 11.8840423038525
-0.12361 2.83201917568236 2.44708401771266
-0.12098 8.30943552408902 4.19174127092457
-0.11835 26.1165813888842 7.43147109355275
-0.11572 19.4458361793236 6.41265478967312
-0.11309 12.4969843143092 5.1408517866778
-0.11046 19.2812305231408 6.38568902017149
-0.10783 15.3476015452894 5.69729318871585
-0.1052 22.1491877251107 6.84439607363677
-0.10257 18.8863445146908 6.32030599433487
-0.09994 7.23636705277506 3.91230193398772
-0.09731 17.291993504504 6.04769840839807
-0.09468 19.9294496287724 6.49244498500891
-0.09205 0.370694326630905 0.885445075898242
-0.08942 20.8616841407004 6.6423441288455
-0.08679 18.3290503499167 6.22600840560212
-0.08416 24.4919236777301 7.19687899127569
-0.08153 17.2188160072952 6.03430733374921
-0.0789 8.60332524762113 4.2653235878318
-0.07627 55.0575006733679 10.7899663561049
-0.07364 37.7054387340291 8.92908328333567
-0.07101 73.5936064336036 12.4743506435697
-0.06838 96.0205952931666 14.2486307351665
-0.06575 54.2522565933915 10.7100837693925
-0.06312 42.6581886599218 9.49681983128661
-0.06049 112.224259051338 15.403286599051
-0.05786 135.223049008236 16.9078510738545
-0.05523 144.913789915522 17.5029373335327
-0.0526 119.264599983743 15.8783323165751
-0.04997 225.046531383663 21.8111366760873
-0.04734 114.646768018973 15.5673996034
-0.04471 104.908118031922 14.8913044047647
-0.04208 157.702474248107 18.2574649094442
-0.03945 196.299620664967 20.3692002905717
-0.03682 156.48209676588 18.1861012232373
-0.03419 177.989130656748 19.3953242071559
-0.03156 266.046645628416 23.7122204103712
-0.02893 260.757874756091 23.474971424676
-0.0263 329.340504991871 26.3816500853112
-0.02367 483.725434574854 31.9721520746929
-0.02104 596.525443778006 35.5042154554701
-0.01841 682.858069693221 37.9860103997668
-0.01578 776.382045636257 40.5031897819401
-0.01315 950.788432993113 44.8215070785528
-0.01052 941.924288832461 44.6113672072185
-0.00789 1057.8195561808 47.2755245066347
-0.00526 1082.95818861958 47.8331992899691
-0.00263 1129.92038569488 48.8585451488802
-0 1205.34844113975 50.4621718440977
0.00263 1160.39359322272 49.5102697244319
0.00526 1065.37384286079 47.4378887141313
0.00789 1045.2306417603 46.9853112225435
0.01052 1044.95254735584 46.977081119261
0.01315 1004.05019898488 46.0465565966428
0.01578 986.34969265795 45.6369489534851
0.01841 856.914273136759 42.5354989779358
0.02104 686.629023302352 38.0737468973992
0.02367 591.892399412074 35.3482254966538
0.0263 426.602450882498 30.0081762481209
0.02893 310.464915846073 25.5985806387672
0.03156 225.008194740301 21.791668262736
0.03419 274.0142811571 24.0469277929927
0.03682 145.136479877565 17.5001987266857
0.03945 175.052192316764 19.2185293177334
0.04208 133.706749230773 16.7955690538418
0.04471 121.105667950748 15.983871344818
0.04734 94.4252964846492 14.1132033902657
0.04997 100.101960968444 14.5306283205114
0.0526 75.2961297165282 12.6017571613546
0.05523 31.6948884506264 8.17562701339589
0.05786 91.0101954630151 13.8532973061095
0.06049 92.0645240372599 13.9327216496584
0.06312 12.5674770772288 5.14749018832417
0.06575 0.9648003276502 1.42617187662128
0.06838 5.55195893786702 3.42103831748987
0.07101 3.14405082726077 2.5743124809945
0.07364 15.7150553614974 5.75514283254319
0.07627 25.6048362902497 7.34582900664426
0.0789 4.80831620092977 3.18315645835962
0.08416 14.8663804460046 5.59664058755932
0.08679 40.3380758492524 9.21858031022251
0.08942 44.4822770717184 9.6801395077053
0.09205 20.4438228271725 6.56222051229807
0.09468 35.1672419413458 8.60638111043116
0.09731 40.52899086234 9.23880851739029
0.09994 92.4884525714213 13.955920210453
0.10257 132.775793493979 16.7207783211809
0.1052 151.098194721845 17.8364776392466
0.10783 90.099047366014 13.7727915209773
0.11046 79.0274225190792 12.8983215508842
0.11309 83.3698431839456 13.2474167289013
0.11572 159.204727452723 18.3057319883396
0.11835 219.87533046052 21.5119502494893
0.12098 261.700324490312 23.4679996888957
0.12361 153.157910479814 17.9525468647369
0.12624 158.326949739697 18.2522405322923
0.12887 134.017550288665 16.7919837470325
0.1315 208.109483021135 20.9242311046076
0.13413 270.4911928436 23.8540728540163
0.13676 251.631598024416 23.0065218764741
0.13939 349.270975718663 27.103915140857
0.14202 356.302515525609 27.3742748875922
0.14465 411.724597915527 29.4251702974887
0.14728 361.116131873201 27.5563327009487
0.14991 280.572042858113 24.2886047209071
0.15254 414.184695514612 29.5093597881543
0.15517 488.231186354644 32.0374480386669
0.1578 496.479247557525 32.305621265908
0.16043 661.867926462354 37.2988640078981
0.16306 767.72899200219 40.1694879503298
0.16569 1047.14818528374 46.9114421263747
0.16832 1216.26583377081 50.5558423201363
0.17095 1478.44882313848 55.7368767268336
0.17358 1722.34055656028 60.1563361537159
0.17621 1913.48649581914 63.4040420346584
0.17884 1955.15392198082 64.0880563731151
0.18147 1915.21224234471 63.4274799564045
0.1841 1958.28995004042 64.1342287469856
0.18673 1981.71756460308 64.5140985856376
0.18936 1979.58944677756 64.4768323388566
0.19199 1956.40367457859 64.095528876259
0.19462 1965.19622705956 64.2367902661463
0.19725 1961.6675197795 64.1764872149846
0.19988 1857.65401541517 62.449144867099
0.20251 1800.56303007557 61.4783544733934
0.20514 1678.43112854153 59.3531563985203
0.20777 1419.03749337206 54.5711336332538
0.2104 1137.02063044987 48.8454588047047
0.21303 885.493036165826 43.1029081800013
0.21566 757.877186793231 39.8737782772428
0.21829 583.94159450179 34.9982757954613
0.22092 487.253265411607 31.9678398293137
0.22355 359.199293828225 27.445908639382
0.22618 326.53463442832 26.1666704043787
0.22881 307.736544993658 25.4007963949389
0.23144 150.639059593601 17.7705369242632
0.23407 96.1301976089134 14.1950073543317
0.2367 46.9206904096669 9.916578416854
0.23933 92.4080390099047 13.9158095596961
0.24196 85.6153730119375 13.3937879577445
0.24459 144.461194979008 17.3971089765043
0.24722 148.784544497474 17.654455557779
0.24985 109.447371302544 15.1409114761065
0.25248 121.979617958958 15.9833171678769
0.25511 72.2411655352314 12.2995602025658
0.25774 126.59797441792 16.2811288415564
0.26037 107.551383112115 15.0055892952234
0.263 66.4897933543714 11.7976760069255
0.26563 94.9992056349857 14.1010961959393
0.26826 137.173181176572 16.9434328293769
0.27089 178.368063424906 19.3196501233933
0.27352 136.773559169018 16.9167015793478
0.27615 99.9998253799241 14.4639908039431
0.27878 23.9858505418542 7.08337080150164
0.28141 70.6538171485882 12.1563760514156
0.28404 105.020213940872 14.8199471006152
0.28667 114.526767681459 15.4752472186524
0.2893 45.3161408848892 9.73384529543894
0.29193 68.9083169197109 12.0023886338926
0.29456 57.9816479292325 11.0090798395236
0.29719 118.680845305889 15.7496148087339
0.29982 156.399204786588 18.0786377009517
0.30245 173.173586397496 19.0217834841789
0.30508 155.290203055853 18.0112729528168
0.30771 184.424100642989 19.626514517345
0.31034 176.885976611835 19.2195405627113
0.31297 228.158183628832 21.8261067914931
0.3156 198.029862031877 20.332254479358
0.31823 217.7681675674 21.3196136290535
0.32086 182.390261256686 19.5094436423926
0.32349 213.103425986319 21.0863398425092
0.32612 266.3262922447 23.5708326464256
0.32875 213.805345542188 21.117334195345
0.33138 182.424045363257 19.5044073342107
0.33401 329.871460110349 26.2256333753362
0.33664 389.286995266454 28.4872451196394
0.33927 355.166542891561 27.2077991139487
0.3419 493.785951458091 32.0780995115478
0.34453 442.112619221051 30.3506216830043
0.34716 434.161749986614 30.0738326654614
0.34979 406.183075033686 29.0861184150804
0.35242 424.431813642228 29.729709887659
0.35505 552.453897052273 33.9153708950525
0.35768 449.24262229448 30.5809423281981
0.36031 322.533120971437 25.9095205511046
0.36294 355.560670797788 27.2013775793531
0.36557 319.060439998628 25.7651299386576
0.3682 290.317600459066 24.5750465964041
0.37083 304.66341462208 25.1726897392884
0.37346 310.904880101187 25.426994928942
0.37609 390.558756238234 28.4961538112062
0.37872 421.816609154321 29.611927537774
0.38135 293.267743821408 24.6887308565263
0.38398 205.060447245421 20.6428347513655
0.38661 269.410138728696 23.6590398921885
0.38924 184.874931360051 19.5970597984229
0.39187 163.175459726626 18.4094611536738
0.3945 147.028515722697 17.4733502993143
0.39713 137.51400028934 16.8970383978707
0.39976 202.981141169253 20.5270578923829
0.40239 175.301390372541 19.0739313212969
0.40502 145.554169830477 17.3776111851242
0.40765 92.6104197550219 13.8591906742359
0.41028 112.27962188764 15.2576829160806
0.41291 131.307985739238 16.4973364896576
0.41554 58.7588606342419 11.0340531603608
0.41817 21.011429280955 6.59714896195188
0.4208 43.3455513769231 9.47394457002294
0.42343 92.8159834761046 13.8611740698783
0.42606 61.9976472890303 11.3267749732265
0.42869 21.6872026920806 6.6980818564645
0.43132 111.854304629539 15.2091528125386
0.43395 73.3427922451647 12.3136657492062
0.43658 75.910042965758 12.5253019679396
0.43921 66.3136443285629 11.7049606277368
0.44184 68.2435362797503 11.8721444327081
0.44447 22.2750899962029 6.78169136808083
0.4471 30.3850045718516 7.91931824508876
0.44973 44.7481272475425 9.60893836153182
0.45236 29.7495325652716 7.83353626514122
0.45499 60.4013680914759 11.1601738516532
0.45762 80.3468805528232 12.8695051119144
0.46025 40.6826629262421 9.1561260862573
0.46288 68.4515333340532 11.8748569822353
0.46551 73.7312308673848 12.3223129839201
0.47077 5.99468712161045 3.51244132522287
0.4734 17.4088785900724 5.9846787601819
0.47603 67.0433699750853 11.7425648854378
0.47866 68.172515114002 11.8391164182112
0.48129 73.4740781250636 12.2888506155391
0.48392 91.0424186314028 13.6771503770495
0.48655 77.8138194788268 12.642460598128
0.48918 64.9794467839389 11.5510306902533
0.49181 67.0584592096163 11.7324574018881
0.49444 52.0657028272391 10.3363573012714
0.49707 62.6682725737418 11.3382213067812
0.4997 90.6039547040255 13.630884690056
0.50233 175.500707075301 18.9681469318635
0.50496 102.080278113102 14.4645865723187
0.50759 171.218865891853 18.7309813805028
0.51022 196.402968071939 20.0589574451456
0.51285 115.689661033707 15.3932813025766
0.51548 147.368868891917 17.3714628891164
0.51811 152.651980020204 17.6780481799351
0.52074 110.349396453634 15.0285692256056
0.52337 179.9671544652 19.1901703989185
0.526 184.325347220073 19.4188843722631
0.52863 154.19159467894 17.7587184972649
0.53126 75.4481438760248 12.4209573040353
0.53389 137.226626312946 16.7494089472996
0.53652 150.356126592801 17.5303404314339
0.53915 140.236523286537 16.9281630799894
0.54178 105.175899472935 14.6584095779561
0.54441 170.303887697696 18.650499736889
0.54704 113.230756337144 15.2058198722732
0.54967 123.494694278903 15.8781982706572
0.5523 45.3370947675058 9.61951854419512
0.55493 70.5009010401661 11.9942538624157
0.55756 103.745935565306 14.5482530589105
0.56019 43.0639617829159 9.37198701424776
0.56282 2.79787518781956 2.38857141456454
0.56545 7.0346208160059 3.786986625665
0.56808 122.820768480822 15.8219016707787
0.57071 82.7436488262364 12.9849251157937
0.57334 20.7011820667322 6.49410064536832
0.57597 35.0914537153287 8.4541789830091
0.5786 39.57239132271 8.9766896230793
0.58123 61.9444182150493 11.2297591765435
0.58386 31.840610997831 8.05024930696508
0.58912 45.556598388688 9.62704058360151
0.59175 33.8748815174415 8.30051990051793
0.59438 29.5074532858291 7.74607146439654
0.59701 15.9576121501367 5.69572232573641
0.59964 14.982889457335 5.51840394761585
0.60227 46.285787044283 9.70054719688324
0.6049 18.745505608476 6.17415712729502
0.60753 3.20035440642952 2.55143678483062
0.61016 9.97836908282412 4.5058032016924
0.61279 28.9992612914458 7.68232281273156
0.61542 36.0166047689051 8.56262850846026
0.61805 28.5715497865933 7.62744762746958
0.62068 24.0517722439099 6.99910453016407
0.62331 22.024780832213 6.69855803512984
0.62594 21.5474745433657 6.62644028129152
0.62857 4.23593098506866 2.93841476031932
0.6312 7.48418540226087 3.90631689499561
0.63383 8.62823119865893 4.19481313758813
0.63646 7.85958871343801 4.00412989306521
0.63909 38.8174117160695 8.89975465294776
0.64172 36.4115233708389 8.62066278574758
0.64435 7.9086328743459 4.01817096358713
0.64698 7.16048520562995 3.82388994998537
0.64961 37.3999593156967 8.7402964919579
0.65224 72.0107577175121 12.1295787165207
0.65487 81.7533852361349 12.9257666491849
0.6575 89.5207346825493 13.5276280923985
0.66013 112.21584670695 15.1475820650743
0.66276 72.9767199538244 12.2170051348762
0.66539 76.1467715800488 12.4811524422797
0.66802 103.237699000544 14.5346452696051
0.67065 93.3709756631863 13.8244401085557
0.67328 40.653831406037 9.12323062149832
0.67591 25.5283284374829 7.2304511562193
0.67854 52.8392829836225 10.4037269519207
0.68117 68.6441449855198 11.8595579997364
0.6838 107.569834470612 14.8480101154732
0.68643 147.279322466585 17.3760128861815
0.68906 132.491421573195 16.4827375364667
0.69169 85.9410629016084 13.2767577476253
0.69432 90.9666136766325 13.6612008866464
0.69695 38.9917543283015 8.94520771786675
0.69958 97.2543412881125 14.1291066819103
0.70221 79.3115961479464 12.7629812026671
0.70484 42.2083910350178 9.31443815141241
0.70747 76.1266948907789 12.5140848027916
0.7101 54.8280069931601 10.6244153180237
0.71273 66.5488356388638 11.7097360449063
0.71536 52.265509381473 10.3814351659964
0.71799 21.3015802846994 6.63022862178673
0.72851 17.5461862073941 6.02703546571497
0.73114 52.7507811786395 10.4543956699671
0.73377 76.8698745768191 12.6250916725126
0.7364 34.9310430232389 8.51400819018422
0.73903 48.7435444953332 10.0614028244149
0.74166 89.9252687221505 13.6713819595012
0.74429 9.14619866450477 4.36177527099394
0.74955 32.1499480726676 8.18418720272458
0.75218 15.0733490107195 5.606106128744
0.76007 12.0603475000668 5.0205188725147
0.7627 17.9962868881346 6.13522692669004
0.76533 23.8165048464931 7.06071270341914
0.76796 6.87410335220712 3.79479021422794
0.77059 22.7154019226684 6.90096840565861
0.77322 52.0363278283307 10.448960726281
0.77585 61.3261391950226 11.3478191428037
0.77848 78.1348290391842 12.813908273601
0.78111 16.7493912298214 5.9351041309596
0.78374 36.193022051604 8.72791831223624
0.78637 9.11493526703978 4.381717065362
0.789 18.6923674934702 6.27724164987188
0.79163 29.1829176001213 7.84639325274279
0.79426 17.9912610265064 6.16318793662431
0.79689 49.5303437472867 10.2300802613384
0.79952 48.3391457379754 10.1102535248895
0.80215 31.7974531824561 8.20331707423506
0.80478 65.5405110166571 11.7822670125999
0.80741 89.4603866776748 13.7711371459639
0.81004 63.7249438603506 11.6275835220164
0.81267 75.4841491221155 12.6602647715547
0.8153 96.2788561351774 14.304095056235
0.81793 144.003246848809 17.5009224227348
0.82056 72.2077909959058 12.3978549003049
0.82319 15.0925079057959 5.67041440533313
0.82582 84.2675855581415 13.4042893343931
0.82845 46.7958545132519 9.99301378027285
0.83108 23.6825537063382 7.11190897966449
0.83371 17.0378871425968 6.03474292685913
0.83634 59.1077744875257 11.2448079798579
0.83897 116.727225187845 15.8086399234669
0.8416 98.1972550878887 14.5056315081382
0.84423 111.62656954124 15.4720959193982
0.84686 112.62160446188 15.5472814973843
0.84949 100.031731289423 14.6585360749497
0.85212 85.7189959708666 13.5749487895258
0.85475 86.2813251904801 13.6249800345412
0.85738 142.662500817277 17.5270994564785
0.86001 79.3858897248762 13.0798966124686
0.86264 93.9335711153549 14.2337863550704
0.86527 66.7206958521084 12.0010028317303
0.8679 24.194438749575 7.2297306017151
0.87053 10.7989562630217 4.83205834379986
0.87579 19.6981994259845 6.53142569910174
0.87842 43.6303832416274 9.72446567750159
0.88105 29.828000492066 8.04377047203834
0.88368 42.3853156480479 9.59249389250356
0.88631 35.8149655005201 8.82129138389731
0.88894 30.6962012612299 8.16992655342918
0.89157 25.1311379085073 7.39533251508054
0.8942 61.2919054582503 11.5539063279715
0.89683 35.6017775186029 8.80924383559914
0.90472 20.40837386529 6.67360626549558
0.90735 59.158637553392 11.3633424856606
0.90998 41.0761377912651 9.46961762932566
0.91524 24.2658303765376 7.27974979871534
0.91787 33.6736715731291 8.57639381603942
0.9205 6.57149281079255 3.78906534292563
0.92313 14.4391004121727 5.61708161451851
0.92576 52.1361280605391 10.674576037377
0.92839 15.3137822330814 5.78579518427423
0.93102 1.70840854312157 1.93267245154877
0.93365 21.2257542401593 6.81293921150277
0.93628 1.83066488743633 2.00100385697516
0.93891 0.970065616082736 1.45674856723424
0.94417 12.018839527817 5.12857106467816
0.9468 13.8550391354675 5.50692940600785
0.94943 10.1617626301199 4.71661760435684
0.95206 34.6229527412027 8.70700316649582
0.95469 15.7645450386009 5.87581171064553
0.95732 15.25159379277 5.77996562733866
0.95995 41.5986550000291 9.54657895801236
0.96258 29.4071588914526 8.02740425929562
0.96521 17.2790800175398 6.15388501087057
0.96784 19.9189166907932 6.60788365286158
0.97047 10.7659137574958 4.85842420389367
0.9731 12.4106910861651 5.2168507520827
0.97573 4.84066047058188 3.25839085852299
0.97836 1.9741420396456 2.08104033141194
0.98099 25.2702202017924 7.44622637328628
0.98362 29.1309089203978 7.99556494836984
0.98625 32.6359747582608 8.46371128613552
0.98888 167.845889569991 19.1958921777271
0.99151 92.2030871311645 14.2287277973024
0.99414 72.939576382899 12.6565501446076
0.99677 65.1649689351035 11.9641321194012
0.9994 77.5643037874679 13.053555061384
1.00203 10.932714477243 4.89873123273768
1.00466 37.0524604638365 9.01466813037992
1.00729 63.0575709129372 11.7552344628816
1.00992 59.8202588812968 11.4447980808519
1.01255 60.5780794689296 11.5123214470864
1.01518 67.2113048598154 12.1212480750582
1.01781 84.5096885525725 13.5862717831056
1.02044 44.2169971004646 9.82341277964851
1.02307 43.1488011769967 9.70002186572781
1.0257 13.0311092018063 5.32843245998631
1.02833 32.6385109267475 8.42935258142403
1.03096 46.3568306973471 10.0416724101458
1.03359 28.0870252817092 7.8130757303964
1.03622 60.4439597746852 11.4568557794195
1.03885 131.437199325421 16.8875956499382
1.04148 62.8193449381042 11.6701088478714
1.04411 22.8003842552161 7.0277882823752
1.04937 62.9328335401878 11.666069005579
1.052 42.0299535242887 9.52981088430588
1.05463 164.125089879312 18.8239644645123
1.05726 111.209155163289 15.4886121117226
1.05989 30.696053102732 8.1339589653165
1.06252 27.7725027999087 7.73368611597135
1.06515 3.04693766986367 2.56052481114593
1.06778 35.6310652281908 8.75244974050874
1.07041 38.8445487639515 9.13478077727297
1.07304 51.6661142035371 10.5306141998042
1.07567 36.3088131080878 8.824180622225
1.0783 49.2139525054232 10.2690411151646
1.08093 87.6035591566324 13.6950587171739
1.08356 8.85421672888704 4.3520632309962
1.08619 60.3985767088977 11.3618858047143
1.08882 21.5022233574185 6.7763455304954
1.09145 34.6916213833972 8.60365116219551
1.09408 45.3738791270735 9.83535251738714
1.09671 22.0698414590492 6.85650675337212
1.09934 0.578995213179535 1.11008685083755
1.10197 34.1634587524264 8.52147455881041
1.1046 4.93140426577499 3.23513006079484
1.10986 21.5384704724068 6.7508366579517
1.11249 73.9247618729427 12.4973017626237
1.11512 49.4473695883469 10.2132392688207
1.12038 15.8054408588742 5.76547315217358
1.12301 48.4117063208116 10.0826793635295
1.12564 70.5647039795856 12.1636280918035
1.13353 1.25770182211676 1.62017153983042
1.13616 11.883665401192 4.97638457937433
1.13879 14.3665135633473 5.46739539861887
1.14142 5.40104544701076 3.34972575271331
1.14405 3.09469985927011 2.53363841346889
1.14668 7.68393575766694 3.98925449879009
1.14931 8.84251675660833 4.27613906966197
1.15194 9.25386105317094 4.37108081530188
1.15457 53.5972284880264 10.5114218729158
1.1572 35.3921076343004 8.53504746518681
1.15983 17.2707378912373 5.95758264879246
1.16246 19.874573590982 6.38594117605131
1.16509 3.30739555240243 2.60303446634066
1.16772 3.80601894451307 2.79018267327061
1.17035 5.17768292579264 3.25180633788674
1.17298 58.774705846871 10.9474111387942
1.17561 26.9065759819117 7.401233866331
1.17824 63.5470750905866 11.3652990907025
1.18087 63.861744544109 11.3844253219612
1.1835 21.9713552779861 6.67231042719942
1.18613 22.9542945564598 6.81453693308324
1.18876 20.0179717020696 6.35873052051637
1.19139 2.12536611966662 2.07029734795804
1.19402 33.2930731245819 8.18743204562218
1.19665 38.3112919252838 8.77583668297541
1.20454 48.0899264644094 9.80914690736146
1.20717 64.4844785209035 11.3500016952699
1.2098 32.7396633183603 8.08107360746098
1.21243 26.8215093926313 7.30864169479435
1.21769 33.4455168008576 8.14870619189975
1.22032 38.4879827790036 8.73461584307822
1.22295 29.8674247961899 7.68849127432835
1.22558 51.1307227036846 10.0517961866957
1.22821 13.743394003451 5.20726461419134
1.23084 8.96955476761798 4.20346561190022
1.23347 13.3234330307842 5.11904561452288
1.2361 7.39781348041127 3.81145636060906
1.23873 61.1805706486579 10.952261925679
1.24136 1.89665292180019 1.92685151412398
1.24399 23.7534863193448 6.81356983305094
1.24662 29.7596512153739 7.62045882660846
1.24925 24.067450811632 6.84759198405852
1.25188 54.3350821813395 10.2805907599647
1.25451 62.8498906366576 11.0480263337366
1.25714 103.3391237296 14.155291088218
1.25977 64.4966909649987 11.17399728477
1.2624 49.0846184670234 9.74014512909803
1.26503 28.3468326099792 7.39600686121803
1.26766 66.2257911489109 11.295627795807
1.27029 27.7525746834471 7.30633593416982
1.27818 4.88258393604592 3.0571945960541
1.28081 17.029664732404 5.70492866559014
1.28344 22.9371806187296 6.61554401489978
1.28607 23.7419225602893 6.72513945452043
1.2887 15.3885332696999 5.40989953992196
1.29133 1.1646833988535 1.48710347795948
1.29396 11.35591712011 4.63974847974584
1.29922 27.6320762049597 7.22570993295983
1.30185 31.8103891745225 7.74825489141223
1.30448 27.0737548145829 7.14408228498701
1.30711 15.7060102213648 5.43823102067568
1.30974 3.01515318422425 2.38139608804891
1.31237 31.4502284033873 7.68671527106903
1.315 23.1920860930558 6.59706044490606
1.31763 2.97005195063115 2.35946727473125
1.32026 26.8336488854465 7.08798673112805
1.32289 30.8919645238819 7.60075268845716
1.32552 6.92417917143839 3.59640430621853
1.32815 84.5552618117372 12.5604417864601
1.33078 23.843140478437 6.66601478020086
1.33341 31.791974264288 7.6929507490951
1.33604 27.7910716327623 7.18846595612185
1.33867 32.0503542826193 7.71523345103377
1.3413 74.2472335029008 11.7360400569454
1.34393 73.1889434445706 11.6453536963717
1.34656 19.4756004892422 6.0037635712872
1.34919 3.33545456967717 2.48315359413127
1.35182 3.83985170934525 2.66275321491503
1.35445 3.51830829107455 2.54734616521928
1.35708 34.2667570564422 7.94519495180323
1.35971 106.770834599357 14.0165494552344
1.36234 48.0954091536525 9.401844214652
1.36497 38.3982740783994 8.39582231163956
1.3676 74.5998172926754 11.6955895600674
1.37023 5.3267020153472 3.12340276814375
1.37812 21.829025907167 6.31176516317424
1.38075 62.7307202028334 10.6934574372571
1.38338 27.4384978735502 7.06809254977631
1.39653 23.613819343263 6.537638468131
1.39916 33.9646269182429 7.83598212439624
1.40179 26.0428988582954 6.85834299886986
1.40442 18.1065164186998 5.71645249318204
1.40705 35.9539723951268 8.05224665458312
1.40968 41.9133726103397 8.69069061045003
1.41231 39.4233817219855 8.42537329951641
1.41494 62.9056144871431 10.6387602453474
1.41757 40.3273451224886 8.51491092393274
1.4202 18.1834547902982 5.71547517183433
1.42283 30.3434272357789 7.38040474808503
1.42546 21.8191838435245 6.25605716651661
1.42809 20.1003688199241 6.00228948899892
1.43072 23.1491410577242 6.43895965262783
1.43598 1.81052943710143 1.79935705729366
1.43861 21.9144710949966 6.25767505018506
1.44124 10.303330328357 4.28912939139341
1.44387 1.78094629439807 1.78253655339595
1.4465 35.0123138490463 7.9005260056682
1.45176 0.767500616817383 1.16882559924709
1.45439 0.883908417416156 1.25385166964852
1.45702 7.40379162177885 3.62745197228352
1.45965 8.5267239689517 3.89132585160483
1.46491 3.03444673604985 2.31958186803299
1.46754 11.0109967116871 4.41687176839768
1.47017 14.7957813372774 5.11801818128553
1.4728 25.9151164579782 6.77081147053248
1.47543 22.8598910645484 6.35670932248309
1.48069 8.14991867522251 3.79257159871105
1.48332 35.9314931619758 7.96022830921875
1.48595 82.7749594964026 12.0772481151821
1.48858 64.7514275402505 10.6776000671313
1.49121 48.4094374877504 9.22878096136511
1.49384 63.2346415066333 10.5435548566907
1.49647 63.4407210528442 10.556590256085
1.4991 27.0735680496988 6.89354004934358
1.50173 2.83347032775329 2.22937044012229
1.50436 9.04356185992597 3.98188723200053
1.50699 24.8604174861836 6.60039086944678
1.50962 17.9989913683245 5.61481856408787
1.51225 26.08242520036 6.75743341702043
1.51488 6.24563269640146 3.30591822910276
1.51751 7.19503171583262 3.54745006765646
1.52014 11.6435975864345 4.51169285700608
1.52277 26.0368535461223 6.74506487158839
1.5254 14.5421794799209 5.03967498490121
1.52803 28.7564340973118 7.08518415333234
1.53066 52.4304364260167 9.56469579279648
1.53329 43.8035319580323 8.74036840614525
1.53592 63.2040567312063 10.4964719327653
1.53855 59.0311600232813 10.1416163747473
1.54118 54.1297901869464 9.7091294034776
1.54381 13.0858331732118 4.7726364618492
1.54644 17.5183103207242 5.52076511447598
1.54907 47.0154062390409 9.04208751404698
1.55696 1.6629607485966 1.69932187305413
1.55959 8.20714295022833 3.77420853580375
1.56222 40.0661268875555 8.33707616880746
1.56485 66.0009125045133 10.6978179336788
1.56748 52.3475094149968 9.5249638848064
1.57011 20.2519769780832 5.92303202861922
1.57274 5.91956652361433 3.20147646327324
1.57537 13.7658655610347 4.88092420570108
1.578 8.00239537366283 3.72053328699852
1.58063 9.22320073533347 3.99329010415359
1.58326 18.4766437712424 5.65062339020485
1.58589 14.4983875009996 5.00425473765181
1.58852 6.28239216786436 3.29334148946331
1.59115 4.08126569222257 2.65378853481006
1.59378 4.70162746021334 2.8476562994057
1.59641 44.2370389170385 8.73274986915159
1.59904 46.5975713154909 8.9605386814157
1.60167 52.1488774621418 9.47746667570038
1.6043 12.2181789013567 4.5868162506282
1.60693 26.4262880836814 6.74472871544388
1.60956 19.8798400467727 5.84912806546228
1.61219 34.8539312447627 7.74370568805251
1.61745 3.30054829804851 2.38227821421967
1.62008 30.4948990812573 7.24021139512249
1.62534 9.24659003361975 3.98570197466535
1.62797 22.2358353055828 6.17986382514514
1.6306 9.33260982613686 4.00305796457064
1.63586 68.3914373604966 10.8334659535998
1.63849 45.0610846340373 8.79236012179958
1.64112 15.8990830268971 5.22190249583059
1.64375 72.6458089997769 11.1605618022465
1.64638 56.3202700093535 9.8254211712888
1.64901 51.4161775324079 9.38656569839862
1.65164 31.9802999649777 7.40177874868943
1.65427 9.11619736954939 3.9512970145267
1.6569 20.7653236655888 5.96266122822665
1.65953 28.93318002142 7.03731216542166
1.66216 17.7863725150675 5.51683956338287
1.66479 48.7034537410214 9.12776510397329
1.67268 5.75485236784122 3.13628341581332
1.67531 27.7746111187423 6.88906121097726
1.67794 38.2921491749079 8.08776912595008
1.68057 36.9501417715701 7.94364331396727
1.6832 21.6598289662483 6.08102768642037
1.68583 15.9076217667693 5.21062559127969
1.68846 24.3271674367012 6.44274236600935
1.69109 14.9361038175129 5.047558833994
1.69372 2.34746386406377 2.00078260500484
1.69635 86.4901695308654 12.1428748397517
1.69898 41.0573969150987 8.36510759657791
1.70161 32.3805881038484 7.42783371642915
1.70424 38.3350844137394 8.08125985361515
1.70687 19.9298035598469 5.82630767362073
1.71739 19.1256204549714 5.70550101609302
1.72002 1.87993192390019 1.7886200432268
1.72265 2.16634842942081 1.91987162596401
1.72791 25.7672352709044 6.62009062306638
1.73054 15.6245843473746 5.15460324375215
1.73317 42.7475208251316 8.52525638573571
1.7358 33.6757400438952 7.56609039561958
1.73843 64.5899149980012 10.4774662392544
1.74106 18.9444728660448 5.67382754570053
1.74369 30.3529602823029 7.18118877805416
1.74632 64.5541860901541 10.4717427002944
1.74895 52.4796130181566 9.44089143951363
1.75158 43.2445027050491 8.56927484598338
1.75421 41.7373324024274 8.41786356954437
1.75684 25.4784570787701 6.57638172529582
1.75947 45.7654131878699 8.81312746278147
1.7621 31.1186505360466 7.26662308194686
1.76473 17.8386766881907 5.50128906108178
1.76736 24.7569643431602 6.4802644386136
1.76999 39.2273344676642 8.15641490717246
1.77262 32.1784856091931 7.38666803577681
1.78051 16.6067763262183 5.30506877998923
1.78314 32.4393634321389 7.41387662862262
1.78577 15.3291643823295 5.09599823872789
1.7884 11.9173913149525 4.49284521493339
1.79103 15.395806590071 5.10614215456372
1.79366 1.91608305641628 1.80119054043077
1.79629 28.194465115211 6.90868241736649
1.79892 21.198340568493 5.98997530434174
1.80155 0.858663319374217 1.20545552230556
1.80418 8.36610357545998 3.76247149400802
1.80681 14.8717527399623 5.01608097272859
1.81207 27.6660059876376 6.84069778625795
1.8147 50.5137203394286 9.24280303929304
1.81733 36.3343926165553 7.83844326430842
1.81996 41.8721987865021 8.41405977266855
1.82785 18.2507267217898 5.55390307052256
1.83048 48.3592645297067 9.04003030476753
1.83311 37.6170351011759 7.97249302757074
1.83574 16.9938415711033 5.35820678580839
1.83837 11.4493437345382 4.39780330578619
1.84889 1.39033441985843 1.53211855646786
1.85152 1.60223807943193 1.64462943381458
1.85941 0.292966073349877 0.703118577565375
1.87519 33.5107389109852 7.51696552457509
1.87782 12.9482906869563 4.67227652911314
1.88308 14.6145345143724 4.96316055694378
1.88571 16.8419613544621 5.32762827616709
1.8936 3.03014784123642 2.25935628613785
1.89623 3.49197775226236 2.42527105109389
1.89886 15.2226931443782 5.06339755889598
1.90149 28.0802842276519 6.87659970600857
1.90412 12.1435726150254 4.52196700803205
1.90675 19.2718242250723 5.69635073028223
1.90938 63.3943009863415 10.3309812106224
1.91201 29.9587257669105 7.1016503266066
1.91727 1.33079739952053 1.49663496881548
1.93568 4.59667029303489 2.78067091665459
1.93831 34.2112415848523 7.58566172489895
1.94094 29.7435867400176 7.07272639552095
1.94357 14.8470222787537 4.99678889933572
1.94883 20.6856289924772 5.89749999187747
1.95146 21.0853232709394 5.95394534355232
1.95409 23.1772713549581 6.24204637604222
1.95672 17.6558069447126 5.44779490229034
1.95935 3.93793280810157 2.57271830995681
1.96198 2.50116401143135 2.05026639687313
1.96987 1.30790865372553 1.48242001544021
1.9725 61.3154652909059 10.1495945287081
1.97513 10.8307723051422 4.26554477433291
1.97776 14.4513460190521 4.9269715422886
1.98039 26.0104748532085 6.60969096458748
1.98302 49.2107444962485 9.09113465409203
1.98565 12.8802201111405 4.65083435633562
1.98828 6.09807817900006 3.19997679349438
1.99091 43.1236030633258 8.50920444775279
1.99354 3.11344638442644 2.28630010406939
1.99617 7.3853802870177 3.52111388782891
1.9988 9.46146349917263 3.98523465869356
2.00143 8.94779627781062 3.87540754167875
2.00406 25.2345239577194 6.50792477995345
2.00669 14.5821052685753 4.94698632960927
2.01458 2.74591220028022 2.14649954632254
2.01721 15.3036430775121 5.06722883300392
2.01984 13.9900424213198 4.8447151045094
2.02773 41.2228754303233 8.31543046497832
2.03036 42.2515709989757 8.41826604400088
2.03299 14.6247404899961 4.95257339009747
2.03562 4.21777097228587 2.65958546745459
2.03825 15.2957606309619 5.0645820509895
2.04088 17.628139948722 5.43684477631164
2.04351 13.0899997790783 4.68488704832594
2.04614 29.6585128687249 7.05163143971482
2.04877 46.9980837278012 8.87647653289215
2.0514 35.1451456472153 7.67571464174711
2.05403 43.3364042513072 8.52311201042891
2.05666 55.8425798827985 9.67475792628779
2.05929 65.560211144797 10.4824585115304
2.06192 7.80665069477282 3.61710372896101
2.06455 24.7582447528871 6.44130885754576
2.06718 63.4391221200811 10.310468208583
2.06981 24.3327397424956 6.38529427474014
2.0777 13.8786809472407 4.82187914383259
2.08033 38.0273534323213 7.98134121662187
2.08296 14.871778457858 4.99108404139069
2.08559 30.919373678383 7.19638473648756
2.09085 21.0215188358007 5.93338150845976
2.09348 24.4918291266232 6.40422285792833
2.09611 14.6444732369814 4.95197336512371
2.09874 6.03562847459243 3.17898345771837
2.10137 6.95604152158461 3.41268219196847
2.10926 7.24914620151002 3.48357012203812
2.11189 27.7750301742556 6.81863093242155
2.11452 26.1762778717455 6.61930887713313
2.11715 4.84401841111018 2.84741244794762
2.11978 12.7578221089916 4.62087843152225
2.12241 26.5255587746382 6.66280843993751
2.12504 8.20416597186043 3.70536554991328
2.12767 5.97616041138088 3.16237776055906
2.1303 8.5733990870562 3.78763330868687
2.13293 9.88086083035082 4.06609555403464
2.13556 4.00877156071394 2.58985008442929
2.13819 1.83413032800915 1.75175291221239
2.14082 42.035818698322 8.38602760694855
2.14345 21.7491831520016 6.03193687441622
2.14871 8.902122645797 3.85886564160247
2.15134 50.2771000197431 9.17036789441488
2.15397 1.86261289715456 1.76502852968541
2.16975 17.8682839729314 5.4659355121129
2.17238 14.7548157905517 4.96682376087623
2.17501 50.9034815198726 9.2251698413564
2.17764 21.9715194502721 6.06065336476643
2.18027 5.95421180697911 3.15493423883747
2.1829 6.86224152587962 3.38688103763595
2.20131 21.3923407445876 5.97887576670046
2.20394 56.6078574256108 9.72567921523674
2.20657 36.8261548825957 7.84424187047973
2.2092 3.87084268395743 2.54311942565742
2.21183 9.70037532393089 4.02577472808699
2.21446 14.0760661724425 4.84938936049168
2.21709 42.5173927002766 8.42793005087514
2.21972 49.6697046439678 9.1090818306304
2.22235 13.0745506186895 4.67340484371421
2.23813 28.6505833974467 6.917257952318
2.24076 50.1638328563413 9.15279624004916
2.24339 7.4930224519804 3.53735100644353
2.24602 24.0898173947731 6.34245791813763
2.24865 47.3353057049325 8.89046822537001
2.25128 34.5372533937225 7.59393962002333
2.25391 13.8081514945485 4.80155837011428
2.25654 15.9779624990646 5.16495259006273
2.25917 6.07063933205406 3.18356744903259
2.2618 32.9348951410939 7.41508580958356
2.26443 6.44120985705549 3.27916267161506
2.26706 39.8188729786509 8.15295259368941
2.26969 36.4172324121171 7.79677680168168
2.27232 17.0352499135998 5.33245359759836
2.27495 95.7596421692284 12.6425676048328
2.27758 36.5675832343748 7.81237988882637
2.28021 20.880963031345 5.90339281830268
2.28284 23.989683867663 6.32746685394997
2.28547 18.1500001186281 5.50360337178021
2.2881 62.5508116914223 10.216837408512
2.29073 25.3724900629555 6.50687925222968
2.29336 23.0824190876875 6.20616128170291
2.29599 25.6361669751053 6.54033715159243
2.29862 9.43925358819076 3.9685660378717
2.30125 5.87458297919902 3.13072195891084
2.30388 25.2053342860381 6.48478902020866
2.30651 21.2465267079169 5.95370458147636
2.31966 9.40338930415755 3.9605359736188
2.32229 16.4573751245313 5.23945031886451
2.32755 35.620037304799 7.70796978504375
2.33018 9.63130413948336 4.00801238665744
2.33281 26.1341202573171 6.60213098769567
2.33544 6.55878225680223 3.30739060159195
2.33807 22.1741817561405 6.08122917156458
2.3407 0.211669225818826 0.594141811975152
2.34333 0.243954746594412 0.637836809656532
2.34859 3.46568326456776 2.40401265958835
2.36174 3.40816348165569 2.38380625413935
2.37752 15.2660348479554 5.04470737962763
2.38015 0.700974532059695 1.08098000080693
2.38278 8.65072656507242 3.79740148624435
2.38541 9.97020596792978 4.07667389734332
2.39067 16.6049020963396 5.26089258326229
2.3933 20.861708132211 5.89671164319199
2.39593 2.3932102230127 1.99718854316416
2.39856 0.356837291204476 0.771182989321648
2.40119 1.39464657811543 1.52457257387238
2.40382 6.8159577539548 3.37033589223816
2.40645 23.3655550326127 6.24009945537879
2.40908 21.2527202958954 5.95119860599755
2.41171 10.3547364986636 4.15394198135809
2.41434 17.6131770469992 5.41755676499805
2.41697 36.823472988402 7.83322701288778
2.4196 26.8870290933035 6.69334895859199
2.42223 14.2514109640188 4.8729809109816
2.42486 8.86726334862592 3.84374263084443
2.42749 16.2841328156704 5.20877423153029
2.43012 33.539811964021 7.47527624137732
2.43275 38.4045150750279 7.99892814964126
2.43538 17.5863418215752 5.41280181662493
2.43801 61.6738780690225 10.1362827837744
2.4459 7.85885762737842 3.61816986974974
2.44853 20.1930141651592 5.79967335816425
2.45116 18.691635559372 5.57982179628848
2.45379 26.8996679995429 6.69366315431151
2.45642 23.2217141967726 6.21915309989231
2.45905 7.32798568052715 3.49357549746954
2.46168 68.8600903091986 10.7091582774384
2.46431 53.9244468225596 9.47672130468507
2.46694 54.1517842317712 9.49653910545877
2.46957 14.6606876675943 4.9411707545992
2.4722 21.6273763331781 6.00134129704888
2.47483 30.802261863892 7.16195234618673
2.47746 9.81925151570457 4.04364508580491
2.48009 10.1819453191508 4.11758841467552
2.48272 24.2947617596046 6.36029984800213
2.48535 26.2967939886915 6.61707999410368
2.48798 33.0918798246246 7.42282833099103
2.49061 36.9691336008512 7.84552567802752
2.49324 45.110565505192 8.66633078859768
2.49587 20.3631051458987 5.82253143597722
2.50639 18.5828990150698 5.56194042388006
2.50902 25.4794104448257 6.51268371778085
2.51165 4.6814942770519 2.79160038404705
2.51691 23.5623131570306 6.26269648034637
2.51954 46.2185852426194 8.77114774965183
2.52217 28.8947237949964 6.93510558018699
2.5248 8.82190716751977 3.83195804598275
2.52743 0.968917440191319 1.2699265143268
2.53006 12.8161561927888 4.61859414034613
2.53269 14.7711180606724 4.95830558517352
2.53532 0.694637064433843 1.07522977185742
2.53795 0.800596210414306 1.15431614403879
2.54058 0.580726426482854 0.983104081736006
2.54321 11.1084753891209 4.29968493174994
2.54847 33.4779639163822 7.46414937663641
2.5511 53.2618806880355 9.41466241451065
2.55373 13.9481702175047 4.81782279444839
2.55636 54.5285809468438 9.5257679980536
2.55899 45.2261504359243 8.67517836673542
2.56162 64.147606458449 10.3316462727546
2.56425 21.5445704555954 5.98747784767874
2.56688 7.47763785705692 3.52738539977876
2.56951 22.1337538934436 6.06867578331681
2.57214 18.0596050328332 5.48171207463391
2.57477 20.1828733513639 5.7949446595971
2.5774 32.4748158138978 7.35066858458378
2.58003 14.4192585354151 4.89802116120746
2.58529 18.9602783061458 5.61646353550041
2.58792 90.7024494774004 12.2841693745314
2.59055 43.7071030341802 8.52723039550435
2.59318 25.0656663915171 6.45754307968623
2.59581 9.66458457532173 4.00972859901109
2.59844 10.3979052221963 4.15902956780241
2.60107 15.2979767149597 5.04465873634883
2.62211 5.80065648133534 3.10615914544645
2.62474 6.68550022427678 3.33463554540832
2.62737 18.8353193522307 5.59711470094326
2.63 27.9526899607963 6.81845232413139
2.63263 19.0201581530591 5.62441499917265
2.64052 3.04109422254874 2.24892052376118
2.64315 9.30484889208875 3.93378050138622
2.64578 28.0326661704578 6.82784973434171
2.64841 27.9150586954989 6.81345380600963
2.65104 13.2423129473295 4.69273745826351
2.65367 14.6622418422528 4.93788321577325
2.6563 25.585393284074 6.52278350818039
2.65893 10.0116065303608 4.08023421384649
2.66419 18.1138788971451 5.48822007571595
2.66682 34.6990377379598 7.59592721108868
2.66945 9.79901881824413 4.03654376154352
2.67208 14.6266196893519 4.93158638002899
2.67471 12.397992568768 4.54032181124988
2.67734 4.04835930900843 2.5944587260423
2.6826 2.81315878255479 2.16270330518588
2.69049 6.23168534626618 3.21878115313109
2.69312 7.18227903998176 3.45554154249634
2.69575 13.8059633187284 4.79087267487871
2.69838 18.5181369258049 5.54850787432486
2.70101 7.94464539028552 3.63421984872667
2.70364 4.7810714190311 2.81924613163641
2.70627 7.80402513594592 3.60185435398302
2.7089 17.140663155822 5.33798154580403
2.71153 15.7547436029819 5.11758857048269
2.72205 24.700644736869 6.40766210651892
2.72468 34.297478800489 7.55045277150324
2.72731 11.1908655448405 4.31290781770819
2.72994 7.15209031303568 3.44787308692679
2.73257 2.2236749198958 1.92250228656199
2.7352 13.8374679073358 4.79574374393929
2.73783 15.9482737985338 5.14850260182439
2.74309 8.15137652885263 3.6807172036022
2.74572 11.9316687830311 4.45311599294176
2.74835 2.92383805530626 2.20438024055791
2.75624 3.93793648837531 2.55819427886535
2.7615 3.82034041375261 2.51966659848245
2.76413 7.92019923053698 3.62791029106394
2.76676 6.11762160545636 3.18842518329754
2.76939 2.37887241545044 1.98823144972594
2.7878 5.63245416268205 3.05918165753214
2.79043 61.9888786434692 10.1486847452668
2.79306 22.8932397578324 6.16741167258179
2.79832 3.05043310262341 2.25124592109528
2.80095 0.461966802815437 0.876080489171119
2.80358 0.532435595693848 0.940520430536783
2.81147 2.72939099730312 2.12939017318095
2.8141 3.14573196497115 2.28601521968363
2.82462 12.2778559101113 4.51609523428241
2.82725 20.4099165786853 5.82261844134383
2.82988 7.21397534889597 3.46163230238528
2.83251 23.9011854077104 6.30085114008516
2.83514 63.4157944115935 10.2632311101665
2.83777 60.5027951341825 10.0246449602701
2.8404 22.0857287275321 6.05665782356443
2.84566 8.95377004273091 3.85630984681039
2.84829 10.319576977849 4.13995662778061
2.85881 4.12448517840024 2.61717810916418
2.86144 4.7536336105515 2.8096818643021
2.87985 0.78551875941802 1.14207284533959
2.88248 22.9510532441869 6.17323379255344
2.89037 1.52425038514823 1.59084270090339
2.893 1.75675933290534 1.70785543819781
2.89563 0.143337045852694 0.48783177664156
2.89826 0.165201659337503 0.5237137220372
2.90089 9.13375743187291 3.89410991427039
2.90352 14.8930036281269 4.97247027827728
2.90615 19.1879065596147 5.64407043852557
2.9193 23.8192078874861 6.28825553760217
2.92719 4.27698150403802 2.66457499681572
2.92982 4.92943004700086 2.86058722934063
2.93508 32.2245420732072 7.31383868188807
2.93771 33.630812252714 7.47167989165449
2.94034 11.7999379614184 4.42575144687135
2.94297 21.9752479869597 6.03964801987939
2.9456 3.39557691030623 2.3741005137036
2.94823 23.3738039733001 6.22880297586981
2.95086 32.3386479124632 7.32653119518343
2.95349 27.1152353781457 6.70875207230606
2.95612 25.7904044130504 6.54277082032279
2.95875 14.5813435558656 4.91959081755484
2.96138 19.6966191019155 5.71772986278482
2.96401 9.11355339209743 3.88928026352641
2.96664 3.45807087831861 2.39574115115879
2.96927 7.77370640605169 3.59198565364124
2.9719 14.0329259613644 4.82605449902955
2.97453 19.6914650479483 5.716822369421
2.97716 22.6953750368075 6.13736488758105
2.97979 6.41665154532767 3.26336062405001
2.98768 0.299345926590866 0.704839530855369
2.9982 2.58719290612404 2.07208848417963
