-0.19988 10.0366391359286 4.6313554446522
-0.19725 23.5149032588799 7.08857808899649
-0.19462 27.0291434390805 7.59936386352252
-0.19199 46.7992034342958 9.99893840905135
-0.18936 57.9816239920849 11.1289300314305
-0.17884 51.6996465021598 10.5062135850825
-0.17621 50.5468000006498 10.3877817772587
-0.17358 80.6613958088246 13.1214670153872
-0.17095 6.51015044726059 3.72750794812772
-0.16832 2.71925424101466 2.40891518210825
-0.16306 3.12126659491965 2.58053108970598
-0.16043 17.7480795830599 6.15308441727287
-0.1578 0.31441870806084 0.818926457066573
-0.15517 3.57908323595971 2.76280435345387
-0.15254 53.5844702873382 10.6894957709594
-0.14991 1.55127436581037 1.81867698177834
-0.14465 19.2836009175998 6.41139222899442
-0.14202 46.0985958408304 9.9123272377668
-0.13939 6.26601592852881 3.65427334553466
-0.13676 23.1276100913907 7.0201138988601
-0.12361 13.4309297330755 5.34809675198005
-0.12098 10.1800487602944 4.65580329906493
-0.11835 10.9635212307936 4.83134665807138
-0.11572 33.3810882963161 8.42979252830565
-0.1052 17.6521983682803 6.12858046101715
-0.10257 7.24123869156371 3.92500649059576
-0.08942 36.500394547336 8.80836572698049
-0.08679 130.502696980746 16.6539646020611
-0.08416 44.7221147179332 9.74833370050454
-0.08153 32.494338607339 8.30872516351213
-0.0789 30.3395204219634 8.02779387201386
-0.07627 86.0870157261238 13.5214102738581
-0.07364 32.1103950241736 8.2572852685357
-0.07101 24.3999829404951 7.19731514443779
-0.06838 32.6181402009834 8.32082986341377
-0.06575 49.3310255759655 10.2319496966741
-0.06312 19.8640619435026 6.49222596623845
-0.06049 13.0731610957151 5.26636758755129
-0.05786 19.8532155495029 6.48929549570689
-0.05523 46.5894818430263 9.94002127361258
-0.0526 130.170202818609 16.6134722186222
-0.04997 121.361075271812 16.0400443527326
-0.04734 74.3044020146259 12.5497293535948
-0.04471 44.3152154365533 9.69091412345378
-0.04208 49.7038280011771 10.2622939164676
-0.03945 126.430246247976 16.3657620476904
-0.03682 173.181696159149 19.1523883149008
-0.03419 126.73571422545 16.3825932636054
-0.03156 327.380462454717 26.3281721685016
-0.02893 399.651152715981 29.0868069223734
-0.0263 477.588060576657 31.7938718567462
-0.02367 670.951502641773 37.6810870154521
-0.02104 742.087213562435 39.6247462440345
-0.01841 853.254790146882 42.485383442552
-0.01578 959.800737449362 45.0559200374103
-0.01315 1041.93881910206 46.9400527308567
-0.01052 1027.1564125116 46.6017138474842
-0.00789 1090.04458699229 48.0028316009331
-0.00526 1045.56276016907 47.0089876407442
-0.00263 945.769338550685 44.7053576492838
-0 939.660834168532 44.5567625115827
0.00263 1064.11098143113 47.4096166048998
0.00526 1025.72248316291 46.5389945878223
0.00789 1114.00220280589 48.4924514039718
0.01052 1038.53344812085 46.8134222274774
0.01315 867.94132574064 42.789216959878
0.01578 729.519853334458 39.2226288866435
0.01841 653.654929379773 37.121145881126
0.02104 456.099181056308 31.0031405360956
0.02367 479.501905718399 31.7833834471619
0.0263 402.417256705708 29.1120071584148
0.02893 281.252070866045 24.3338364665495
0.03156 229.653800297476 21.9850969422078
0.03419 179.27504560791 19.4213900395007
0.03682 86.3685674771243 13.4780494993199
0.03945 114.333048090338 15.5047174320827
0.04208 82.0853035010352 13.1352826240427
0.04471 56.8478267406938 10.929300828953
0.04734 84.406116649205 13.3153048083398
0.04997 29.7338719234015 7.90166418205874
0.0526 20.4565854869263 6.55296829562986
0.05523 48.3774520849467 10.0756164209693
0.05786 3.43777240638606 2.68545143390048
0.06049 43.2540504532706 9.52402927855934
0.06312 95.9791065416081 14.1848336535168
0.06575 63.5001920096613 11.5359125902072
0.06838 86.2243049649956 13.4402642250227
0.07101 74.2711319234687 12.4718670184254
0.07364 4.55565263065029 3.08834082175958
0.07627 20.5944396535574 6.56528159811547
0.0789 34.0874701427575 8.44508796903695
0.08153 23.5780337215569 7.02245532562923
0.08416 8.65980442356371 4.25517681893814
0.09205 13.9008370274445 5.38851422260373
0.09994 2.66501853590013 2.35821528337745
0.10257 40.7280472506546 9.21755924849741
0.1052 28.4360467406912 7.70109632987058
0.10783 13.7740281532849 5.35916612264648
0.11046 23.2803493169182 6.96642972782608
0.11309 110.452793145573 15.1723422864498
0.11572 108.785908298811 15.0556446348136
0.11835 72.0548042888448 12.2516123657808
0.12098 133.8027222521 16.6933300645255
0.12361 197.130946276977 20.2598687098642
0.12624 180.137605717244 19.3646709560008
0.12887 139.955632303645 17.0667887359042
0.1315 235.66754345354 22.1439550320094
0.13413 247.888543381884 22.7081733187859
0.13676 212.41913003808 21.0183898178176
0.13939 205.522420943765 20.671922962377
0.14202 370.606762211937 27.7559806890259
0.14465 299.587125059271 24.9522722445915
0.14728 237.730901357617 22.2249071039468
0.14991 267.213510585414 23.559981138809
0.15254 253.089026009232 22.9261417528233
0.15517 371.132095280206 27.7592127057229
0.1578 578.211749965598 34.6445483555474
0.16043 794.284257848904 40.6001812789086
0.16306 895.934232636911 43.1148218331328
0.16569 986.175502785364 45.228705567129
0.16832 1077.64418638824 47.2740989071543
0.17095 1263.78703480295 51.1883358587771
0.17358 1378.8931285583 53.4623264087589
0.17621 1426.80252602842 54.3767138644354
0.17884 1456.443729722 54.9321175474454
0.18147 1470.68751813937 55.1935258880569
0.1841 1508.11990554026 55.8848782369577
0.18673 1567.41159466313 56.9660787264432
0.18936 1435.59837433236 54.5116954826004
0.19199 1384.01007752846 53.516935669493
0.19462 1438.18807831963 54.5478757597441
0.19725 1363.44645950305 53.1052455086604
0.19988 1195.77428193548 49.7282276740678
0.20251 1093.21242238091 47.5541368267593
0.20514 957.614950292454 44.5132305883044
0.20777 772.130901783706 39.9757609534373
0.2104 668.228316512315 37.1938650839923
0.21303 481.797549667943 31.5862998128604
0.21566 280.244348110799 24.0930877252561
0.21829 309.614179311631 25.3274815111551
0.22092 272.102634869934 23.7468221699519
0.22355 176.963976538836 19.1531004235934
0.22618 138.535487004647 16.9486331302547
0.22881 89.9988408550739 13.6624980733761
0.23144 77.4191079872974 12.6734021674164
0.23407 58.7688562250881 11.0433342806163
0.2367 29.7800082745835 7.86224286667145
0.23933 44.8558636309118 9.65052840208682
0.24196 55.7211957787041 10.7574445037079
0.24459 24.310335298474 7.10643483817526
0.24722 13.1206909515179 5.22146107758525
0.24985 36.658399747349 8.72886579482065
0.25248 7.57156486010278 3.96753938236091
0.25511 34.5085989206822 8.47128765319891
0.25774 17.0580748248835 5.95673254231968
0.263 2.55961008653178 2.30804679289536
0.26563 26.9101268442313 7.48467345666626
0.26826 39.4955880867213 9.06873151742187
0.27089 110.532305326264 15.1730929488064
0.27352 138.328625326722 16.9762894603935
0.27615 146.862730372596 17.4944285941859
0.27878 71.4860373314553 12.207079742053
0.28141 82.4433429886113 13.1110102920154
0.28404 94.5502266784155 14.0425773680465
0.28667 80.9924180861121 12.9985492011952
0.2893 158.750023153287 18.2006435747512
0.29193 107.706018250217 14.9936359974392
0.29456 115.956332957239 15.5593457153011
0.29719 174.563870968758 19.0931848701381
0.29982 244.294077781685 22.5899230521133
0.30245 315.130403448121 25.6649211176603
0.30508 293.420426104278 24.7751487401654
0.30771 314.827657612327 25.6734192256449
0.31034 374.199010835429 28.0010697181793
0.31297 449.937132213069 30.7167393564137
0.3156 505.431500625668 32.5691252476925
0.31823 405.104891119528 29.169856305496
0.32086 442.135238431304 30.4862196370653
0.32349 568.031466219316 34.5690565949773
0.32612 569.533534933677 34.6286978373331
0.32875 508.278556812677 32.7267171502188
0.33138 454.20373818442 30.9493689750348
0.33401 421.274801126774 29.8183730996291
0.33664 539.271425060583 33.7504465991333
0.33927 438.610409971325 30.4501729204991
0.3419 464.614961615148 31.3524314639714
0.34453 479.499642444663 31.8634628091187
0.34716 420.351300715075 29.8455153301154
0.34979 450.165683138131 30.8981867546406
0.35242 468.327229226777 31.5279173767043
0.35505 509.710422541473 32.9045514697251
0.35768 382.208356960456 28.504787494217
0.36031 297.54378810947 25.160341062139
0.36294 374.989565244172 28.2568596695946
0.36557 338.139294292349 26.8432570160272
0.3682 350.605179077326 27.3444693414827
0.37083 292.407833324649 24.9820255001701
0.37346 293.471745599725 25.0373849104165
0.37609 308.924633110334 25.6983135260705
0.37872 266.681683822729 23.8862154936972
0.38135 197.280463904454 20.5525187678734
0.38398 185.948245907966 19.9614084416867
0.38661 205.391532135052 20.9873881194636
0.38924 214.630500246766 21.4627169469321
0.39187 120.22878720046 16.0699649250806
0.3945 65.6011917083148 11.8751236671233
0.39713 84.5509568795671 13.4869263387509
0.39976 83.8123677307828 13.4332406437317
0.40239 54.176487752813 10.8047768554957
0.40502 40.691625870221 9.36798925909445
0.40765 105.422630044436 15.0849583337299
0.41028 123.561503447577 16.3381153486134
0.41291 101.221744085716 14.793818759932
0.41554 74.003859451744 12.6547461091593
0.41817 45.7682546528762 9.9561433042308
0.4208 0.799253820104935 1.31623635514239
0.42343 25.3656698951684 7.41817534822975
0.42606 6.21034382510501 3.67209578373844
0.42869 6.69473048112173 3.81421198420336
0.43132 20.6432108931278 6.70052525795438
0.43395 73.5171377989551 12.650168586597
0.43658 14.6086113143334 5.64141601554921
0.43921 82.0840426375913 13.3781024948774
0.44184 116.106982379783 15.9175292973708
0.44447 62.0032850350927 11.6368390112697
0.4471 43.1868329181852 9.71593030464315
0.44973 79.5589338192218 13.1927118024586
0.45236 110.167560859835 15.530920622809
0.45499 100.970091515998 14.874668391774
0.45762 85.5766385134772 13.6996339723898
0.46025 70.2753245950743 12.4197560964425
0.46288 155.068191566418 18.4566609057051
0.46551 109.126528201995 15.4894831799929
0.46814 109.700723993601 15.5366127771064
0.47077 52.0749071599065 10.7089165707072
0.4734 53.0718900601985 10.8154127891361
0.47603 147.381879029161 18.0306863268472
0.47866 127.136928686601 16.7534909161234
0.48129 118.296241316005 16.1671707359601
0.48392 250.533182214236 23.53748882822
0.48655 362.169062159557 28.311440957603
0.48918 301.433079206304 25.8392799957271
0.49181 282.446218766528 25.0225371005159
0.49444 211.57488064833 21.6657571730284
0.49707 221.091582281005 22.156754020187
0.4997 257.240743315542 23.908502882124
0.50233 322.969455140568 26.7919613282207
0.50496 304.106611307641 26.0002775149496
0.50759 277.392147787839 24.8343842569923
0.51022 399.551893438559 29.8080911864716
0.51285 399.424949490227 29.8061862433689
0.51548 381.803341674141 29.1440509751113
0.51811 296.624317463182 25.6906245523785
0.52074 241.971938987851 23.2057180871189
0.52337 198.760736945667 21.0338621932406
0.526 243.644052719009 23.290179737683
0.52863 268.171895730872 24.4367116116964
0.53126 194.376336318684 20.8064995106811
0.53389 184.386007302025 20.2666743312241
0.53652 97.512088994236 14.7397091953775
0.53915 160.635958739995 18.9200482005269
0.54178 182.822281596828 20.1862931869953
0.54441 145.298586327437 17.9975696024368
0.54704 112.925072742152 15.867901722417
0.54967 64.44572165116 11.9884350708696
0.5523 89.5895888495707 14.136286916178
0.55493 127.166839125467 16.8435891495857
0.55756 27.5652943902999 7.84278180742217
0.56019 103.240009197644 15.1793766984887
0.56282 86.204117596968 13.8718704819188
0.56545 73.2409761898347 12.7876038189417
0.56808 79.4400278492166 13.3190388998906
0.57071 2.16516116563715 2.1990716668316
0.57334 11.2711511354744 5.01787077294463
0.57597 97.4277732836489 14.7542719446536
0.5786 112.615613082246 15.8641478989213
0.58123 146.087971524912 18.0703148998899
0.58386 90.7360890960258 14.2426091329982
0.58649 32.095342296088 8.47152432380723
0.58912 5.77267095187371 3.59310557847917
0.59175 72.7071225740801 12.7529620954166
0.59438 58.1359553396224 11.4047561058216
0.59701 64.1570041246133 11.9819259413484
0.59964 28.971405223077 8.05180483749596
0.60227 88.6072884152514 14.075446639571
0.6049 140.959498988783 17.7457143445268
0.60753 34.9119140311739 8.82778692648539
0.61016 60.0677910722469 11.574557361511
0.61279 84.6820804135234 13.7371840473525
0.61542 44.9035960248019 9.9990965760668
0.61805 103.89668026695 15.2033442670632
0.62068 121.080065901744 16.4056166226965
0.62331 150.26947456875 18.2687740780011
0.62594 48.7755586480432 10.4038188405688
0.62857 109.222271552007 15.5619758919593
0.6312 114.248872816723 15.9093495911993
0.63383 83.3614618560393 13.5839569792207
0.63646 79.7908014084677 13.2842508950397
0.63909 137.771050366188 17.4484360304279
0.64172 134.952850854347 17.261767507418
0.64435 77.9867729230926 13.1165996095591
0.64698 52.8942780838192 10.7977068970341
0.64961 221.388671272065 22.0811215961169
0.65224 343.370851532422 27.4878792703347
0.65487 256.520732369518 23.7485277324854
0.6575 124.376857965324 16.529549739394
0.66013 179.501277625501 19.8490911475991
0.66276 185.258246735609 20.1563129717383
0.66539 328.471619833619 26.8278921502368
0.66802 278.075810981503 24.6737058006049
0.67065 332.512019836981 26.9694098366026
0.67328 399.72158854553 29.5570717427737
0.67591 414.683760661713 30.0923285246395
0.67854 342.10638905027 27.3207357861257
0.68117 354.581185075842 27.8025097955158
0.6838 352.222945367062 27.6980491908366
0.68643 369.454636681039 28.3553467640322
0.68906 298.792963496963 25.4890393403458
0.69169 306.684938153718 25.8123907877481
0.69432 271.093951025086 24.2580275199399
0.69695 304.360963190717 25.6923274565463
0.69958 412.00864386126 29.8796413206579
0.70221 275.665037360578 24.4235962133726
0.70484 172.893475602535 19.327488704862
0.70747 255.158820482553 23.4616346035905
0.7101 242.073424255756 22.8345715197976
0.71273 216.013246445234 21.5538732454415
0.71536 147.007293061258 17.7672363852752
0.71799 106.490642195155 15.1102257925626
0.72062 48.27273161769 10.1655397095997
0.72325 143.865378837623 17.5356312095923
0.72588 28.5995570766682 7.81243004170096
0.72851 15.8193293193299 5.80581548673967
0.73114 3.08685079692461 2.56264942868107
0.73377 38.6067198302425 9.05575133407032
0.7364 11.9551436621233 5.03537205466985
0.73903 56.2567685618365 10.9144575547406
0.74166 131.006418095345 16.6425978691296
0.74429 130.763763732796 16.6141479885094
0.74692 61.8848059769782 11.420507038487
0.74955 87.0728494004039 13.5360893206576
0.75218 97.5486956964273 14.315960543499
0.75481 145.047421453202 17.4430390097411
0.75744 79.0413855435929 12.8662285874085
0.76007 27.7194004534243 7.61328712459598
0.7627 18.532751441818 6.22022364988297
0.76533 36.5601129820447 8.72961367428478
0.76796 111.638219067081 15.2423655166426
0.77059 93.2427066199978 13.9189818931649
0.77322 61.2765325950283 11.2745881211671
0.77585 11.8060782737339 4.94492182225884
0.77848 0.706257660494084 1.20848325671047
0.78111 18.8611830453478 6.24015548344267
0.78374 42.3838652873688 9.34679163956974
0.78637 39.4249805053901 9.00738651510711
0.789 39.6190339665815 9.02225729889781
0.79163 75.142965297205 12.4152960314287
0.79426 52.5551412833237 10.3745579282696
0.79689 76.4163957777634 12.4998207255217
0.79952 99.4002890867462 14.2446661896066
0.80215 95.9147916448583 13.9816089318515
0.80478 68.8027367918271 11.8324907796809
0.80741 84.9821201826631 13.1400047876927
0.81004 19.2432244151126 6.24782060842742
0.81267 50.0320999466956 10.0663341201141
0.8153 59.4774027597338 10.9667963411658
0.81793 148.002373978505 17.2859950087322
0.82056 45.1102565107709 9.53571818460399
0.82319 68.0767708683567 11.7049726445276
0.82582 47.5667630291781 9.77636370632948
0.82845 126.044770604338 15.9016444429529
0.83108 98.0645861424423 14.0148754252777
0.83371 136.547343209385 16.5244774527266
0.83634 171.313947889427 18.494171453375
0.83897 129.597960260675 16.0727227704501
0.8416 142.273726808454 16.8268963096278
0.84423 135.377002670381 16.4007929057681
0.84686 68.8727501616353 11.6887018371369
0.84949 96.8381794047102 13.8489064540994
0.85212 86.8909727220183 13.1077618664249
0.85475 36.4155460560113 8.47877475258192
0.85738 143.742276789831 16.8317722363511
0.86001 133.039269350694 16.1798630388708
0.86527 67.2156903130057 11.4818847459211
0.8679 121.180890708737 15.4042488000869
0.87053 55.9223963536423 10.4558986362238
0.87316 44.4531273410078 9.31459721505925
0.87579 74.7454334066883 12.0683837443346
0.87842 94.9675536266092 13.5921349655669
0.88105 69.3177213042655 11.602855369263
0.88368 27.595542451677 7.31483115190259
0.88631 32.7330601365889 7.96012063345378
0.88894 38.0972534354582 8.58052958557133
0.89157 55.1750660200166 10.3176076761444
0.8942 76.0873819535282 12.1060823136666
0.89683 140.030761040974 16.4096058888394
0.89946 103.18974928466 14.0749140057895
0.90209 11.6114557220857 4.71866813413264
0.90472 30.6872563052225 7.6666116671105
0.90735 83.4631724586895 12.6362998798813
0.90998 51.4699830909226 9.91738661930372
0.91261 45.9814166991507 9.3682584502742
0.91524 84.5238086139032 12.6941721241463
0.91787 79.6407679696282 12.3148589754662
0.9205 35.6927750558568 8.23945440396546
0.92313 2.06792896804528 1.98208549653849
0.92576 34.5693420841329 8.09927440979844
0.92839 20.1850485845069 6.18530528161691
0.93102 46.9801809728854 9.43080940889222
0.93365 4.55431557823534 2.93459566864652
0.93628 24.3968706527129 6.7881051445433
0.93891 32.5691543616099 7.83843257172568
0.94154 86.8830309891108 12.7949222964953
0.94417 53.7861436303412 10.0611878729212
0.95206 67.1297824372022 11.2202235312898
0.95469 18.2902570081711 5.85324177001761
0.95732 68.8237372915778 11.3474440412029
0.95995 19.8484829942816 6.09024328990542
0.96258 39.4534518960307 8.58134252797836
0.96521 68.8079698128282 11.3259215792682
0.96784 20.4524538081164 6.17117730605517
0.97047 33.3459071929647 7.87512416335441
0.9731 55.3886708543199 10.1434835783753
0.97573 28.2729191982343 7.24272826571062
0.97836 5.16310748085669 3.09323093051474
0.98362 8.26930922335921 3.90994125459524
0.98625 4.79866523346902 2.97669817123967
0.98888 19.5187256795234 5.99983003299375
0.99151 30.576260958461 7.50487968235714
0.99414 48.7970624090476 9.47515663017263
0.99677 112.899998179211 14.4037051499023
0.9994 114.790643594656 14.5150280587458
1.00203 173.938443425759 17.8591880820009
1.00466 66.9648840065137 11.0769189520712
1.00729 39.8845361906522 8.54533427441167
1.00992 58.9787337304399 10.3873732947109
1.01255 45.0406434201374 9.07384618935084
1.01518 99.7719496888524 13.4997063411408
1.01781 114.249773159189 14.4403794383636
1.02044 74.0906025469776 11.6242034671245
1.02307 97.5752222968156 13.3346613393782
1.0257 131.270878974763 15.4606182196413
1.02833 91.8202929048472 12.9253498622779
1.03096 104.160722975262 13.7611630837541
1.03359 89.7885390552099 12.7715511484634
1.03622 82.702739788583 12.2524532854505
1.03885 31.0556802965996 7.50521969307022
1.04148 4.95538203774208 2.99682306438607
1.04411 81.2353357583007 12.1289870688445
1.04674 112.341849995068 14.25778976449
1.04937 89.7017749367761 12.7353587345346
1.052 61.210612476112 10.5160619622562
1.05463 34.8734893745865 7.93444311009711
1.05726 73.3240625431136 11.5006092505895
1.05989 85.8589758541176 12.4399646167212
1.06252 86.2709649787081 12.4648538477588
1.06515 113.843459248349 14.3132197431406
1.06778 75.9986644774286 11.6900017369981
1.07041 88.7781185813152 12.6296910415156
1.07304 13.7322437830876 4.96522046731727
1.07567 10.1899071666768 4.27543972912976
1.0783 10.966776424599 4.43366548943413
1.08619 19.0511273462592 5.83668436684031
1.08882 29.4725879810949 7.25675081262535
1.09145 13.8499154337291 4.97260202488263
1.09408 24.9966841751226 6.67772104989893
1.09671 17.9158673068378 5.65109726395408
1.09934 47.7182747335954 9.21898023655382
1.10197 11.6764315546348 4.55881832565423
1.1046 14.62948735785 5.10159595137752
1.10723 46.3704342263728 9.08042810336832
1.10986 27.8015173229433 7.02933397984707
1.11249 18.1325188750626 5.67548698387118
1.11512 42.4116471882645 8.67782155867706
1.11775 54.0436409755704 9.79342217759556
1.12038 36.9002110253992 8.09041092377899
1.12564 21.927638885479 6.2336138235377
1.12827 71.6416479161039 11.2647242727906
1.1309 27.5744166273961 6.98690310980598
1.13353 69.0982562428647 11.0575476057207
1.13616 26.5890946402974 6.85757737631551
1.13879 25.8129724737139 6.75509663875679
1.14142 47.8359691192405 9.19355353188122
1.14405 65.6721086473965 10.7693654001173
1.14668 4.27304644119943 2.74638803000809
1.15457 46.4441310565267 9.04770798263322
1.1572 3.42519812290884 2.45645748737805
1.15983 36.5670494050069 8.02425201654577
1.16246 30.2915929181072 7.30152877630104
1.16509 6.69895623905565 3.43280716119041
1.16772 11.4754129893958 4.49182717766411
1.17035 63.5917003454929 10.5713896702211
1.17298 21.2595508071384 6.11085302732584
1.17561 14.4707796162197 5.040384207761
1.17824 15.5228737099982 5.21911140956279
1.18087 94.5135385906536 12.8750905579778
1.1835 40.087947150169 8.38306650182097
1.18613 74.9782705179824 11.4618938265471
1.18876 67.7029528963628 10.8889271807416
1.19139 48.0531612764272 9.17138305757167
1.19402 68.5923961896817 10.9547973469457
1.19665 93.370632128409 12.7780318598353
1.19928 90.1807732914498 12.5547537210858
1.20191 134.264869772534 15.3162405998368
1.20454 56.3214133128924 9.91847398595386
1.20717 34.0178466216814 7.70723465041879
1.2098 30.5591358236932 7.30386561582386
1.21243 75.2979086144074 11.4633287066058
1.21506 10.3650238638109 4.25247210060722
1.22032 17.1170048993489 5.46316370533134
1.22295 24.6060323279154 6.54919766430791
1.22558 27.339454388154 6.90238504648195
1.22821 64.764156061676 10.6220552452564
1.23084 10.4256714531122 4.2611825429447
1.23347 30.2319756648512 7.25518163104033
1.2361 3.28510038925725 2.39125687724879
1.24399 113.878391462962 14.0728842243656
1.24662 78.3049441434785 11.6679310996827
1.24925 68.771442317415 10.9330195052755
1.25188 8.44893453819769 3.83154387890005
1.25451 34.6043130800341 7.75308781541016
1.25714 15.9909470750963 5.2696699719809
1.25977 14.2266995066499 4.96975663814498
1.2624 22.9218811257743 6.30732009285367
1.26503 33.5292008565319 7.62725079999733
1.26766 89.8344832151408 12.482875138699
1.27029 84.4671313844639 12.1024586458968
1.27292 62.0034474522718 10.367505635002
1.27555 43.5314572631317 8.68569495143826
1.27818 1.85034652794102 1.79046606435559
1.28081 1.99867291952578 1.86057420015247
1.28344 29.2936182552478 7.1219544520731
1.28607 26.3815829365049 6.75771142691625
1.29133 2.38780970266991 2.03246036809826
1.29396 2.57114118024237 2.10873336693902
1.29659 17.1005312944098 5.43750875873435
1.30185 51.5100022370569 9.43457707477348
1.30448 50.2992924420973 9.32218824179327
1.30711 26.884201983924 6.81468484340443
1.30974 5.15734821248723 2.98449387607554
1.315 60.4896515681775 10.219237939867
1.31763 120.737634914902 14.4364211640294
1.32026 92.9157571121891 12.6631902224058
1.32289 43.9636967716954 8.70975171014287
1.32552 30.7420888104771 7.28258528115977
1.32815 47.3050558849882 9.03301819578503
1.33078 54.1480867237272 9.66342028039592
1.33341 70.1200580372558 10.995643271108
1.33604 57.0440304345997 9.91664577338538
1.33867 58.7420527621757 10.0622346712209
1.3413 71.7612612368435 11.1205198522197
1.34393 48.8749117738578 9.17662997408409
1.34656 66.437983540499 10.6981481969598
1.34919 88.7873566080423 12.3661954292398
1.35182 58.6162501511725 10.046845070895
1.35445 48.5028060100473 9.13827579229264
1.35708 49.2587800559334 9.20837054090516
1.35971 47.999879081555 9.0891057701556
1.36234 115.378020441127 14.0903812736494
1.36497 122.61422944507 14.5241842618396
1.3676 88.2805591404566 12.3229292146122
1.37023 28.5580073335341 7.00818345806913
1.37286 102.826175995783 13.2969930722976
1.37549 74.4973906748484 11.3170233393838
1.37812 7.62707801361206 3.62076925230801
1.38075 5.24649488735557 3.00273113705575
1.38338 5.64992426760116 3.11575422446752
1.38601 32.7298114366294 7.49848768184869
1.38864 39.1448841582017 8.19972865483515
1.39127 4.19807592782594 2.68501771990374
1.3939 38.7645751763761 8.15829782413318
1.39653 42.2182173478908 8.51318377786089
1.39916 60.4485617547358 10.1857981101246
1.40179 47.3331131834845 9.01261026527971
1.40442 72.5390353822414 11.1564300040516
1.40705 1.52051803635409 1.6151261246016
1.40968 76.1698990145774 11.4307213200396
1.41231 86.1331230911752 12.1545345778077
1.41494 37.439212355876 8.01286587795635
1.41757 77.5634797492656 11.5325260884619
1.4202 0.878470334251541 1.22724319119483
1.42283 23.0933519522669 6.29190044924052
1.42546 24.453997640782 6.47417685186142
1.42809 55.6467818261332 9.76564468400185
1.43072 87.5660660562846 12.2495483000599
1.43335 107.879886458138 13.5954520988434
1.43598 68.8346829386846 10.8592123798153
1.43861 92.7148931187841 12.6020346981441
1.44124 113.3841444098 13.9352040108262
1.44387 110.205296770398 13.7375613643715
1.4465 82.6984156812252 11.899487189243
1.44913 40.6968423128518 8.34701595777922
1.45176 79.3340304193549 11.6533791973804
1.45439 30.9566505567394 7.27897671552329
1.45965 13.0255316511192 4.72099480338992
1.46228 53.2149157536359 9.54165477926856
1.46491 21.8065571031172 6.10761671206005
1.46754 66.7876142727427 10.6880234435805
1.47017 45.295081528403 8.80128655219016
1.4728 26.1589877392269 6.68809305418498
1.47543 6.62471240272739 3.36547642169253
1.47806 16.2071731716006 5.26366047619954
1.48069 41.5925787234766 8.43166504855949
1.48332 9.80016559611794 4.09254360622135
1.48595 12.4715225313728 4.61644354495115
1.48858 37.9302750915751 8.05029816691702
1.49121 39.2413886394172 8.18770767113499
1.49384 16.6423095727254 5.33172957673663
1.49647 24.4961904537677 6.46817495079153
1.4991 52.7038412967667 9.48691002124502
1.50173 47.5559783445543 9.01121453614685
1.50436 23.1703614623929 6.28967133244048
1.50699 71.8951259754054 11.0787828151553
1.50962 157.588776662848 16.4015820648356
1.51225 109.580687842667 13.6763713200679
1.51488 25.2228950041281 6.56118238287771
1.51751 11.505242256821 4.43111782111717
1.52014 21.4563728189664 6.05096074592927
1.52277 84.5688275714137 12.0124641223234
1.5254 24.2328864468888 6.42998984614084
1.52803 54.6124707690407 9.6523795132705
1.53066 59.2808422268275 10.0560267643884
1.53329 65.614917826585 10.5791626014031
1.53592 26.9606654305073 6.78103614237477
1.53855 57.25570619929 9.88145505710384
1.54118 76.2803025892154 11.4050835208175
1.54381 64.7617031468788 10.5082924314071
1.54644 51.5317285997021 9.37326997152144
1.54907 65.2420782371158 10.5462585269697
1.5517 72.5920946762098 11.123973146759
1.55433 20.7689226627367 5.9498086432284
1.55696 1.95051259125351 1.8232706335805
1.56222 23.2337362108254 6.29213118411556
1.56485 41.8516540478243 8.44452632831411
1.57011 8.60392577584127 3.82850114729903
1.57274 19.0735516799395 5.70002779299002
1.57537 37.877327565316 8.03214583883652
1.578 44.3062570817119 8.68670719002422
1.58063 52.6848253842118 9.47209734200005
1.58326 42.9292124056851 8.54989079534586
1.58589 11.6605348017783 4.45578336226677
1.58852 1.2629859632143 1.46637422585002
1.59115 17.3455066743938 5.43400174944605
1.59378 41.2212796040282 8.37659915496407
1.59641 37.7802471556892 8.01899818393427
1.59904 28.8944739685238 7.0125477412714
1.60167 15.4553775376682 5.12853060662685
1.6043 48.1647594968538 9.05322221688213
1.60693 29.7925538455064 7.11996219958108
1.60956 14.4191536613791 4.95312221979135
1.61219 10.5790320096597 4.24245712583475
1.61745 43.0065341810649 8.55327410358477
1.62008 23.0663011481413 6.26382304625936
1.62271 33.3179676378765 7.52792156615465
1.62534 27.3758313688858 6.82346275007065
1.62797 74.7684675442545 11.2762770411317
1.6306 27.1701702746525 6.7973245678759
1.63323 8.83573836554796 3.87613219738834
1.63849 27.5383919656536 6.8425361483715
1.64112 10.4214208250506 4.20917133987193
1.64375 53.8387056694899 9.56677958934295
1.64638 38.9212335677521 8.13386734637965
1.64901 54.9967520667649 9.66846726950122
1.65164 88.505137452804 12.264749228707
1.65427 41.0288300294225 8.35034309520575
1.6569 52.8367237508374 9.47573733914547
1.65953 16.3902310710425 5.27743546146634
1.66216 49.6459908593944 9.18454830120192
1.66479 83.3737552363921 11.9018839024025
1.66742 31.5258933886234 7.31846576439179
1.67005 19.8523427769853 5.80734386224039
1.67268 33.1420622570168 7.50320371748131
1.67531 41.3132068404364 8.37696576362646
1.67794 22.3448753846516 6.16050859033347
1.68057 15.1790740557238 5.0773318578402
1.6832 15.1425490522105 5.07104792551545
1.68583 11.2050458371944 4.36204707711281
1.68846 17.9350678444573 5.51849114193889
1.69109 36.8456811231832 7.90947102974173
1.69372 2.8958971712815 2.21733350600488
1.69635 52.5882933364112 9.4486398377931
1.69898 4.0795295314041 2.63157105829185
1.70161 24.186763101755 6.40747219513985
1.70424 20.4672628714283 5.89408371877868
1.70687 11.6729144120453 4.4510720894995
1.71476 40.5072285674636 8.29100013939207
1.71739 59.4335157815778 10.0425713660524
1.72265 19.290285050996 5.72104882242546
1.72528 34.2797421326847 7.62629606678122
1.72791 54.1762198678627 9.58711184486994
1.73054 48.6383593943372 9.08367231055174
1.73317 32.1079276946451 7.3801755659673
1.7358 35.2411027559946 7.73167970495437
1.73843 35.8898896432299 7.80231940116286
1.74106 58.8067862676178 9.98711244968691
1.74369 25.1162174758607 6.52667348958433
1.74895 13.9711231320897 4.86751762672201
1.75158 15.0474073090484 5.05139420867571
1.75684 70.2756686254575 10.9159117663275
1.75947 22.7369979823745 6.20887096210006
1.7621 64.069047459882 10.4221844378733
1.76473 35.6277480114287 7.77172374405047
1.76736 1.07676397557563 1.35105171940447
1.76999 8.37544998370778 3.76794311154863
1.77262 30.9234644120104 7.23990520486817
1.77525 66.1664281068015 10.5900058279657
1.77788 46.8523584540918 8.91110635936928
1.78051 51.8316535329386 9.37242502068672
1.78577 11.7106567192005 4.4547378763541
1.7884 27.0874086000468 6.77491422563223
1.79103 31.9639083437863 7.35933464676854
1.79366 16.8660264075303 5.34568719943398
1.79629 14.1713292745456 4.89994256811966
1.79892 2.46897179748018 2.04518359126572
1.80155 2.6592006028802 2.12246551970405
1.80418 6.90599286885857 3.4203392524126
1.80681 8.64498055505892 3.82674179742412
1.81207 3.6739287337221 2.49456352634884
1.8147 11.9803382266645 4.50458483745922
1.81733 3.12905080726619 2.30206490981051
1.82259 7.7328073034441 3.61877768184609
1.82522 54.0339825752398 9.56572350951192
1.83574 13.2208834454326 4.73128021482762
1.83837 7.07616035580551 3.46129239821622
1.86204 9.53893774090632 4.01798820046375
1.86467 24.9505832304538 6.49815431594027
1.86993 2.30002234235868 1.97286666817304
1.87256 13.980379598019 4.86387279691497
1.87519 31.6493244800987 7.31806002483775
1.87782 49.7232048850954 9.17242816809438
1.88045 11.8438609682802 4.47653959991795
1.88571 16.8104588530152 5.33295105987755
1.88834 25.3936301687412 6.55437410064203
1.89097 16.7482062164861 5.32284716514609
1.8936 34.580258948127 7.64830120296693
1.89623 0.398481559450031 0.821005358680872
1.90412 13.1005376758957 4.70719524890116
1.90675 14.2008464860754 4.90081524040502
1.90938 4.03088512568713 2.61098865947816
1.91201 4.85500581900844 2.8654524954889
1.91464 46.2026455619054 8.839451518735
1.91727 10.2856267361582 4.17062206515335
1.92516 8.18470686649537 3.72021210763961
1.92779 8.81543005947105 3.86083684075832
1.93305 4.05384684202671 2.61806535547019
1.93568 11.0879967554477 4.32979086336913
1.93831 1.71159235193433 1.70111667652861
1.94357 0.757183994520269 1.13141456022135
1.9462 26.3286298900897 6.67158062729189
1.94883 39.9088683894068 8.21377636309433
1.95146 13.3875502816731 4.75720955816065
1.95672 45.6656609284163 8.78584858771237
1.95935 62.992360325309 10.318732140213
1.96198 40.1908381004145 8.24213050126188
1.96461 20.9534664340652 5.95110280396806
1.96724 16.0085094437082 5.2016187474238
1.96987 36.885855765229 7.89562580278264
1.9725 14.7119645869379 4.98638167281913
1.97513 50.2237079692614 9.21293750227447
1.97776 77.8981980537024 11.4736342187507
1.98039 118.264554502109 14.1370290529081
1.98302 70.9727293427114 10.9514130544487
1.98565 56.5458724427411 9.77503714066142
1.98828 35.8790083896388 7.78631075753442
1.99091 11.7187640956377 4.44985621247265
1.99354 54.800034232118 9.62252486112856
1.99617 35.9574837502176 7.79447427611617
1.9988 3.6631896891815 2.48779986694671
2.00406 25.1914062870282 6.52377697936799
2.00669 24.4625574653378 6.42861506520238
2.00932 1.20275523485284 1.42543924797761
2.01721 12.5546874980722 4.60515035166867
2.01984 15.8774290483857 5.17874518156359
2.02247 4.82920422709103 2.85605015168332
2.0251 10.2204422626053 4.1548608072629
2.02773 30.1234119207286 7.13291921987212
2.03036 2.72701798153391 2.14611414499746
2.03562 66.0261875788038 10.5597614618265
2.03825 24.5697049612696 6.44153777721069
2.0514 18.2324441136424 5.54855609694921
2.05666 70.2653732822787 10.8921946176235
2.05929 12.2143774453288 4.54123493887562
2.06192 34.1386524378209 7.59198039526671
2.06455 11.2147020937005 4.35130323871641
2.06718 9.83391492641741 4.07457476160818
2.06981 2.15122131994943 1.9057029312636
2.07244 2.31699727902745 1.97773912415704
2.07507 14.7508308034705 4.99008647125811
2.0777 23.4950306741332 6.2976921352909
2.08033 8.19372392559598 3.71901276237876
2.08559 47.6822286104951 8.97123951842394
2.08822 74.6064407161675 11.2216295172802
2.09085 34.1079766943569 7.5873362435461
2.09348 39.3117710653337 8.14547177861241
2.09611 36.8213757612912 7.88312712088109
2.09874 13.1097605422174 4.70369864588219
2.10137 13.1496026108865 4.71078348273309
2.104 29.2859677096584 7.03011181501035
2.10663 5.71991140697476 3.10686732474399
2.10926 14.0221674172587 4.86442199896347
2.11189 12.8708364707235 4.66039437453702
2.11452 33.2332549080717 7.48861210681501
2.11715 23.4556435503757 6.29121005622906
2.11978 10.4672683295299 4.20264591720597
2.12241 32.6615846854641 7.42369911521658
2.1303 10.0211703898595 4.11194973288444
2.13293 43.8670420253104 8.60306811822352
2.13556 14.1132055210639 4.87969448265192
2.13819 58.1173539097147 9.90212324614126
2.14082 75.4477736697761 11.2822115283927
2.14345 37.1286706667694 7.91446086261211
2.14608 46.8210841836471 8.88756890462223
2.14871 36.5878550514405 7.85644970885358
2.15134 25.2309266923928 6.5240919409343
2.1566 19.237086972138 5.69658195364157
2.15923 20.719715446218 5.91196971364896
2.16449 23.5796084116147 6.30666589969734
2.16712 24.5729376760036 6.43806980619245
2.17238 23.3800750145355 6.27973495973543
2.17764 5.95401841825812 3.16894479398454
2.18027 18.3218700143044 5.55891580613452
2.1829 20.7638605247641 5.9177260973152
2.18553 21.4840160194203 6.01941315426812
2.18816 18.0610777752985 5.51904406241995
2.19079 7.96376817527889 3.6647718698657
2.19342 5.90094672173597 3.15459853926083
2.19868 7.33500438001347 3.51701856417725
2.20131 31.4488479331603 7.28236636677758
2.20394 25.3635095441775 6.5398990346108
2.2092 10.6735675901076 4.24241945317186
2.21183 18.8700908828266 5.64081706502497
2.21446 26.8928838662716 6.73395056964435
2.22498 4.26361193117084 2.68117360292949
2.22761 4.59222708493252 2.78255651862603
2.2355 2.87980130911239 2.2034450603396
2.23813 29.076202568068 7.0014182574996
2.24076 19.1147280110694 5.67671978194176
2.24339 24.6975585356236 6.45262791715842
2.24602 49.7010325344215 9.15352837643251
2.24865 9.03667700543415 3.90307073390929
2.25128 43.5787018084853 8.57107710007467
2.25654 23.7848036543059 6.33199368908728
2.25917 51.3295841697017 9.30188093524908
2.2618 7.17919259396949 3.47873158555328
2.26443 44.2825787978861 8.6396427645392
2.26706 14.767020974582 4.98909753458113
2.26969 37.5341455058321 7.95398980463003
2.27232 64.7165823389931 10.4442140838379
2.27495 42.8649449596251 8.49992959011929
2.28021 7.93521425051146 3.65709254865259
2.28284 8.54681574255508 3.7953777533976
2.2881 36.7458302768451 7.86953911596517
2.29073 57.1858780748403 9.81716018602256
2.29336 48.2430493794528 9.01685467828187
2.29599 55.7036582330922 9.68892887491205
2.29862 42.5176656863715 8.46476351787895
2.30125 18.4754790846877 5.579872738138
2.30388 17.2073908283451 5.38493317962976
2.30651 18.5336523724265 5.58855695301226
2.31177 55.922164959252 9.70742173583284
2.3144 16.1237975344357 5.21245051685101
2.31703 18.9123938208773 5.64518132031309
2.31966 60.3975761769819 10.0881322457386
2.32229 56.6463744297552 9.76974972098432
2.32492 57.8991694662202 9.87711051301843
2.33018 20.6663414495889 5.90090034614783
2.33281 17.6338558648503 5.45075284818478
2.33807 41.664382731819 8.37834147402071
2.3407 17.9355843002814 5.49705031808085
2.34333 82.1431656041949 11.7639733519805
2.34596 1.75901116473636 1.72146809849502
2.34859 4.63930671926787 2.79568084333462
2.35122 2.95626913394888 2.23166703638058
2.35648 1.02934144526006 1.3168304992285
2.35911 1.2082875577557 1.42669672730475
2.36174 0.107286926981009 0.425124645306566
2.36437 13.9854257446481 4.85374651461089
2.367 24.7605193967903 6.4582594378939
2.36963 10.587751300428 4.22312410120945
2.37226 21.3501249371802 5.99692413211906
2.37489 1.30091587561303 1.48029856095598
2.38015 4.47273992191929 2.7447592973922
2.38278 12.0229712040959 4.50007457785406
2.39067 37.2295978497944 7.91857578145475
2.41434 16.7252895570978 5.30706440679934
2.43012 48.3945219029895 9.02693847762605
2.43275 22.4654196902733 6.15028804372645
2.43538 7.1886028568332 3.47901451446475
2.43801 7.74264522853598 3.61055929943303
2.44064 46.5258777574337 8.85060373644547
2.44327 59.6764405446563 10.0235802484004
2.4459 43.840075508296 8.59118101304113
2.44853 10.3367581713493 4.17162448245153
2.45116 29.7122502052575 7.07255947104089
2.45379 6.65708139223226 3.34770033842441
2.45642 8.94985733021564 3.88157967771774
2.45905 13.0796477379149 4.69239193342622
2.46168 1.44874849959493 1.56166746175266
2.46431 7.63330677422626 3.58462910393005
2.46957 12.0264475039667 4.4993332441687
2.4722 12.9533537720567 4.66945720970101
2.47483 55.0263171841308 9.62401555050508
2.48535 0.667487592619 1.05992689936771
2.49324 4.67290417528676 2.80436907503793
2.49587 6.99349610183565 3.43071550673567
2.4985 2.7509097759548 2.15164944334122
2.50902 20.0293738568431 5.80572455293961
2.51428 4.25716130947353 2.67656536579186
2.51954 55.9622815627194 9.70421850226745
2.52217 34.961765027165 7.67020665671531
2.5248 43.7664996983389 8.58180866404532
2.53532 12.3656200765493 4.56148224469718
2.53795 13.3187728849515 4.73399369906992
2.54058 28.1225046232236 6.8789174377599
2.54321 14.8544858243788 4.99941789068492
2.5511 36.3819567048729 7.82395318667338
2.55373 27.8931658664866 6.85061641901581
2.55636 43.0891031285906 8.51455594217596
2.55899 37.5850294142923 7.95212599702254
2.56162 27.013603195614 6.74162502304186
2.56425 6.76934817140508 3.37477085780514
2.56688 6.88154443368059 3.40260356578027
2.56951 41.0404358889225 8.30944285154603
2.57214 11.6702054954958 4.43100973257612
2.57477 10.8252296422686 4.26755906407039
2.5774 4.49740976130889 2.75067791076989
2.58003 9.24586876923403 3.94393639681013
2.58266 27.5620210666614 6.8094039668906
2.58529 1.61840235840857 1.65003953379253
2.58792 26.9963644320409 6.73909019046585
2.59055 32.6744688661735 7.41396318309897
2.59318 58.5598035879914 9.92529654809054
2.59581 26.5131304537872 6.67838910975359
2.59844 7.2588914462685 3.49441028356459
2.60107 11.0890413469291 4.3190003495373
2.6037 9.97556544172391 4.09639975416084
2.60633 7.54762797885479 3.5631667398547
2.60896 8.07495212520651 3.68551525841147
2.61159 4.19057271846897 2.65498614236468
2.61422 13.4423109985343 4.75510235732984
2.61685 11.1544558985704 4.3315609345731
2.61948 14.114547117672 4.87249092806659
2.62211 7.61863841639372 3.57975726192779
2.62474 9.61498106676952 4.02148494004229
2.62737 1.51771198491955 1.59773314262176
2.63263 7.0649395995146 3.4471362811631
2.63526 3.76000707703488 2.51475621502676
2.63789 4.04982802671679 2.60985982395144
2.64315 1.81504181449385 1.74717687423758
2.64578 18.1041862032805 5.51798342131454
2.64841 17.3940229555812 5.4086420330384
2.65367 15.6009809603432 5.12222718683394
2.6563 17.3208888843317 5.39716012698694
2.65893 3.24574116039336 2.33633163091377
2.66156 12.3572410972368 4.55864359318322
2.66419 9.54434804158083 4.00631732330076
2.66945 25.2906048028033 6.52148473767468
2.67208 18.7400584338214 5.61370616311425
2.67471 3.42114052897239 2.39854016296608
2.67734 13.3204056578472 4.73279392904686
2.67997 33.5129812368062 7.50693634132021
2.6826 47.3800759964916 8.92588751446556
2.68523 17.0908823493314 5.36084322699828
2.68786 6.49094284200119 3.30371129798275
2.69838 18.7999368960242 5.62232203829881
2.70101 45.2369025538697 8.72130411260402
2.70364 64.419461532335 10.407378621214
2.70627 46.8936623920667 8.87948329347316
2.71153 11.41479279733 4.3808688532004
2.71416 12.6391052730063 4.60980134583255
2.71942 28.1317190046797 6.87729728117037
2.72205 38.9253028735092 8.08971964984172
2.72731 26.0178131118057 6.61376079607035
2.72994 37.4345014336955 7.93317297899678
2.73257 53.9952463469576 9.52766479781629
2.7352 4.47840565543119 2.74389968203947
2.73783 4.82361127569694 2.84767533774179
2.75361 19.8005886513907 5.76939435525348
2.76413 6.75312801723057 3.36926289774767
2.77991 29.1890574536335 7.00453474521501
2.80095 9.89371348537111 4.07786135902284
2.80358 11.5748292992744 4.41071502273731
2.81936 3.08015500596361 2.27526216770357
2.82725 24.3900192193087 6.40247600478798
2.84566 27.163474736673 6.75657990837161
2.84829 0.693612443314255 1.07967141410107
2.87985 8.94891054383358 3.87797641144531
2.88511 17.7629195310833 5.46355189968478
2.88774 40.8247128347484 8.28282293713941
2.89037 25.1321703292517 6.49876323540468
2.893 27.0695520010277 6.74458389791837
2.91141 19.9870133882387 5.79534150072582
2.93771 26.2699350912809 6.64383780367874
2.94034 39.9953126820755 8.19770930266182
2.94297 12.602275069598 4.60162143056744
2.94823 25.6332528246474 6.56273938327328
2.95086 5.65369265855097 3.08210790623562
2.95349 12.4045415898476 4.56531286238849
2.96138 16.6072843941554 5.28232148019838
2.97716 28.9088472467658 6.96917817137942
2.97979 34.4537883917788 7.6082209311733
2.98242 3.57214388954337 2.44978257008988
2.99031 1.37070190252664 1.51750421965337
2.99294 37.7594814492177 7.96470792072651
