-0.19199 5.54515107720895 3.4330434846304
-0.18936 15.8706151513213 5.80765878730119
-0.18147 5.40983072759648 3.3903211556099
-0.17621 1.88988264240549 2.00368572679542
-0.17358 1.98774478984006 2.05482143938993
-0.16569 8.77515710309226 4.31684035251382
-0.16306 9.22955315777157 4.42700955196084
-0.1578 7.3052025461105 3.93821493869445
-0.15517 16.2449487231722 5.87251366369546
-0.14728 79.9051594573458 13.0225790660847
-0.14465 58.8663141002821 11.1769828948661
-0.1315 22.5433757569607 6.91525948036286
-0.12887 23.7107168548225 7.09174173891618
-0.12098 4.46535229853625 3.07718151432395
-0.11835 4.69657703864666 3.15571324776362
-0.1052 15.767318053402 5.78087374837602
-0.10257 16.5837801304628 5.92840526193223
-0.09205 4.67339179600715 3.14659356081434
-0.08942 4.91540642952111 3.2269080266775
-0.0789 25.8497571208884 7.39885230248984
-0.07627 66.5271964772131 11.8691070109853
-0.07364 66.8413067065344 11.896609558266
-0.07101 87.8958352313163 13.6416592848333
-0.06838 37.3810777396795 8.89592810540911
-0.06575 39.4224907720011 9.13523427372218
-0.06312 77.5941881909097 12.8157656944089
-0.06049 24.0669179858153 7.13711183629185
-0.05786 51.2914002695939 10.4187793503067
-0.05523 85.8679880302904 13.4800810878198
-0.0526 79.394263150151 12.9614538894311
-0.04997 108.695433291266 15.165163692566
-0.04734 144.576229234229 17.4892906045602
-0.04471 102.882961534857 14.752912562725
-0.04208 65.9412411754982 11.8104620826226
-0.03945 82.0227392246634 13.1715763925178
-0.03682 131.388510409675 16.6698465965917
-0.03419 112.122266822519 15.3985961910273
-0.03156 179.455300673977 19.4802993489893
-0.02893 229.502944059456 22.0289549729894
-0.0263 384.177700007174 28.5002141450428
-0.02367 509.67618541873 32.82551125683
-0.02104 678.017847427887 37.8588284580793
-0.01841 804.381856536335 41.2344322099915
-0.01578 774.749740726523 40.4661495413402
-0.01315 811.117041870839 41.4033231842107
-0.01052 918.542232522805 44.0580504348716
-0.00789 1018.42216188424 46.3897363481567
-0.00526 1057.50321832833 47.2695103116241
-0.00263 1081.72114872324 47.8057552952771
-0 944.531411543646 44.6694980911205
0.00263 980.63431441215 45.5124542020099
0.00526 1045.44657636939 46.9895702381173
0.00789 1068.43331012355 47.5004906857683
0.01052 1060.11463018371 47.3123622885292
0.01315 1026.61514007449 46.5560236782354
0.01578 759.153386258373 40.0323090648489
0.01841 655.523974302458 37.1975200877763
0.02104 633.791392698568 36.5735136523924
0.02367 505.117833640167 32.6485339606781
0.0263 381.22802660923 28.3617848176994
0.02893 318.327210907301 25.9150373790334
0.03156 251.304325397985 23.0244225293744
0.03419 224.193900402629 21.7457537177348
0.03682 131.740912261901 16.6685070430741
0.03945 99.8422781309714 14.5099998622782
0.04208 83.7236775053544 13.2864240724923
0.04471 69.7004239277947 12.1220330317761
0.04734 46.2279386557639 9.87151490749977
0.04997 37.9136812464775 8.93929570976483
0.0526 30.4447660550594 8.01005372725612
0.05523 33.0754334963221 8.34844633305165
0.05786 21.9299556341886 6.79744245011577
0.06049 8.39619725651972 4.20573351969422
0.06312 0.703227501589063 1.21708841282069
0.06575 36.0085794038308 8.70865256537771
0.06838 59.1412841613775 11.1600748803333
0.07101 23.1881780894423 6.98761239816714
0.0789 26.5482176445216 7.47540003014302
0.08153 75.6794321547152 12.6205834464001
0.08416 63.9309516325691 11.5989807781397
0.08679 45.4582440188605 9.78012290801574
0.08942 15.3285706593467 5.67887817862018
0.09994 1.96312297228475 2.03177098810946
0.10257 13.8049657967003 5.38741497964827
0.1052 26.6110816055555 7.47921088048728
0.10783 30.5113236759701 8.00786579551334
0.11046 56.3324128502169 10.879956977557
0.11309 40.6360812520646 9.2398653891942
0.11572 59.944638438791 11.2213893905367
0.11835 21.6297248246673 6.73998107456474
0.12098 85.1708535679431 13.3733555912513
0.12361 129.393825703686 16.4821315214764
0.12624 98.1115215133273 14.3508724066149
0.12887 132.627822256132 16.6838896805278
0.1315 156.959332951499 18.1482706777404
0.13413 237.537250970805 22.3238562766452
0.13676 279.859905901904 24.2289932439141
0.13939 249.536471937965 22.876717416115
0.14202 283.085108742755 24.3639030824111
0.14465 330.776117231462 26.3340147998188
0.14728 301.305120350294 25.1312970739488
0.14991 281.121198034627 24.2728115248213
0.15254 326.573347663538 26.1592499048598
0.15517 433.38135917563 30.1322565276358
0.1578 599.76940906776 35.4446192864533
0.16043 706.0946135553 38.4548587817837
0.16306 899.877368767453 43.4083262840477
0.16569 1168.0921153332 49.4517334610853
0.16832 1267.16656673591 51.5016825150093
0.17095 1356.18792871392 53.2753222818128
0.17358 1462.96096586391 55.3278883102979
0.17621 1587.61547545911 57.6317699805816
0.17884 1630.28956899904 58.396018101776
0.18147 1714.5784918533 59.8812837333847
0.1841 1691.35771325397 59.469145815284
0.18673 1697.23506387205 59.5671068789933
0.18936 1757.56086053589 60.6111092683177
0.19199 1770.9551557263 60.8362390257716
0.19462 1742.31663560632 60.3369898543475
0.19725 1780.21426552507 60.9842591993854
0.19988 1612.73339892181 58.0396003536555
0.20251 1515.65366335496 56.2587452414539
0.20514 1318.41913320923 52.4622143157555
0.20777 1140.92630865438 48.7953522218726
0.2104 957.819772368049 44.701420827284
0.21303 683.374997342394 37.7518915424046
0.21566 600.583774395059 35.3855291601588
0.21829 529.022241420303 33.2051589001619
0.22092 445.750116510285 30.4750205654062
0.22355 290.372477358947 24.5926684194535
0.22618 264.769479343291 23.4796447629721
0.22881 213.516694494455 21.0815767084185
0.23144 92.5914164470648 13.8804044378717
0.23407 60.5521029128335 11.2230509650697
0.2367 95.3699053904736 14.082557604002
0.23933 77.2480445213434 12.6721155785961
0.24196 59.2398753465829 11.0953738730266
0.24459 28.9570843329137 7.75607071926902
0.24722 5.84826419695987 3.48503613649115
0.24985 32.0552414964487 8.15779422615074
0.25248 34.9853499384351 8.52110141346176
0.25511 75.2993699295859 12.499069248854
0.25774 47.9187990886151 9.96929214568948
0.26037 3.00798914949865 2.49734663443439
0.26563 34.0914220469873 8.40469295861278
0.26826 18.806016324606 6.24132737667095
0.27089 26.387453431823 7.39190779372267
0.27352 38.8992280875481 8.97341000509031
0.27615 101.474645591378 14.4908875882592
0.27878 17.5911916061927 6.0324401002077
0.28141 63.5438027243064 11.4633390862485
0.28404 64.2045302049656 11.5209025007791
0.28667 35.5067921751732 8.56620547705267
0.2893 65.7463836679885 11.6546110315971
0.29193 51.4573147211884 10.3089507640908
0.29456 27.1767730669636 7.49063928340997
0.29719 60.4831266283544 11.1729040050596
0.29982 158.597274408171 18.0894681317891
0.30245 209.860049375434 20.8055105752425
0.30508 154.221192242485 17.8334291291682
0.30771 161.213171227267 18.2310809845073
0.31034 218.48817005503 21.2214687872804
0.31297 154.825228228292 17.8620641146463
0.3156 140.558718965912 17.0172338434169
0.31823 182.436436079638 19.3849703771732
0.32086 272.58750337391 23.6925382951363
0.32349 281.982365616384 24.0945517761924
0.32612 269.423938920527 23.5491487053144
0.32875 207.893853682894 20.6836499553632
0.33138 235.45593275147 22.0095110312552
0.33401 241.15487201226 22.2716711083496
0.33664 271.422300608708 23.6252680862684
0.33927 307.904936203154 25.1600495865722
0.3419 387.354457354745 28.2167258964201
0.34453 306.861165559726 25.1114891100736
0.34716 284.840132256484 24.1908562620616
0.34979 310.327262881937 25.2469985303287
0.35242 293.535081891742 24.5515503632694
0.35505 256.470160537828 22.9464999078506
0.35768 315.745364084756 25.457492372215
0.36031 283.838477077874 24.1341415127652
0.36294 292.110511363877 24.4804215207566
0.36557 213.484974321905 20.9256049415938
0.3682 166.037622670102 18.4521370925139
0.37083 268.907718525207 23.4797839055879
0.37346 166.123833918692 18.4525956239415
0.37609 218.154764506097 21.1433043500609
0.37872 184.793989668101 19.4573386348938
0.38135 102.640715284002 14.4993437344963
0.38398 113.215900903142 15.2261886579512
0.38661 149.832579063725 17.5141712200602
0.38924 109.219790737818 14.9515456784689
0.39187 50.1406992953651 10.1293029803435
0.3945 22.3067227549908 6.75540183486042
0.39713 8.05186526773807 4.05817222989281
0.39976 3.09253964034264 2.51475309859471
0.40239 38.7863373183774 8.90705508020304
0.40502 2.00287774078236 2.02431921005337
0.40765 18.7988485600048 6.2026090666833
0.41028 17.9254210706361 6.05759817792714
0.41291 58.6145028880062 10.9553258689482
0.41554 34.0158840700613 8.34681143437124
0.41817 21.0916561067002 6.57342951621672
0.4208 39.0291961596068 8.94310658809545
0.42343 31.1375196841799 7.98900200241342
0.42606 22.2527045966987 6.75458743550831
0.42869 8.55498916813862 4.18864975833213
0.43132 14.3364105542076 5.42302247685327
0.43395 22.6402016920964 6.81582129013016
0.43658 7.10507873084573 3.81873340929873
0.43921 8.59647487639308 4.20099265387703
0.44184 49.9523268785294 10.1280631202813
0.44447 61.4446890539006 11.234338692295
0.4471 62.8790014738997 11.3661907605854
0.44973 4.88075700871004 3.1671051741227
0.45236 34.3888954525202 8.40784624587054
0.45499 20.2457607077911 6.45207545843913
0.45762 71.718263858334 12.1451811722573
0.46025 96.3375269166122 14.0780846184727
0.46551 30.0159464459239 7.86022942964624
0.46814 41.2003966294937 9.21014710127643
0.47077 64.7725337639139 11.5496271090506
0.4734 37.8305285841314 8.82775682666715
0.47603 21.9473793994843 6.72476503140896
0.47866 4.31828086129473 2.98330618679498
0.48392 36.8775690839174 8.72040587911416
0.48655 32.4205243088564 8.17752982016441
0.48918 94.3993098750664 13.9557466736536
0.49181 86.7999397086745 13.383968727816
0.49444 137.414601794114 16.8421744798917
0.49707 116.312863495669 15.4971593398245
0.4997 51.0909236386795 10.2722739045959
0.50233 100.23261695734 14.3922578878927
0.50496 32.3235711995962 8.17633254224733
0.50759 40.647876857097 9.17259358758884
0.51022 95.6812952603153 14.0786477147665
0.51285 96.2159088633659 14.1235841910819
0.51548 98.1126753420492 14.2678311267998
0.51811 147.864933618788 17.5227304330949
0.52074 188.817899777894 19.8090846659136
0.52337 131.973724091218 16.5676178082659
0.526 96.9244654589458 14.203860710469
0.52863 133.221787027079 16.6590623146148
0.53126 87.5266605128883 13.5084709839989
0.53389 38.8831499907728 9.00719752948608
0.53652 57.3577507799948 10.9440441694532
0.53915 95.5896197389302 14.1338287373134
0.54178 51.788198551058 10.4074036585436
0.54441 62.1249378642512 11.4033481393518
0.54704 137.284781836298 16.9583214969788
0.54967 152.160979070947 17.8605752184876
0.5523 102.652771004652 14.6757777489342
0.55493 55.0075012411114 10.7472809697692
0.55756 23.7664796223522 7.06710906587393
0.56019 3.9143354168518 2.86919436360419
0.56282 47.8018174589736 10.0305467083368
0.56545 87.2790081756499 13.55902981346
0.56808 26.4409994594431 7.46592851828879
0.57071 84.2480259507385 13.3320153548641
0.57334 7.43922144233222 3.96324199933665
0.57597 9.14444822326557 4.39578432946183
0.5786 22.1942879058593 6.85091963241206
0.58123 59.7830660931747 11.2483252313831
0.58386 19.7382084547198 6.46581108778592
0.58912 20.8038934967525 6.64326846761041
0.59175 54.1666562391516 10.7237203376333
0.59438 18.2717359780718 6.23073401768831
0.59701 33.7054128556467 8.46581628944734
0.59964 23.6681920371099 7.09695838624095
0.60227 2.3197211757896 2.22274371667524
0.6049 14.0625641924121 5.47501591405014
0.60753 14.8043750875855 5.61991367041057
0.61016 5.65161731616641 3.47377994595299
0.61279 57.8229330520707 11.1159648121572
0.61542 148.40098518329 17.8154386597141
0.61805 81.0382438421555 13.1705530319805
0.62068 9.13502512780984 4.42379095427297
0.62331 14.7228619654529 5.61844863990251
0.62594 38.3012148303114 9.06581790064878
0.62857 41.0678511667976 9.39143546897866
0.6312 27.0500594432574 7.6250943782236
0.63383 24.5889347094095 7.27295569067431
0.63646 50.7150457967544 10.4493510581836
0.63909 143.124395893226 17.5613305607936
0.64172 85.9775129818846 13.6167213612137
0.64435 75.6883855135955 12.7812729866886
0.64698 20.897143877116 6.71865261941414
0.64961 46.4048883275719 10.0161234628858
0.65224 73.7042522186232 12.6282453355435
0.65487 186.492857395858 20.0958614484506
0.6575 133.187595018704 16.9897135025953
0.66013 184.366664621142 19.9974150403089
0.66276 248.471032619715 23.2246346421275
0.66539 223.434996011466 22.0325521811027
0.66802 368.514254679493 28.3070368190946
0.67065 357.978039771004 27.9108694697935
0.67328 272.513315716663 24.3622166023678
0.67591 214.936637930596 21.6449097707587
0.67854 260.421453045793 23.8350685724326
0.68117 267.508890831308 24.167095872778
0.6838 215.611675179941 21.7054440294675
0.68643 223.912548156771 22.1283378011837
0.68906 278.799393134884 24.7020151014062
0.69169 202.073934511371 21.0386742857372
0.69432 143.9958785683 17.7670309531224
0.69695 197.260296214959 20.8034867992156
0.69958 191.842823340887 20.5237220462877
0.70221 180.044234334024 19.8844611689904
0.70484 171.86212248225 19.4292111336178
0.70747 75.1123310871593 12.8458119211769
0.7101 13.7134895200496 5.48934817008296
0.71273 90.9413394521656 14.1373595231062
0.71536 71.1250297366561 12.5037330603259
0.71799 14.8694823402487 5.71764534888113
0.72062 63.2513913759958 11.7935661934789
0.72325 61.2089297721608 11.6026799000981
0.72588 26.5920643021797 7.64834988231771
0.72851 8.0452372068724 4.20728510582903
0.73114 8.46414385638693 4.31583489217013
0.73377 6.54918423458139 3.796712286136
0.7364 59.0724339707051 11.4037395239087
0.73903 41.0846160820476 9.51119831995205
0.74429 0.971319286595349 1.46270967265017
0.74692 1.02189459706412 1.50044790136486
0.74955 0.40566406766419 0.945457200149322
0.75218 16.0863071799784 5.9542560729231
0.75481 17.2954323414804 6.17455636749271
0.75744 52.5373674082203 10.7625433301512
0.76007 55.4775886220283 11.0606398402195
0.7627 15.4699270952286 5.84125670343485
0.77848 52.017282701535 10.7171671738219
0.78111 11.2226327312969 4.97845048739481
0.789 21.5727535605571 6.90432919735207
0.79163 24.2951110387197 7.32771813359787
0.79426 11.8481642703449 5.11770737053853
0.79689 10.6951081184805 4.86276298921605
0.79952 40.5946006137534 9.47411177957663
0.80741 1.76286969552619 1.97186131787031
0.81004 15.5006527297626 5.84469145188313
0.81267 11.3894923714502 5.0079382542125
0.8153 17.1907826023132 6.14999329483651
0.81793 14.142227801974 5.57577987262029
0.82056 28.9613724817872 7.97583228382319
0.82319 33.9303403549082 8.62939084282178
0.82582 64.0161312371608 11.8481401223832
0.82845 137.525303461723 17.358654664432
0.83108 62.8207271093821 11.7272281423966
0.83371 37.8892198220334 9.10375816695218
0.83634 37.8102455702801 9.09047267451284
0.83897 59.1037892936769 11.3607777446085
0.8416 53.0340624591464 10.7571291177455
0.84423 78.6844146755664 13.0972969371415
0.84686 92.7207879863542 14.2116368146664
0.84949 37.3468179750499 9.01572014763855
0.85212 48.5425778430331 10.2743170197586
0.85475 9.53457509952812 4.55155701545705
0.85738 52.3880028818526 10.6645578643277
0.86001 131.766497511783 16.9062349272938
0.86264 128.673952803337 16.6996370052984
0.86527 55.3699728712533 10.9500479958792
0.8679 117.98537089308 15.9775414125574
0.87053 25.7721514435736 7.46428231972905
0.87316 23.5589340321912 7.13357501324175
0.87579 23.3476602783823 7.09851716294623
0.87842 10.0868447651696 4.66380095529087
0.88368 22.4051350380612 6.944938813707
0.88631 30.6135105133637 8.11460016409429
0.88894 9.0711993801515 4.41528433133829
0.89157 1.72865961419459 1.92662267633366
0.89683 2.88592018541841 2.48722355451227
0.89946 3.03303338714676 2.54874503869877
0.90735 44.1172198639006 9.6992699841534
0.9205 50.1912735044827 10.3060623292335
0.92313 1.38077818186474 1.70807851127696
0.92576 7.92697627180242 4.08946365983047
0.92839 26.7389450473034 7.50500350357378
0.93102 29.9302725912977 7.93413851087944
0.93365 10.0064464266377 4.58405205231703
0.93628 0.591140390943547 1.11331885587804
0.94417 36.8352955005853 8.76793134295163
0.9468 86.1173768561158 13.3959345612313
0.94943 31.9415001690949 8.15205892543619
0.95206 23.6400615553171 7.00769940809103
0.95732 34.7523401177093 8.48329595598534
0.95995 16.9857556662428 5.92618145461735
0.96521 80.8765549788796 12.911064870168
0.96784 13.3613869073722 5.24366361111222
0.97047 5.68379579468518 3.41732323786733
0.98099 24.5278506753535 7.07656088878145
0.98362 24.3336228779528 7.0428906067798
0.98625 49.8560443401674 10.0730495804261
0.98888 23.7843181179005 6.95186565767564
0.99151 24.1057119442632 6.99309459929235
0.99414 7.85972300446046 3.98993565236243
0.99677 35.7357602194794 8.50092290398676
1.00466 19.7999524311236 6.31277177908878
1.00729 3.95255772476895 2.81831314803219
1.00992 30.6375795503395 7.84041328953992
1.01255 12.6784009384912 5.03970408575579
1.01518 44.7644294502664 9.46236853855136
1.01781 0.0926322924060226 0.430105050761714
1.02044 8.85960389752449 4.20300552338337
1.02307 78.7780083375257 12.5231690415854
1.0257 78.3458591783885 12.4789535517892
1.02833 78.6590096731031 12.4940213370738
1.03096 19.2895155521491 6.18224181547001
1.03359 46.5899516354198 9.60037589731993
1.03622 118.372602445818 15.2905794195394
1.03885 21.6059018011763 6.52740012785337
1.04148 55.0636419645623 10.4121795360285
1.04411 74.6923847544733 12.1171906453848
1.04674 54.8728662368668 10.3775933113398
1.04937 18.6034190267008 6.03764678666674
1.052 26.3353254347675 7.17783718920924
1.05463 65.3397426437207 11.2970578577659
1.05726 11.906707439177 4.81863811865434
1.06252 4.82220856618968 3.06163519026926
1.06515 4.00109676944639 2.78657103144349
1.06778 10.2970408158696 4.46669591379097
1.07041 27.3977100676098 7.28008276073757
1.07304 25.7415164023424 7.05090222707971
1.07567 130.292960968386 15.8502450503488
1.0783 34.5711913514691 8.157930108721
1.08093 10.7529892279393 4.54604930989706
1.08356 23.8748979818896 6.7684067943255
1.08619 23.1020714359068 6.65252825740226
1.08882 26.8544123382785 7.16661526100899
1.09145 36.7083549108677 8.37207557316997
1.09408 22.3186409306698 6.52271471020404
1.09671 0.0722019026233219 0.37069103190123
1.09934 35.7494512548327 8.24166785650521
1.10197 23.1547432840609 6.62902127598757
1.1046 9.07093791652773 4.14673939682932
1.10723 39.7436249928868 8.67491676022522
1.10986 37.7417448190408 8.44876463074256
1.11249 22.4591547893872 6.51372303825705
1.11512 12.4994438715886 4.85655154207442
1.11775 25.439258959696 6.92444020774422
1.12038 6.34054671006103 3.45497803248639
1.12301 14.2937010774346 5.18445956352381
1.12564 25.8664762198332 6.97025545219788
1.12827 11.3982516456259 4.6243192259673
1.14405 14.7140526714584 5.23576870542271
1.14668 22.6752235144556 6.49586006107032
1.14931 21.2771504112288 6.28874348015683
1.15194 14.3892975518436 5.16860001200002
1.17824 1.23785534207152 1.50706293941346
1.18087 1.3005224053558 1.54382485928516
1.18613 2.3343919247262 2.06590532959095
1.18876 42.6030334847769 8.82034437182057
1.19139 5.98613163507502 3.30430291587696
1.19402 25.5552628556934 6.82319891918493
1.19665 24.2646816366464 6.64470921899757
1.19928 26.3577519645097 6.92123157748269
1.20191 15.1480104690871 5.24450396451144
1.20454 15.9215454951677 5.37468158176465
1.20717 16.7938327297211 5.51783134400593
1.21243 52.7977697988873 9.77614598241232
1.21506 70.287747981893 11.2754192823934
1.21769 17.2187381680166 5.57861532329043
1.22032 10.5958460582895 4.37447877883511
1.22295 15.9194041748783 5.35987312287315
1.22558 13.1314909878378 4.86609525815304
1.22821 1.13895273287058 1.43254670207607
1.23347 25.8732134180479 6.82252977785725
1.2361 38.5251443639209 8.32193568245114
1.23873 18.7137955525067 5.79782350701024
1.24136 56.7220099081023 10.0900091206675
1.24399 27.6441798042521 7.0412405230822
1.25188 10.3349661924135 4.300270613359
1.25451 10.8625993959919 4.40696078266464
1.25714 15.7089262836499 5.29756716079523
1.25977 15.1525253335186 5.2008761793772
1.2624 18.2285412290218 5.70217596278587
1.26503 13.557255963343 4.91565139023494
1.26766 34.1251156296937 7.7958348789927
1.27029 46.7468444496524 9.12077981581679
1.27292 27.164577034919 6.95004182030493
1.27555 25.2236216593773 6.69452327346622
1.27818 14.668766636385 5.10320001162033
1.2887 17.0407388676793 5.49171626211126
1.29133 17.9105698277657 5.62791810128237
1.29396 14.1691337874105 5.00372888608809
1.29659 25.303806217614 6.68411579049891
1.29922 18.8793724932901 5.77129932118174
1.30185 32.9795939836993 7.62531654593587
1.30711 12.0278223571165 4.60277613422942
1.30974 11.0519809243292 4.41104918655935
1.31237 11.6196650117282 4.52182840850939
1.315 30.7300836836353 7.35181435850799
1.31763 23.2923595393093 6.39903873929756
1.32026 39.1536096859648 8.29448041355696
1.32815 0.919967645454038 1.27050129746613
1.33078 16.3766378582189 5.35915467770258
1.33341 31.6603914426806 7.44967097315956
1.33604 6.81751675083863 3.45610589222017
1.33867 17.9262221482793 5.60290490624235
1.3413 19.8694161951998 5.89734178088055
1.34656 2.45102610008808 2.07027157873749
1.34919 9.50982834453919 4.0769409220007
1.35708 55.2444410001714 9.81920316976005
1.3676 38.8199157829295 8.22312764656251
1.37023 67.4141384622646 10.8337684470673
1.37286 12.6013247238321 4.68280876014765
1.37549 15.7367924572573 5.23179409768915
1.37812 3.01304614294759 2.28870379172033
1.38075 11.296105112556 4.43042278014646
1.38338 9.95010275659381 4.15708257638825
1.38601 10.4611201165144 4.26145562789299
1.38864 5.82497631093466 3.17914190903488
1.39127 29.2831241072321 7.12632198130968
1.3939 56.7237409177328 9.91592016338622
1.39653 22.7732715030083 6.28140941993993
1.39916 33.7481230174818 7.64474405440304
1.40179 58.6970625669886 10.0801053350911
1.40442 40.5689914903105 8.37899406137719
1.40968 4.11080071682525 2.66645166723323
1.41231 6.68137231795948 3.39892184004057
1.41494 2.48020880695314 2.07057174356382
1.4202 11.4011305105566 4.43808590106634
1.42283 18.2477184768206 5.61388868732905
1.42546 27.6795693119707 6.91316501019329
1.42809 22.1862068626393 6.18837350513361
1.43861 31.5001403068923 7.36956705260304
1.44387 3.93855020642077 2.60512872103254
1.46228 10.7608370837385 4.3017669516257
1.46491 7.97959927007046 3.70383704092664
1.46754 24.7768919559428 6.52562636884143
1.47017 27.8011961716888 6.91143097177572
1.4728 22.8585352831365 6.26610774075486
1.47543 24.0021411641933 6.42001523264999
1.47806 22.5933323453424 6.22785654083282
1.48069 10.871986370517 4.31956760127128
1.49384 2.00171467199295 1.85213865064843
1.49647 2.10493798016833 1.89901905695872
1.50699 3.14698480825232 2.32092151070367
1.50962 45.9474943570091 8.86757382385552
1.51225 43.4239928436038 8.61984649829457
1.51488 75.6629206030437 11.3772409792943
1.51751 18.6106079362952 5.6420435074929
1.53066 5.97797455384197 3.19622097690545
1.53329 26.9002982098898 6.77952108074163
1.53592 2.72122601620592 2.15607304510417
1.53855 2.86186139861372 2.21088497843002
1.54118 13.9879288470574 4.88741523461298
1.54381 9.96818488691669 4.12544922796419
1.54644 10.2586325886738 4.18474123596997
1.54907 25.2398832013102 6.56338983448494
1.55433 34.0398752730995 7.62078670462069
1.55696 10.9145663854774 4.31488978959174
1.55959 3.38104566320911 2.40133423675932
1.56222 1.04694535300241 1.33613310619085
1.56485 1.10105205909541 1.37009998358292
1.56748 10.8187279641761 4.29434610666276
1.57011 11.3778449692944 4.40351572440877
1.57274 2.98146461379566 2.25395359259707
1.57537 3.13554791610963 2.31125279306184
1.578 34.2799467352671 7.64137261827674
1.59904 15.2210697460305 5.08813098561708
1.60167 16.0080926021369 5.21760732598815
1.60956 11.8137081943251 4.48135865412535
1.61219 28.1901622220558 6.92208655399627
1.61482 8.98346808611824 3.90734629911192
1.61745 7.0231098306731 3.45458804754222
1.62271 12.0161794244359 4.51812270576247
1.62797 10.8455382126084 4.29184117710036
1.6306 13.3005965139081 4.75253447465043
1.63323 1.99195924066401 1.8390839965635
1.63849 2.01114343760488 1.84767721527297
1.64112 8.30888761561219 3.75532593406539
1.64375 17.0456962848847 5.37842574644957
1.64638 32.6998948402273 7.44890762597497
1.64901 22.7421482565261 6.21164684480039
1.65427 1.91120971992758 1.80048032661809
1.6569 13.3497191338336 4.75819091515531
1.65953 28.1808516822211 6.91280719414635
1.66216 1.30117143423635 1.48530701172454
1.66479 13.8561600676975 4.84665378337525
1.66742 68.5438287822243 10.778946297173
1.67005 55.1642915004831 9.66924853926505
1.67268 1.86616100646346 1.7783196431849
1.67531 20.4095560841666 5.88062675247149
1.67794 9.79327255599797 4.07326174524165
1.6832 15.8401724380012 5.17966250073731
1.68583 16.6596400438744 5.31160618037626
1.68846 2.42111051452641 2.02475236329312
1.69109 2.5463629547775 2.0763296442131
1.69372 4.70317666583322 2.82165126050906
1.70424 24.5020141447695 6.43886999545678
1.70687 23.627365103815 6.32262511274495
1.7095 48.3575876038749 9.04488647296384
1.72002 41.9656823101007 8.42445892681601
1.72528 5.72779669314062 3.11207957589644
1.72791 6.81774116470349 3.39514369478101
1.73054 4.05048076300075 2.61681005407566
1.73317 4.26021181833118 2.68358598423465
1.7358 17.2030851925011 5.39242474254684
1.73843 32.0692236512655 7.36217520232502
1.74106 8.94898625524282 3.88892749759004
1.75158 64.2803189770204 10.4209166976382
1.75421 15.0390596945218 5.04032158928891
1.75684 13.8450197231926 4.83588189159011
1.75947 17.527805855533 5.44093656134117
1.7621 45.3069921281308 8.74728925804754
1.76473 78.0597807683692 11.4811534675586
1.76736 57.7463398561103 9.87449908654234
1.76999 34.9454735102577 7.68120383381235
1.77262 8.25258454455808 3.73258577994711
1.77525 30.0341796930713 7.12038821438171
1.77788 57.204927067152 9.82637832589096
1.78051 62.9699673403805 10.3091883112734
1.78314 35.4238481789736 7.73190628990529
1.78577 9.97831916940775 4.10344277211244
1.79103 5.91633217616378 3.1594239082554
1.79366 0.0627608399935346 0.325392071473468
1.79629 9.42058674368624 3.98641524645475
1.79892 21.853983657848 6.07141375088953
1.80155 39.3988406620598 8.15175164427636
1.80418 63.0855525877541 10.3147736497775
1.80681 83.1628792256086 11.8425446750773
1.80944 16.4896026951213 5.27315934610843
1.81207 2.551091785187 2.07402681215793
1.8147 10.571053932569 4.22178383499871
1.81733 16.2024198553384 5.22651633924721
1.81996 10.7742254432471 4.26187711112695
1.82259 0.354826782126328 0.773395447142511
1.82522 8.44685637481537 3.77334478225054
1.82785 8.49187354951117 3.78326021601659
1.841 10.8358957649738 4.27291688544913
1.84363 41.4530605598643 8.35710482671883
1.85941 27.0602096230625 6.75081470760798
1.86204 28.461958245181 6.92322593683085
1.88308 2.10581309482071 1.88265198168494
1.88571 9.38816280097108 3.97498906985874
1.88834 7.5448491115502 3.56333299393415
1.89623 13.6388439959655 4.79045092869842
1.89886 26.1909164584331 6.63817130476854
1.90149 20.920976818647 5.93269321603352
1.90412 25.9468160611105 6.60680756415658
1.90675 17.929997784568 5.49197367510612
1.91201 1.83616386667156 1.75740339780564
1.91464 1.93130763228662 1.80231284569814
1.93042 18.2596535461555 5.54093355094681
1.93305 19.2058063164859 5.68252886010153
1.93568 0.191555487501706 0.567494135882062
1.93831 0.201481236355269 0.581996112744706
1.95409 0.162438152507358 0.522491217726255
1.95672 0.170855137614633 0.535843161483904
1.96198 2.10260514580571 1.87966270638311
1.96461 23.5153845947129 6.28587588458317
1.96724 11.1420359385979 4.32673932250462
1.96987 12.65049230226 4.6102116141494
1.9725 13.3059969882946 4.72802267761251
1.97513 17.6165331405923 5.44007335606784
1.98302 11.7545201319325 4.44337595286967
1.98565 18.2880192024293 5.54220560556402
1.98828 12.4029877374334 4.56405790519999
1.99091 15.3375511605829 5.07521786554631
1.99354 18.8568360211088 5.62729624423925
1.99617 24.7630025147588 6.44845547629478
1.9988 15.4782747560202 5.09804914814527
2.00143 28.8036828395035 6.95436716662287
2.00406 22.9454716319352 6.20687850266383
2.00669 46.5042935993204 8.83613656242147
2.00932 4.57789764873523 2.77229904753287
2.01195 20.4430665576602 5.85829450443673
2.01458 29.033037565543 6.98128808304804
2.01721 11.5620915245324 4.40553509248518
2.01984 58.5754323726566 9.9158364889466
2.02247 0.103327866359335 0.416458257133828
2.0251 3.18491506946624 2.31207977777437
2.03036 12.3745862983248 4.55723592704516
2.03299 31.5922261550358 7.28144247436741
2.03562 35.8112495773256 7.75225741482785
2.03825 24.7228899365605 6.44108757908761
2.04088 26.7040372179458 6.6940536329427
2.04351 22.531197940527 6.14870992722331
2.04614 44.7475199472632 8.66497844848702
2.04877 22.1394795930311 6.09477733003428
2.05403 21.9863777955623 6.07341918171753
2.05666 26.2448263142275 6.63543503787583
2.05929 3.28057946844136 2.34592415857968
2.06455 7.15332300302837 3.46397601021517
2.06718 12.0591348756982 4.49748961490161
2.06981 11.0636694016229 4.30777312665372
2.07244 29.0396664571567 6.97895140031456
2.07507 27.2141526550399 6.75589520656501
2.0777 3.82049362782227 2.53125774653915
2.08033 0.825905394176212 1.17688198354549
2.08296 11.1998997195425 4.33377104057375
2.08559 11.8144256736386 4.45098710330474
2.08822 0.996910473260936 1.29291281546474
2.09085 18.0706053404421 5.50450972512629
2.10663 7.18459160247083 3.47044539521717
2.10926 7.55704453856935 3.55921159298133
2.11452 30.6324352796298 7.16565453262752
2.11978 8.52864879853936 3.78087662817757
2.12241 8.97077831481507 3.8775829429657
2.1303 10.1852493218659 4.13154792261288
2.13293 8.30259396268266 3.7301603759655
2.13556 7.38750157756636 3.51854443736728
2.14871 3.52663902014167 2.43087685998781
2.15134 3.7094617559061 2.49305319554859
2.1566 3.24140791491579 2.33039866152732
2.15923 3.40944411834155 2.39000498573351
2.16186 1.94535949180439 1.80530503383047
2.16712 10.2353266099473 4.1408432608983
2.16975 10.7659310108026 4.24675664645498
2.19342 8.17561772011535 3.70028024302012
2.19605 8.59944571818483 3.79492499253217
2.2092 1.59189250267441 1.63265021903042
2.25654 12.1318901964628 4.50595278673687
2.25917 27.4553058277153 6.77843156564177
2.2618 32.7289117038203 7.4007464674573
2.26443 22.234239068748 6.09978532771532
2.27232 9.91377803724584 4.07290259058878
2.28284 12.535345203719 4.57959695143585
2.28547 19.5159091720736 5.7140912604493
2.29073 5.37292252072433 2.99809510932965
2.29336 5.65145824885671 3.07478000257753
2.29599 21.8090837183008 6.0401283167276
2.29862 17.8814531279455 5.46918391884456
2.3144 18.4272847142115 5.55168534369865
2.31703 30.3760192257221 7.12779613327282
2.32492 7.70394387126453 3.58949542461587
2.33018 12.5857008465493 4.58782549290604
2.33281 13.2382735388388 4.70521564654663
2.33807 11.116539787982 4.31161534564814
2.3407 11.6929359864316 4.42193801690896
2.41434 8.90812243896682 3.85856381937957
2.41697 9.37003720505477 3.95730498170261
2.43275 4.91598785986808 2.86623539515161
2.43538 25.3881515659214 6.51355762804821
2.43801 24.9063174157325 6.45139662506722
2.44064 3.82951768745035 2.52968990621735
2.4459 37.2244155859544 7.88681622329533
2.44853 30.2737133665381 7.11241171795607
2.45379 3.37652724307829 2.37526297528928
2.45905 10.5585727406794 4.20021678985045
2.46168 11.1060686011673 4.30770087554641
2.46694 4.62554009409808 2.7799636389645
2.47746 8.53888671471492 3.77697031753937
2.50376 20.5800088601159 5.86311758074278
2.50639 13.3783938058916 4.72720272661163
2.5248 15.1189509497854 5.02502201855467
2.53532 21.3765585983892 5.97491444453506
2.53795 21.7140099149457 6.02184019072438
2.54321 6.49806488036669 3.29415522009449
2.54584 4.64469558662978 2.78501205304216
2.54847 22.7869849066389 6.16862397168814
2.5511 18.8297038187615 5.60741918137568
2.58529 12.3396137457497 4.53884584028329
2.58792 34.6862408432059 7.60973757078853
2.59055 3.60159834547305 2.45208270442033
2.59318 3.7883553620307 2.51483353502701
2.59581 16.0852825341442 5.18196704804483
2.59844 24.5898216454389 6.4069952509111
2.60107 14.6023835140911 4.93724865758832
2.6037 23.7432929484666 6.29563608083811
2.60633 19.3033128443535 5.67650372483969
2.60896 1.63906900664841 1.65409132480271
2.61948 4.71561072401392 2.80551946559859
2.62211 4.96012107580626 2.8773077380563
2.62737 1.73666249816396 1.70250976430433
2.63526 16.9616471567539 5.32051283502543
2.63789 18.9038360878161 5.6168175339291
2.64052 17.3871156634636 5.38672713850037
2.64315 15.2503890727967 5.04484153051347
2.65367 8.03492241171423 3.66168815023531
2.6563 16.5474998965149 5.25475612704307
2.65893 8.51574218523465 3.76958451552332
2.66156 5.24822827409424 2.95926904610288
2.66419 16.0447651633388 5.17416931668034
2.66682 14.6974941891323 4.95212345312843
2.66945 11.6868528498772 4.41585152487383
2.67208 8.27952924636283 3.71675861984806
2.6826 0.0644351301877618 0.327873510623901
2.74309 15.8321816637553 5.13864100842581
2.74572 16.6532305682767 5.27017098080936
2.74835 6.72491753503638 3.34901043675143
2.75098 21.591515698788 6.00084136506345
2.75361 18.4537813612138 5.54767266350354
2.75624 11.0057819775637 4.28426332992531
2.75887 8.05478763810098 3.66513784449908
2.79306 7.02513325659394 3.42262127521
2.80095 2.13894458669874 1.88853042774323
2.80358 2.24986715259348 1.93686800228697
2.82988 23.735107478025 6.29058244019895
2.83251 18.8645974963173 5.60810834687561
2.8404 22.1344915871935 6.07462537015578
2.85092 4.64723824523847 2.78337459864278
2.85355 4.8882372708706 2.85461600418616
2.85881 7.52428450247991 3.54159498939882
2.86144 7.91448296482594 3.63224329831575
2.8667 2.18697773518525 1.90932812768442
2.86933 21.6412513046621 6.00616059246043
2.88248 19.750781928574 5.73765900942462
2.88511 20.7750287561857 5.88451630403689
2.90089 13.1681214512457 4.68474747212719
2.90352 17.6506200641857 5.42378036448465
2.90878 13.8114694489321 4.79775127252051
2.91141 19.9349840088616 5.76399464724353
2.91404 5.68766428133789 3.07879262258355
2.9719 3.93199355272914 2.55960100974862
2.97453 4.13590998275709 2.62512053936097
