-0.18957 57.8917761350768 10.9939046113701
-0.1869 9.85388144016801 4.53607868078593
-0.18423 102.720628573841 14.6466777658047
-0.18156 31.2995229533549 8.08560510678467
-0.17889 62.2244766548358 11.4013863878529
-0.17622 49.1799702225741 10.1368853157398
-0.17355 84.1942665252109 13.2643209247059
-0.17088 31.6788179351659 8.13694912085755
-0.16821 48.4902247340657 10.0678691914438
-0.16554 15.0411936000394 5.60770243923857
-0.16287 8.14328199345035 4.12645284202503
-0.1602 3.37976376099013 2.65860401106622
-0.15753 35.6980641662481 8.64104257513774
-0.15486 10.1856877198076 4.6160692382744
-0.15219 29.2272619234896 7.81995979514961
-0.14952 25.8361683227776 7.35288579618464
-0.14685 97.240235117097 14.2659296004732
-0.14418 55.9899886227063 10.8259388422037
-0.14151 14.2493134252378 5.46186105107184
-0.13884 17.0372606204148 5.97278462309926
-0.13617 95.1789604441313 14.1182457627926
-0.1335 29.5110619233934 7.86205288186187
-0.13083 10.8879791051285 4.77584759309917
-0.12816 8.60546026322385 4.24616771800627
-0.12549 66.9785363193238 11.8470763246773
-0.12282 22.4844914614242 6.86464617532776
-0.12015 129.183262253032 16.4555727834667
-0.11748 39.2041170864843 9.06585922640707
-0.11481 71.7248792064014 12.2634112457258
-0.11214 11.4060076217697 4.89076111284724
-0.10947 20.5121323654947 6.55916058873458
-0.1068 16.2120357843273 5.83169587834695
-0.10413 86.2637570063508 13.453135053247
-0.10146 41.1676289955547 9.29438090485025
-0.09879 49.3527865059021 10.1773135306639
-0.09345 30.430919330813 7.9930318055758
-0.09078 12.4399523131234 5.11095076495626
-0.08811 27.9313003375877 7.6590736357961
-0.08544 13.041255195813 5.23393934744635
-0.08277 20.4979621195777 6.56239921387894
-0.0801 13.2522823364581 5.27704686468283
-0.07743 21.1470316360727 6.66666480535073
-0.07476 6.49969402481507 3.69631234481918
-0.07209 49.5506601098031 10.2066968561508
-0.06942 31.693313054391 8.16361650287066
-0.06675 129.545008266001 16.5062109174365
-0.06408 50.071805385233 10.2629435770314
-0.06141 147.003602392301 17.5864250395593
-0.05874 62.7294348801993 11.4891399019388
-0.05607 156.697344770026 18.1602112447593
-0.0534 44.8637137628014 9.71797837237296
-0.05073 156.623133058317 18.1591077188525
-0.04806 126.596872205282 16.3273711812682
-0.04539 114.050616765115 15.4985767138309
-0.04272 53.0527346704221 10.5714631218254
-0.04005 194.785016921511 20.2580291607157
-0.03738 89.1202762100233 13.7039536194701
-0.03471 241.283622058023 22.5506847255281
-0.03204 120.485433466054 15.9368054192597
-0.02937 332.009289757886 26.4574080544265
-0.0267 370.596085317974 27.9550816161097
-0.02403 574.613191604258 34.8125882289708
-0.02136 478.150861564263 31.7591703074907
-0.01869 640.156157204088 36.7508842811952
-0.01602 519.938369603974 33.1237051464273
-0.01335 743.581349536978 39.6155198957125
-0.01068 586.868550716645 35.1973257056353
-0.00801 711.501888435334 38.7583609773584
-0.00534 589.495512386801 35.2822071760627
-0.00267 748.771046375868 39.767485213384
-0 620.337402098315 36.1997604392843
0.00267 776.504691832823 40.5044894590633
0.00534 578.485976441457 34.9637499557708
0.00801 742.151283767769 39.6057525459227
0.01068 643.705374548245 36.8889308617485
0.01335 738.000543375323 39.5022002865921
0.01602 462.448201177958 31.2726677384807
0.01869 614.955990818806 36.0658217371327
0.02136 360.880034731123 27.6309402574788
0.02403 415.618062317532 29.6552682942547
0.0267 221.89093734053 21.6702958595591
0.02937 291.369758961378 24.8346300883714
0.03204 191.2445320316 20.121963832838
0.03471 157.448087252783 18.2593338828547
0.03738 106.352535243928 15.0082666262658
0.04005 162.866074330374 18.5742932119674
0.04272 28.6411836108648 7.78991691942648
0.04539 104.140530578528 14.8555109240613
0.04806 23.0256181108117 6.98592141834238
0.05073 55.3426376064981 10.8314927683164
0.0534 43.7422177055205 9.63050627510597
0.05607 113.43384876412 15.5099493108822
0.05874 26.5654472487759 7.50650758867378
0.06675 18.7342525907731 6.30548439269562
0.07209 26.8335436984721 7.54779075812052
0.07476 9.13035901154338 4.40316577657824
0.07743 66.5092810414636 11.8850907193684
0.0801 20.7419904350909 6.63784102481712
0.08277 43.2181477006317 9.5824145888455
0.08544 6.69902476388568 3.77300965500435
0.08811 58.0831831406504 11.1108571678768
0.09078 8.16526696757548 4.16627355775183
0.09345 55.9977947363342 10.9115958114843
0.09612 18.8842560127727 6.33713502806515
0.09879 164.775453335113 18.7210190063683
0.10146 90.3196340713426 13.8615507453105
0.10413 35.6172487251875 8.705391457147
0.1068 12.3702058286523 5.13078672890521
0.10947 85.3423828805037 13.477683551161
0.11214 38.1511728138776 9.01206231232867
0.11481 41.7433380405054 9.42760084880219
0.11748 69.0906748127501 12.1298287736616
0.12015 72.4921317951306 12.4258966190732
0.12282 4.34726168078995 3.04317924115412
0.12549 77.6596698809318 12.8633695230465
0.12816 32.7267454336966 8.35113900918075
0.13083 112.526069687281 15.4866755653459
0.1335 108.051015129382 15.1769102578991
0.13617 133.937619022298 16.898864993469
0.13884 60.2093949222414 11.3311942039915
0.14151 312.301303913068 25.8087960832249
0.14418 199.814893000921 20.6458165682558
0.14685 219.140453479587 21.6230373362155
0.14952 187.419269498904 19.998610285168
0.15219 298.679003402133 25.2483100123211
0.15486 238.558970983785 22.5665468262232
0.15753 306.620065391149 25.5861401687582
0.1602 308.020120065629 25.6466876669583
0.16287 540.300703555527 33.9700942064066
0.16554 580.140805235295 35.2032637793782
0.16821 861.000638143796 42.8899156171981
0.17088 942.815002117662 44.8852783721278
0.17355 1147.63863633498 49.5256837795639
0.17622 1231.34275692001 51.304397632299
0.17889 1436.02683285139 55.4094190609809
0.18156 1347.01530554481 53.6692819310995
0.18423 1547.63500233834 57.5322004493029
0.1869 1497.69659418334 56.6012238387465
0.18957 1638.7521946142 59.211726535832
0.19224 1562.12698034523 57.8157844949748
0.19491 1644.08368222202 59.3181207772129
0.19758 1444.11598720427 55.598570347733
0.20025 1614.35515084114 58.7895620392981
0.20292 1493.11830755549 56.5447280676168
0.20559 1572.72756668998 58.0384862416419
0.20826 1308.01713201012 52.9346872721949
0.21093 1180.30336770639 50.2892036131661
0.2136 914.622613465008 44.2734323833361
0.21627 795.349739667012 41.2900661243185
0.21894 549.252953221446 34.3160253079401
0.22161 523.886600045554 33.5176597148721
0.22428 433.276138173555 30.484682949972
0.22695 368.198833852256 28.1050748539095
0.22962 330.013975174069 26.6105557038781
0.23229 384.848864584892 28.7393611733507
0.23496 253.593062706145 23.3316207324122
0.23763 284.290533171375 24.7059541990126
0.2403 128.892098523075 16.6371058803071
0.24297 202.667515880084 20.8641596210901
0.24564 105.371671953311 15.0457881426952
0.24831 186.145775979735 19.9997134296092
0.25098 70.4684436906785 12.3066169835079
0.25365 125.917803191652 16.452392761283
0.25632 55.283594716711 10.9025423710661
0.25899 162.063346922888 18.6687906293573
0.26166 40.5966760659085 9.34465236920721
0.26433 76.3867482227785 12.8194986911318
0.267 60.3763038799918 11.3982821440758
0.26967 139.66692816543 17.3379215573354
0.27234 63.1263912306254 11.6573494886179
0.27501 114.772614969286 15.7201815564812
0.27768 36.5669908544475 8.87415694854661
0.28035 67.6452961914456 12.0710586731209
0.28302 19.5276296046771 6.4862753453455
0.28569 91.4811858206542 14.0404347917876
0.28836 10.8590575381136 4.8378764167666
0.29103 194.516245343614 20.4776762211193
0.2937 103.068026104596 14.9076343986077
0.29637 62.8311051141016 11.6406736902392
0.29904 11.6904263144611 5.02169051429035
0.30171 110.766979989105 15.4588455132769
0.30438 42.9300976025484 9.62460326447941
0.30705 107.686433832215 15.2444721391847
0.30972 108.339168373352 15.2916599888937
0.31239 55.9875082144343 10.993536944979
0.31506 40.8895095048152 9.39567105376283
0.31773 88.6903218813589 13.8385295955567
0.3204 42.1530091115195 9.54104834974306
0.32307 95.0729366163425 14.3298033246882
0.32574 54.3035396198538 10.8306821501511
0.32841 166.292835140887 18.9543315001437
0.33108 64.2734275780116 11.7846690571799
0.33375 102.73428220029 14.900104337481
0.33642 32.7579747708872 8.41434055854575
0.33909 218.371983814788 21.7265099301719
0.34176 65.2344140180952 11.8757168021269
0.34443 260.029794252507 23.7117137141513
0.3471 234.678742540461 22.5277695966332
0.34977 274.288035448494 24.3564887429977
0.35244 199.325626178022 20.7645604022264
0.35511 437.839082478509 30.7771467763563
0.35778 175.310455367196 19.4762310673174
0.36045 320.310193930926 26.3279049804501
0.36312 411.791243887181 29.8537838211984
0.36579 493.51354589457 32.6843816128744
0.36846 379.07696636261 28.6473419324517
0.37113 431.389361595386 30.5622444256035
0.3738 364.550433270118 28.0969533421528
0.37647 443.237052806582 30.9833474779221
0.37914 287.00655095094 24.9336636493325
0.38181 407.442477728785 29.7100390869122
0.38448 302.057960080149 25.582624055077
0.38715 396.2080101721 29.3016072574856
0.38982 227.166303987399 22.1886888570555
0.39249 388.028663857662 29.0015661370053
0.39516 278.140277484219 24.55564507975
0.39783 292.042825650265 25.1635859943649
0.4005 192.260519982161 20.4183187936791
0.40317 207.337179414836 21.2047522232184
0.40584 99.8201536745067 14.7137512428755
0.40851 203.386857807756 21.0036811725152
0.41118 125.848435609463 16.5225686205575
0.41385 188.065535819089 20.1989102441537
0.41652 35.7699363202583 8.80951686239051
0.41919 153.787096078045 18.2672271943813
0.42186 51.1415466576028 10.5346299253958
0.42453 88.6890461817902 13.873531277691
0.4272 71.9865719659677 12.4996381509878
0.42987 115.849904412175 15.8576636388985
0.43254 51.038954248054 10.5259647421146
0.43521 115.25622971446 15.8184124557131
0.43788 38.842904957509 9.18345715075726
0.44055 21.5070795426264 6.83377591222583
0.44322 9.07371140149927 4.43896941130603
0.44589 11.7088011147067 5.04272799002904
0.44856 8.09783131412285 4.19385436907837
0.45123 66.7004136571943 12.0368514101442
0.4539 37.0993555401654 8.977418470131
0.45657 87.2115396687222 13.7649587197878
0.45924 39.209413720504 9.23002247183918
0.46191 78.5449887034439 13.0643098095692
0.46458 33.123012790224 8.48421743735928
0.46725 151.499572864048 18.1456370847788
0.46992 56.8352178158931 11.1146277368523
0.47259 118.753336630278 16.0667747949764
0.47526 48.631122462825 10.2821179075738
0.47793 220.477016333582 21.8940814618201
0.4806 75.004323141639 12.7704984791789
0.48327 38.2989634079596 9.12594491647331
0.48594 69.2076515230639 12.2682048571207
0.48861 96.3669239539298 14.4773005195114
0.49128 28.8496167348327 7.9216060685162
0.49395 108.212790786087 15.3427122883006
0.49662 39.1471400370585 9.2285290751457
0.49929 19.369559113051 6.49175250089952
0.50196 7.43451262930922 4.02205018407634
0.50463 97.8249771271776 14.5902948948744
0.5073 77.6928004037412 13.0031190171307
0.50997 158.105146007318 18.5501791672479
0.51264 34.4790350328237 8.66304582505541
0.51531 155.288668078775 18.3857307543224
0.51798 28.7624114959497 7.91300814264151
0.52065 90.3731168898401 14.0270564751395
0.52332 69.3349726719158 12.2868636261022
0.52599 233.73252189831 22.5601707967677
0.52866 199.274963448287 20.8318157368542
0.53133 161.72527298523 18.7675528258323
0.534 67.7858833420727 12.1508391866736
0.53667 199.096256232981 20.8250537606503
0.53934 103.716615068983 15.0313051449255
0.54201 167.503936109842 19.103061361213
0.54468 58.0496598526107 11.2462630818453
0.54735 178.467764911838 19.7199689419469
0.55002 103.131276072502 14.9913058192232
0.55269 246.122466210016 23.1599613037721
0.55536 159.869626161572 18.6665092930399
0.55803 258.678611903518 23.7453361142857
0.5607 189.861471560983 20.3439092393739
0.56337 177.724963218244 19.6837631759909
0.56604 106.893763075474 15.2660971807646
0.56871 140.32632710148 17.4919949007621
0.57138 31.7147207488814 8.31606989427933
0.57405 193.580293588361 20.5464207552648
0.57672 60.2772712305181 11.4656931834397
0.57939 100.775062359384 14.8257946211352
0.58206 23.8302892482962 7.20981323452162
0.58473 45.7171021966535 9.98657619026971
0.5874 51.3058428819329 10.5798277955312
0.59007 239.676936856051 22.867896601795
0.59274 73.8711742379316 12.6960466177926
0.59541 145.787567456078 17.8364803850842
0.59808 25.8459122642779 7.51039460252657
0.60075 216.343841198077 21.7296019909456
0.60342 17.4001017878776 6.16259577076185
0.60609 131.01628846641 16.9105883047269
0.60876 62.5348050106045 11.6832926018463
0.61143 90.6250919083603 14.0649070436634
0.61677 152.076042110697 18.2204710815991
0.61944 68.0448866289143 12.1880781383871
0.62211 166.529775155146 19.0674102879659
0.62478 130.906678088462 16.9057696089539
0.62745 167.538442606739 19.1257979223009
0.63012 53.8611944814131 10.8444766150652
0.63279 43.3393218022812 9.72791891488852
0.63546 17.7976456888579 6.23402363818365
0.63813 77.8111798639068 13.035162399527
0.64347 37.5460172898101 9.05511441062354
0.64614 33.8093740032727 8.59288199051755
0.64881 25.3689493822288 7.44354472003004
0.65148 20.0483814696053 6.61723407637446
0.65415 30.850558732083 8.2087425194765
0.65682 24.3803461820532 7.29748696478288
0.65949 68.2548470596649 12.2103586324188
0.66483 124.350367611299 16.481690737768
0.6675 10.0009625422618 4.67420117715652
0.67017 28.5961994880189 7.90403645991421
0.67284 26.5577037492355 7.61725180429266
0.67551 80.545154096657 13.2657263666612
0.67818 64.4960204176614 11.8709659811523
0.68085 118.640714417311 16.1006997921062
0.68352 77.1580106339615 12.9845427569472
0.68619 113.463330262685 15.7460703350046
0.68886 23.9294457712383 7.23134392845846
0.69153 220.552117093348 21.9541479244326
0.6942 56.2085060528458 11.0833300124292
0.69687 85.6695578263642 13.6832977965654
0.69954 18.8410732071005 6.41709704271248
0.70221 203.657959364433 21.0976845906702
0.70488 57.8196913385915 11.2412526186692
0.70755 77.4895234033437 13.0134078008113
0.71022 3.6723199259518 2.83290832303296
0.71289 144.330454134844 17.7596325464552
0.71556 37.6393110012235 9.06919082398937
0.71823 107.223440708467 15.3068313636537
0.7209 51.2247661980693 10.5796948276011
0.72357 100.418022585187 14.8126138276161
0.72624 15.4625899840817 5.81245639611141
0.72891 124.398106800506 16.4861099858734
0.73158 92.3710711751131 14.2060067480432
0.73425 142.702017381745 17.6567920445609
0.73692 65.6404541685658 11.9749925830234
0.73959 158.499020366702 18.6078190494888
0.74226 31.3804831828528 8.2795115141118
0.74493 124.390665403452 16.4839585878824
0.7476 103.604466042446 15.0435237315805
0.75027 66.9695112296253 12.0946030520033
0.75294 3.91059173695355 2.92258405854768
0.75561 92.5415700415581 14.216965865058
0.75828 75.0682762346996 12.8044057433013
0.76095 199.229590880142 20.8593534930559
0.76362 51.1754876098394 10.5717682319801
0.76629 69.4160124651962 12.3122999171433
0.76896 17.1624035666245 6.12196899300377
0.77163 43.1563223265742 9.7077146082
0.7743 34.1028078606349 8.62943914915404
0.77697 66.4727838043978 12.0476446710501
0.78231 15.0264680214208 5.72788251917924
0.78498 6.00183277850519 3.61993111311306
0.78765 94.565085307458 14.3686671334141
0.79299 59.6118811058466 11.4078267104893
0.79566 22.9704144320938 7.08131039039463
0.79833 144.055818221082 17.7332089125438
0.801 26.1837168864918 7.56009391919169
0.80367 38.4923141283001 9.16599137575299
0.80634 28.0450642992828 7.82350821707335
0.80901 45.2448832316268 9.93662606091618
0.81168 14.8014860916131 5.68313218449564
0.81435 26.8182071080574 7.64946129094462
0.81702 12.5364455206674 5.22978786028136
0.81969 59.4621214518285 11.3893239149477
0.82236 4.27010435343921 3.05195319034927
0.82503 91.7030610844435 14.1426703338992
0.8277 45.6375365249392 9.9765750596238
0.83037 67.0053699923564 12.088044681943
0.83304 10.4740919641145 4.77903615118328
0.83571 79.2215632666539 13.1427031662524
0.83838 83.0159786801786 13.4531724903703
0.84105 22.6937633398377 7.03360528501256
0.84372 12.6309599501262 5.24715359195852
0.84639 131.634655538863 16.9383687227719
0.84906 45.2342311199461 9.92889529107572
0.85173 28.5445832205939 7.88696726434355
0.8544 22.5551491751459 7.01054685206837
0.85707 79.0784819495708 13.1262013971558
0.85974 24.7614083567176 7.34477385601692
0.86241 41.8820209489888 9.55180452421653
0.86508 3.16020208848217 2.62367412034599
0.86775 42.3209722714842 9.60088201061781
0.87042 10.2234221108763 4.71859072242645
0.87309 89.4201846363389 13.9544521742576
0.87576 24.4288435738144 7.29335428074685
0.87843 194.786550628653 20.5937854259084
0.8811 36.8390074822742 8.95553431902323
0.88377 46.2591240804833 10.0349932595831
0.88644 1.17066795329728 1.59630578038392
0.88911 72.9425559728509 12.6000000582989
0.89178 62.9650691906865 11.7060597459636
0.89445 75.5544561044954 12.8224722957606
0.89712 22.3742584645659 6.97745244144647
0.89979 77.5896369254197 12.9928746873354
0.90246 21.2726693318325 6.8029278661281
0.90513 123.913205061896 16.4181908731504
0.9078 69.9057527337978 12.3311788208767
0.91047 133.927467992906 17.0672911575451
0.91314 41.7259982905868 9.52609186666796
0.91581 136.250331097594 17.2132076647627
0.91848 8.7468697058176 4.36114955298898
0.92115 136.234553921778 17.2107546186364
0.92382 26.307685560708 7.56274086789997
0.92649 110.261910177784 15.4821858348923
0.92916 38.4559610454716 9.14287904939655
0.93183 53.5417241722411 10.78770183824
0.9345 31.4736766531484 8.27062089699885
0.93717 106.537975365967 15.2159197759855
0.93984 17.0226930296113 6.0819344858011
0.94251 75.075907571842 12.7720176908035
0.94785 123.604452136034 16.3866241402997
0.95052 25.819687871899 7.48909839856987
0.95319 90.1376457952309 13.992288601267
0.95853 84.2438310653634 13.5259541212241
0.96387 91.619714017863 14.1044619135293
0.96654 11.2273959343205 4.93722789130066
0.96921 56.504426258551 11.0755801894968
0.97188 0.694263107568063 1.22763394916369
0.97455 21.1038691777225 6.76814231953655
0.97722 49.5122440649985 10.3663611848751
0.97989 120.489620861857 16.1706113916423
0.98256 16.9059594939693 6.05693791700482
0.98523 21.5597483608185 6.83969350822639
0.9879 8.55746994678807 4.30892638148825
0.99057 148.023714135707 17.9202314880315
0.99324 16.8430013562563 6.04462399978074
0.99591 147.402975304333 17.8811009526942
1.00125 27.771999598237 7.76071613903868
1.00392 74.5675803093571 12.7158697864692
1.00659 15.3513271025791 5.76921639770086
1.00926 15.1375035762959 5.72853818209448
1.01193 97.0759284247207 14.5059198015144
1.0146 86.896115984636 13.7234241961186
1.01727 109.005165224024 15.36946145349
1.01994 98.9589704487678 14.6431832788091
1.02261 29.4551657033063 7.98843026640618
1.02528 30.1127675640233 8.0766050311816
1.02795 106.264267941171 15.1711998399337
1.03062 52.8541453032537 10.6988874274151
1.03329 65.748833464949 11.9320730188538
1.03596 41.9129395885898 9.52617859702892
1.03863 136.037335307687 17.16115428383
1.0413 47.8524562238858 10.1775285728529
1.04397 28.5849815908829 7.86560156794107
1.04664 8.42547109892378 4.27004891665529
1.04931 66.9685495147427 12.0377124543659
1.05198 27.768070750175 7.75093570155408
1.05465 114.355473786865 15.728326562914
1.05732 6.39665486751714 3.71966007581904
1.05999 43.4172114492779 9.69015019848334
1.06266 77.7201504995801 12.9640026146092
1.06533 50.1542036776295 10.4135476313509
1.07067 88.7829669843365 13.8533671547117
1.07334 41.3064964787932 9.44870808989785
1.07601 94.8988307639494 14.3207714405118
1.08135 92.6118104512406 14.1453800877135
1.08402 19.6773970171322 6.51985562947884
1.08669 145.786883645244 17.7454124781256
1.08936 11.6578452944222 5.0177466548178
1.09203 36.3734524074965 8.86266959361401
1.0947 21.5463675155579 6.82074848624369
1.09737 77.1268634754384 12.9038867345971
1.10004 62.5103326716266 11.6160928932274
1.10271 30.4126920430148 8.10162005016426
1.10805 124.991856178566 16.4212348851018
1.11072 4.99213975291438 3.28147098273304
1.11339 51.8983347731849 10.5794271329222
1.11606 42.6906405233445 9.59427157584794
1.12407 69.4478406310454 12.2336400277355
1.12674 15.6320219064494 5.80355499604166
1.13208 35.2410976904238 8.71227597883224
1.13475 29.7215879601036 8.00024147801112
1.14009 101.606497632436 14.7893188394966
1.14276 13.4901960690424 5.38836145751476
1.14543 7.87590649503689 4.11678339780699
1.15077 6.11949556723954 3.62815502393506
1.15611 106.746266178968 15.1504182249016
1.15878 51.6009084334885 10.5326357173782
1.16145 32.604931631194 8.37163229792254
1.16412 18.5502622096357 6.31398614656681
1.16679 44.2145745922526 9.74701011503693
1.16946 34.9338058011747 8.66306809012523
1.17213 34.8950443673789 8.65746476850995
1.1748 27.0929782583088 7.62776493164562
1.17747 79.2193497347419 13.0420129406344
1.18014 43.6433491104908 9.67939207048372
1.18281 38.5743117620453 9.09909477537935
1.18548 24.704284636158 7.28107120841587
1.18815 5.97896284797506 3.58164137941053
1.19082 4.72395974428571 3.18333462046106
1.19349 62.730878837458 11.5992498669978
1.19883 26.160993052795 7.48921585100119
1.2015 20.6694809076154 6.65627954123702
1.20417 64.8094591744657 11.7845509944811
1.20684 48.3457261208884 10.176535087508
1.20951 22.2629918364692 6.90461836208512
1.21218 17.5872447269675 6.13583707106709
1.22019 65.1020028797018 11.7992103561981
1.22553 48.3864219312629 10.1688373790714
1.2282 30.0730539414846 8.01539939261739
1.23087 37.2876388366841 8.92371456450106
1.23354 15.2226907479672 5.70079920439663
1.23621 65.170014873235 11.7934459441788
1.23888 32.5940625519751 8.33897769185597
1.24155 43.1154992050755 9.58930215705967
1.24422 6.44154127039864 3.70588463303491
1.24689 148.069767502587 17.7646590013095
1.24956 14.849476712685 5.62478475781184
1.25223 62.8762402257411 11.5723149750737
1.25757 34.9264760986071 8.62199038908996
1.26024 13.3184739382495 5.32333672243457
1.26291 133.688816765255 16.862842201056
1.26558 17.1656138961885 6.04142533102177
1.26825 91.7209790287046 13.962737211149
1.27092 31.9317019644432 8.23708814395302
1.27893 30.1383672229932 7.9983749490662
1.2816 19.0888278790847 6.36440614791774
1.28427 29.8741918514003 7.96054258525335
1.28694 23.5998399756252 7.07416886874599
1.28961 100.738823476492 14.61320956262
1.29228 26.7568302557516 7.52992695688575
1.29495 55.7829271544586 10.8705198378996
1.29762 13.7956126348516 5.40500829905953
1.30029 135.933154578489 16.9634720876032
1.30296 82.0842721404386 13.1801083213657
1.30563 75.1666116443727 12.610979733563
1.3083 68.8878385456586 12.0713250511764
1.31097 57.6252571748266 11.039195264366
1.31364 12.8702414791787 5.2164088568562
1.31631 18.6716849416143 6.28228041020813
1.32699 59.3731583903306 11.1972056386149
1.32966 4.14207467551999 2.95713234970961
1.33233 23.9251014893154 7.10617508555956
1.335 18.9020305501822 6.31553921301554
1.33767 7.31441354209463 3.92819595891067
1.34835 28.585759543765 7.76187889961855
1.35102 7.49718708931427 3.97455295791358
1.35369 10.9168865623167 4.79551903035736
1.35903 77.0287145948817 12.735227843907
1.3617 8.23939243066468 4.16461688529657
1.36437 80.2780683806171 12.997893473157
1.36704 13.1537955470065 5.26074318976186
1.36971 54.6981365751333 10.7264213464595
1.37238 19.6816504321432 6.43348599472054
1.37505 28.899987292883 7.79491586199685
1.38039 111.850231234952 15.3311600064107
1.38306 29.8034951406112 7.91292658303674
1.39107 27.6293434224214 7.61604733153857
1.39374 3.08353867530209 2.54399330713717
1.39641 57.012928107807 10.9376705242543
1.39908 45.0430093675218 9.72072706572339
1.40175 43.3814180631579 9.54057018940493
1.40442 14.2357085025271 5.46602094949077
1.40709 15.5642198647897 5.71616426642438
1.40976 12.3028619624583 5.08280390758826
1.41777 14.6489879997976 5.54857890316033
1.42044 11.5794061758824 4.93378580887696
1.42311 8.62252642592794 4.2580777884833
1.42845 94.4083344591121 14.0935304097832
1.43379 3.39311285713177 2.67258804761886
1.43646 5.14863139341742 3.29259159891988
1.43913 69.3136577562512 12.0826015625592
1.4418 40.7494733545701 9.26554798725259
1.44447 129.462231178796 16.5173625364094
1.44714 19.392843468858 6.39365112975251
1.44981 52.4334187723985 10.5145645815845
1.45248 31.5898891928177 8.16244477714746
1.45515 31.3638625630054 8.13429576858922
1.45782 24.7917827152328 7.23299283247586
1.46049 25.255241231525 7.30127772776711
1.46316 19.3688955807455 6.39491052847876
1.46583 70.3076008310166 12.1854648876466
1.4685 16.021992545239 5.81779119226809
1.47117 4.89828530264282 3.21722024939134
1.47384 4.36138742330726 3.03619709336379
1.47651 76.4802056204805 12.7160142524185
1.47918 11.5910389238225 4.95104079253271
1.48185 46.1251048708942 9.8778591617425
1.48452 36.4598822736277 8.78335801963276
1.48719 65.0386907278825 11.7326912325943
1.48986 24.2320310964555 7.16251313742306
1.49253 122.760914420434 16.1235006848062
1.4952 22.9764894897143 6.97637576640917
1.49787 33.2228824480987 8.39006664678611
1.50054 24.7442444144 7.24173397435098
1.50321 64.1138340687108 11.6615274895897
1.50588 9.08540779418596 4.39170423910535
1.50855 28.8675416160937 7.83153561593646
1.51122 5.31118155131381 3.36061378519397
1.51389 2.1511532999136 2.13963436571566
1.51656 38.9752784833015 9.1112759532381
1.51923 72.655558079327 12.4451335310716
1.5219 15.9834117268677 5.8395621522168
1.52991 63.9316009890436 11.693476349069
1.53258 3.98016681162777 2.91888035358914
1.53525 39.7668941231449 9.23009453332773
1.53792 15.9920083554727 5.85566636456931
1.54059 1.76545421692376 1.94640140459675
1.54593 127.706663239387 16.5679674729857
1.5486 37.850460436621 9.02354012598548
1.55127 18.4979558971623 6.31076501128533
1.55661 36.1006025901166 8.82336938982347
1.55928 8.7619888905953 4.34867461362284
1.56195 27.6663270788263 7.73053408684635
1.56462 9.53660853445362 4.54055310838144
1.57263 63.4743567082991 11.728545835542
1.57797 110.432365295472 15.4827451547832
1.58064 50.0176806180136 10.4241035571182
1.58331 13.5233497903303 5.42245683212178
1.58598 10.6954315433629 4.82425209887812
1.58865 121.136035129134 16.2421773194053
1.59132 40.209819746017 9.36160302830384
1.59399 19.45010825137 6.51360793486523
1.59666 15.3827826865826 5.79501222415176
1.59933 4.03385414367912 2.96874679267061
1.602 3.19049056414896 2.6413763908116
1.60467 118.830573418262 16.1270274521664
1.60734 31.0399541141743 8.2459228981021
1.61001 13.8177664167609 5.50409599830997
1.61535 116.363053583619 15.9864055462082
1.61802 38.1385884772623 9.15616124912208
1.62069 46.1097242256828 10.0719851767754
1.62336 36.4693364765589 8.96128470436062
1.62603 64.6561390066475 11.937093478276
1.6287 20.0214061609178 6.64550830168446
1.63137 71.0587267611305 12.5249693525992
1.63404 56.201960758665 11.1437299229016
1.63671 44.8409826993601 9.9581606393262
1.63938 35.4656991205879 8.85997286407761
1.64205 30.1741083680036 8.17582814278049
1.64472 23.8653171065381 7.27418560067432
1.64739 61.5837185121236 11.6901426322625
1.65006 20.3294085095383 6.71947202752149
1.65273 54.7108311861849 11.027960438153
1.6554 43.2717842304643 9.81175171368808
1.65807 57.629795471364 11.3279972365361
1.66074 30.7897818318391 8.28358226627855
1.66875 38.7196005370971 9.30111977515428
1.67142 30.6238976203388 8.27531803410145
1.67409 108.532080858394 15.5854026801613
1.67676 26.5977367953633 7.71872644483477
1.67943 16.9520794629985 6.16479991641865
1.68477 25.0303600591145 7.49737016062892
1.68744 37.1711451684074 9.14033464547356
1.69011 64.8084000464534 12.0741993371042
1.69278 28.1673884062668 7.96341581525243
1.69545 24.8323197673922 7.48028257266224
1.69812 19.6401035852259 6.65524957242973
1.70079 68.8103102286604 12.46031519647
1.70346 26.4369975503462 7.72415101058349
1.70613 32.6704467489158 8.58745825224466
1.7088 25.4794849953978 7.5844628484913
1.71147 26.1991538164732 7.69157949572005
1.71414 8.760242037398 4.44807744710105
1.71681 7.03689485756731 3.98700882691074
1.72215 5.10001896990637 3.39490240777082
1.72749 20.4036888282413 6.79173048636561
1.73016 2.00609913279066 2.12982848047931
1.73283 7.2859877197964 4.05933582527261
1.73817 43.6687906238783 9.93987630079414
1.74084 15.153195326877 5.8558482317351
1.74351 22.5193476624033 7.13933729751362
1.74618 17.7992072848796 6.34779095202466
1.75419 66.9172949114715 12.3117074677357
1.75686 3.55553408943796 2.83820511202567
1.75953 33.453102538969 8.70666434405653
1.7622 17.6784856405784 6.32992216307881
1.76487 30.0018264043771 8.24692256556297
1.76754 4.06464965773652 3.03579087481507
1.78089 19.1518728623256 6.59290630775686
1.78356 15.1375599142483 5.86194027597729
1.78623 10.1386663492295 4.79784299569071
1.7889 8.01355871783717 4.26589817306162
1.79157 20.8022058963271 6.87376398799572
1.79691 4.46220710666478 3.18419059263598
1.79958 3.52638188978278 2.83073056443485
1.80225 39.9950906909557 9.52908505301414
1.80759 108.58837803725 15.6879808183779
1.81026 9.41959020967223 4.61854202367719
1.81293 205.196807258321 21.5470367440006
1.8156 44.1748325512001 9.99316149815654
1.81827 80.1468557943936 13.4546291346862
1.82094 41.7977346423047 9.71220262016976
1.82361 19.7511580814745 6.67344919505668
1.82628 15.5947331983454 5.92728217674196
1.82895 51.7450110552257 10.7922814042056
1.83429 33.6960598281817 8.70147492406855
1.83696 26.60499647602 7.72852860019599
1.83963 36.3535941842535 9.0302678607166
1.8423 15.8275509298092 5.95587249423473
1.84497 56.0674453288271 11.2048314686574
1.84764 41.8143916364029 9.67217364310901
1.85031 46.1233411346161 10.1538947629304
1.85298 36.4168921019865 9.0185068191731
1.85565 14.923323240936 5.77067647229432
1.85832 2.91668479167241 2.5500535032753
1.86099 84.5117350566713 13.7206118328171
1.86366 47.3527861779795 10.2659228695937
1.86633 137.879538633209 17.5099631614503
1.869 61.5511705898822 11.6940085539722
1.87167 89.9922535242099 14.1337554620975
1.87434 32.042806890393 8.43004473815111
1.87701 79.608199282613 13.2816774821101
1.87968 20.5595356374804 6.74667733017519
1.88235 54.4031581569767 10.969944658406
1.88769 10.3362247931422 4.77739370192344
1.89036 8.16092522690424 4.24314961963084
1.89303 41.9387629192012 9.61468083849185
1.8957 23.9409413199374 7.26115862304118
1.89837 54.0400310272882 10.9043852638619
1.90104 0.978182912210104 1.46625259458459
1.90371 39.9614818740331 9.36435336309478
1.90638 31.5295137721273 8.31138389634085
1.90905 14.253833004253 5.58390091545496
1.91172 11.2461841365739 4.9559975984747
1.91439 18.553384337251 6.360571531985
1.91706 14.6384295184683 5.64530416374225
1.91973 91.0035727842421 14.0645004143098
1.9224 118.465277762216 16.0341175647236
1.92507 152.209045236572 18.1603260481279
1.92774 59.378402730386 11.3336813757633
1.93041 131.935419759847 16.8806911439454
1.93308 37.691710921676 9.0153931549125
1.93575 121.433943440352 16.1690110894013
1.93842 18.6648102798697 6.33397441235295
1.94643 91.0842519791512 13.9584148522285
1.9491 55.6609586845278 10.9028149986036
1.95177 58.2932594125323 11.1486107087135
1.95444 12.4555717453746 5.14921616466944
1.95711 53.3621180182369 10.6493464504492
1.95978 2.25394996983201 2.18688086442053
1.96245 19.7557346084968 6.46912534379053
1.96512 15.5863447549643 5.74138302730222
1.96779 28.2666894080454 7.72550153615961
1.97313 33.8734309871887 8.44319289964666
1.9758 26.7242557923309 7.49329799418141
1.97847 35.551777573465 8.63561640744866
1.98114 5.25652666548447 3.3178291447996
1.98915 111.198090235216 15.2221285972518
1.99182 17.4137873798265 6.01884088327178
1.99449 74.5636352398212 12.4442492743121
1.99716 54.8594031378411 10.6652005136993
1.99983 84.8390164117465 13.2519264015763
2.00517 42.7787708995116 9.39489165397839
2.00784 24.3462938999751 7.08178131152495
2.01051 44.2450245434198 9.53907334090293
2.01585 122.89723464745 15.8722713102562
2.01852 11.5484916995659 4.86157311285621
2.02119 139.191860569641 16.8642369609709
2.02386 21.2668421120638 6.58652413480816
2.02653 27.2015991630291 7.44297275793778
2.0292 21.0564292855576 6.54312802550446
2.03187 119.5018203349 15.5748392865635
2.03454 34.6354260746644 8.37797871131724
2.03721 81.2413160434486 12.8206351987911
2.03988 53.7981143242693 10.424280435905
2.04255 154.680133753088 17.6612211179744
2.04522 52.111227413718 10.2425811565947
2.04789 38.1519134058094 8.75672339496522
2.05056 59.4624485112241 10.9230512745085
2.05323 80.5381709320793 12.7017033907005
2.05857 30.175750010912 7.76185145848388
2.06124 23.8062910556126 6.88840785536521
2.06391 59.7899603238735 10.90744924515
2.06658 11.0586901605697 4.68701546781905
2.06925 3.40253496417397 2.59765039088958
2.07192 2.68430195038725 2.30530998319784
2.07459 27.5509369207318 7.37930502033455
2.07993 103.824890690295 14.3009014602228
2.0826 29.4871567689297 7.61484182688313
2.08527 7.99037059307563 3.9605822566866
2.09061 36.8544065387535 8.49142699912182
2.09328 2.99277334218714 2.4176984509067
2.09595 27.9945419765123 7.38806176497066
2.09862 36.3376930599684 8.4100870240772
2.10129 90.1842712321916 13.2402204262304
2.10396 23.6534720842659 6.77669903641185
2.10663 17.8180663051902 5.87816344526364
2.1093 49.5988409315179 9.80138502351548
2.11197 178.691361743331 18.5927430656094
2.11464 78.7185532933595 12.3330340778365
2.11731 183.629728407896 18.825315093456
2.11998 165.816985012388 17.878222200012
2.12265 146.233774598295 16.7792451791537
2.12532 30.9692278765778 7.71706575093593
2.12799 9.2782478776526 4.22141567560138
2.13066 7.32321628013507 3.74812329322255
2.13333 46.6953299751212 9.45882413070089
2.136 0.810208264733521 1.2451908800587
2.13867 14.2515300613383 5.21921509231247
2.14134 11.2485058323893 4.63402529561277
2.14401 69.6002016475895 11.5199990349217
2.14668 49.5860276644346 9.71768337637846
2.14935 63.0426416649792 10.9505480993327
2.15202 4.94922535732663 3.0663556012655
2.15469 30.4121212598953 7.59647625332488
2.15736 11.432567388503 4.65473877588751
2.17605 20.1350034548313 6.1508105142206
2.18139 44.8677172274504 9.1703752979799
2.18406 3.87267692532282 2.69250843855623
2.18673 26.0948400957508 6.98489276336707
2.1894 12.5330545722694 4.83772902283223
2.19207 40.9748422799309 8.74182350526963
2.19474 32.3398149443301 7.76143695571156
2.19741 79.4689512325552 12.1591090589121
2.20008 39.1762240320096 8.53185777767549
2.20275 23.4450461089007 6.59745300840114
2.20542 15.4161278544131 5.34767171433626
2.20809 83.1566352482308 12.4151430816009
2.21076 12.4770255210628 4.80711880291375
2.21343 39.885901887757 8.59141981852262
2.2161 2.78234391330217 2.26822643537691
2.21877 68.1703301553558 11.2228803015496
2.22144 30.1477657266758 7.46035833119851
2.22945 105.181882610539 13.9180443929351
2.23212 31.1197949282371 7.5674757418475
2.23479 10.9531938633281 4.4877416441554
2.24013 71.6988233450423 11.4726202992807
2.2428 21.0265583380127 6.21033549995816
2.24547 62.7260372023296 10.7220816524159
2.24814 24.6672313796506 6.72108617953574
2.25081 39.9703277047916 8.55208577108476
2.25348 21.8209907573382 6.31632133828863
2.25615 24.4354852961083 6.68130219167018
2.26149 52.9704730093919 9.82911509016721
2.26416 41.5581829472059 8.70259928039629
2.26683 70.7728268334747 11.3521221333538
2.27217 46.2227821502985 9.16679536071657
2.27484 36.49737578559 8.14222226760712
2.27751 69.9305747604262 11.2659592694913
2.28018 32.1288365032601 7.63316193340349
2.28285 27.3785383413616 7.04343172372606
2.28819 11.8890089286442 4.63762870354642
2.29086 5.41465985250916 3.12845926055311
2.29353 1.06453007029198 1.38658181421266
2.2962 0.84054536492925 1.23159689171654
2.29887 7.19184500643248 3.60105280950143
2.30421 46.8853224904587 9.1888122092375
2.30688 61.9288324568336 10.5579194179996
2.30955 35.0023294704497 7.93544508997161
2.31489 30.3110804217291 7.38082996096368
2.31756 23.9410507139529 6.55793111182399
2.32023 115.57965391529 14.405443785667
2.3229 14.517129969878 5.10407414829246
2.32557 81.7739402635391 12.1108505463804
2.32824 21.9854256398652 6.27805558205009
2.33091 142.659411987299 15.9881572791513
2.33358 38.1827407260768 8.26936517400534
2.33625 118.467980579421 14.5622835559472
2.33892 63.7373629446642 10.6786499376236
2.34159 134.299896729331 15.4969917567202
2.34426 25.4444808468836 6.74367392187143
2.34693 61.5848091185281 10.4888219346685
2.3496 26.4208829247295 6.86836976488339
2.35227 41.7092969294908 8.62752993962135
2.35494 19.8526985198733 5.95072381837964
2.36295 18.5689995371022 5.75074194116987
2.36562 5.31922357443209 3.07711343231589
2.36829 31.5948595397665 7.49751423591115
2.37096 24.954909430286 6.6615720332521
2.37363 19.8144384592122 5.93443261157454
2.3763 15.6502440172443 5.27276489693535
2.37897 22.2664256509034 6.28771111963412
2.38164 12.2448037253898 4.66157484000202
2.38431 2.84210056182075 2.2452558206512
2.38698 2.24480351875414 1.99491586986544
2.38965 23.7479782470968 6.48691175561657
2.39232 10.4236832734553 4.29659547320559
2.39499 8.16295143191121 3.8012515234026
2.39766 7.89650262733333 3.73774332146439
2.40033 84.1043077259921 12.1952510602504
2.403 11.550640978935 4.51876566301363
2.40567 2.2819700019724 2.00819959771786
2.40834 1.80277047708413 1.78466720156939
2.41101 7.17332059512282 3.55944460300017
2.41635 8.64627607417354 3.90667062259009
2.41902 6.8306093664625 3.47181845981242
2.42169 61.8058775165967 10.4418436997209
2.42436 31.5215476159024 7.45591696165267
2.42703 42.2115930609456 8.6267685291459
2.4297 28.3236105560251 7.06547784758687
2.43237 61.4232464355274 10.4032384691842
2.43504 8.51920471626236 3.87379484234699
2.43771 19.8008889355558 5.9049242768596
2.44038 10.0984507269518 4.21632659833826
2.44305 40.0919498239194 8.39982654821642
2.44839 62.6190002678068 10.4945653465382
2.45907 36.3760163104853 7.99388780449437
2.46174 5.29844657733012 3.05041890519998
2.46441 60.8443422346463 10.3354646962331
2.46975 19.2743894607901 5.81539971920441
2.47242 15.2268545397895 5.16807729337123
2.47509 106.900766847685 13.6914339669673
2.47776 19.819297562459 5.89436818811716
2.48043 105.724909975587 13.6118256882823
2.4831 23.8012405280321 6.45746527571409
2.48577 89.5759190807073 12.5254248478502
2.48844 1.54412425233933 1.64426751862833
2.49111 10.2341251831985 4.23244404115818
2.49378 7.12130151591469 3.5300433318913
2.49645 69.1531751064317 10.9986879134512
2.49912 24.5122618662206 6.54728065620078
2.50179 36.2672809296048 7.96286577185363
2.50446 18.1284478904341 5.62925910956476
2.50713 38.7015400223567 8.22420779863036
2.5098 15.3559756106232 5.17997512393644
2.51247 135.336487116732 15.3764267975677
2.51514 70.4933123919388 11.0963701294985
2.51781 160.446214027654 16.7390460832517
2.52048 53.8185769054319 9.69373309583494
2.52315 128.126557463091 14.9555885568946
2.52582 55.0591960563167 9.80297358011931
2.52849 96.1248495530586 12.9514888911212
2.53116 13.0776599960892 4.77667656499834
2.53383 34.2046033007296 7.72435170077626
2.5365 27.024814015237 6.86530847350606
2.53917 68.7627643344015 10.9500043861638
2.54184 35.4855455658443 7.86542683276403
2.54451 54.7847374046934 9.77204052316123
2.54718 50.9295873312633 9.42105312752827
2.54985 22.3352878833734 6.23834014522598
2.55252 12.219932102646 4.61388283381533
2.55519 45.3748904552106 8.88994028844697
2.55786 23.9209780627944 6.4541550086782
2.56053 32.270985304049 7.49574676933883
2.56587 57.3160868390581 9.98768352494882
2.57121 68.9452243448659 10.95207182069
2.57388 14.2926559263424 4.98608281204764
2.57655 23.3625754815502 6.37414880755026
2.57922 20.7735336795122 6.01001896109933
2.58189 6.10521967312704 3.25784266296777
2.58723 24.4304086680028 6.51571999757802
2.5899 13.371473972533 4.81998260676704
2.59257 20.8122675806103 6.01276602454319
2.59524 12.9530653231186 4.74307124898163
2.59791 26.3325217648153 6.76204965418843
2.60058 20.8051956648215 6.01004285126031
2.60325 13.1955431003364 4.7860331162715
2.60592 5.7054051878328 3.1468475591225
2.60859 22.7753948340529 6.2868891990727
2.61126 9.17520495890086 3.99007558261678
2.61393 65.359548525393 10.648737934774
2.6166 20.2742205577472 5.93042856345644
2.61927 37.2643645209445 8.03954053604208
2.62194 25.2666811517423 6.61955567944896
2.62461 110.909348723984 13.8678515192615
2.62728 5.69700559231947 3.14281480540865
2.62995 70.9994962868072 11.094135328388
2.63262 52.1890686238762 9.51099497992742
2.63529 84.3729853320848 12.0922811727195
2.63796 51.9810312619128 9.49072348819909
2.64063 147.709579972302 15.9974789751804
2.6433 13.9969554937939 4.92418481965394
2.64597 58.2157603462502 10.0417215554524
2.64864 27.7813472809794 6.93641180936358
2.65131 130.962139517558 15.0591834366763
2.65398 78.8416293485281 11.6835994502452
2.65665 152.960824953612 16.2726877169805
2.65932 35.84194926003 7.87653677791931
2.66199 24.06940532806 6.45420097116246
2.66466 9.71581186220034 4.10033799527709
2.66733 17.7004929526479 5.53405015954217
2.67 13.9857652705206 4.91885278660074
2.67267 41.042043194964 8.42569020679157
2.67801 12.19201301702 4.59165535787085
2.68335 27.5361168402773 6.89959310928794
2.68602 20.3852428059792 5.93608825067627
2.68869 14.6076060953156 5.0246081426958
2.69136 11.5419677828073 4.46604265378463
2.69403 80.4254876098735 11.7882693231979
2.6967 37.0017978479605 7.99530190749391
2.69937 61.5857532284742 10.3141593209629
2.70204 33.2365791394075 7.57668663130001
2.70471 91.1261210658114 12.5450610631205
2.70738 17.2581871498184 5.45920111445797
2.71005 57.6901221151837 9.98073220789388
2.71272 34.0802674825482 7.67084729156216
2.72073 59.4727689288044 10.1319119047208
2.7234 18.7998141622616 5.6962528918934
2.72607 52.7824975432794 9.54415774191452
2.72874 41.7071510584746 8.48355847533811
2.73141 5.05238855793714 2.95257759287241
2.73408 5.97860415871323 3.21168541238329
2.73675 16.8542534761391 5.39222504253509
2.73942 6.28509738902534 3.29267905968368
2.74209 70.6764500531511 11.0410634423977
2.74476 42.6279213953745 8.57434124106652
2.74743 35.8184855753495 7.85936461588575
2.7501 28.3026942304092 6.98598835459891
2.75277 11.0943193512684 4.37365414564605
2.75544 50.4095721524519 9.32246471514377
2.75811 57.1840341054731 9.92868591105868
2.76078 23.9694140178292 6.4278127788671
2.76345 69.3661732650568 10.9342376677371
2.76612 20.3909111441134 5.92806677134732
2.76879 8.8131440426198 3.89708907305404
2.77146 5.16381291615459 2.98291084778135
2.77413 33.844543822667 7.63623842786831
2.7768 19.3037899399725 5.76682219314571
2.77947 91.3637986727263 12.5453408076458
2.78214 41.516643324653 8.4564215578641
2.78481 15.28237722638 5.13039829411919
2.78748 14.0244744170953 4.91449657541098
2.79015 86.3700482735232 12.1954388684608
2.79282 19.8030550431922 5.83931711152614
2.79549 84.1121732975201 12.0338751105286
2.79816 20.4806043974521 5.93782733455143
2.80083 76.2741247640346 11.4584917942164
2.80617 36.6293904160359 7.94005368776129
2.80884 17.3184081941434 5.4594319059028
2.81151 18.2815470994257 5.60899191139117
2.81418 1.23658712301551 1.45873221097186
2.81685 27.1851417881255 6.83933513897224
2.81952 21.481352511317 6.07944264040049
2.82219 58.610815057443 10.0416875415286
2.82486 10.0010479753225 4.14787296065957
2.82753 55.6422434280838 9.78340143749154
2.8302 10.3392916109402 4.21713803158605
2.83287 63.6241937774205 10.4608851705419
2.83554 13.9701007591075 4.90164575992691
2.83821 50.160855275543 9.28772786023308
2.84088 14.1590805896199 4.93434377751116
2.84355 9.19203278356616 3.97559851504544
2.84622 6.33334114556833 3.29987917055284
2.84889 29.1869072900304 7.08370545580979
2.85156 9.55844684163233 4.05363813909364
2.8569 2.86832806615012 2.22042156024622
2.85957 8.15796576704291 3.74452572006875
2.86224 6.44632005804905 3.32848545916569
2.86491 10.2511522847198 4.1972218647856
2.86758 8.10032915496189 3.73088419048375
2.87025 47.7369267544241 9.0567527824714
2.87292 11.9376905064275 4.52887455842878
2.87559 10.2427106463373 4.19490793653436
2.88093 17.6476383057761 5.50589559221797
2.8836 13.944937206856 4.89415591577341
2.88627 45.6984955176267 8.85942047652101
2.88894 24.572894176525 6.49631927038162
2.89161 80.6318987278283 11.7673180134267
2.89428 43.8657949950925 8.67904399642263
2.89695 57.6134307919153 9.94616353956818
2.89962 40.1618048652716 8.30395910014133
2.90229 53.7432205404233 9.60569149254434
2.90496 29.5931261279393 7.12771640746754
2.90763 40.3177376530419 8.31938581072754
2.9103 18.4230102629006 5.62356452544192
2.91297 53.9880050345355 9.62649573263115
2.91564 29.6861190573933 7.13813063526173
2.91831 67.998516428872 10.8030327808344
2.92098 10.3910781097153 4.22293576188778
2.92365 107.214992281782 13.5643855117663
2.92632 26.870925079218 6.7905017887323
2.92899 1.70756553368658 1.71173859268486
2.93166 1.34931716421853 1.52157711370575
2.93433 29.9592792054678 7.1695321588385
2.937 45.7206053311354 8.85664656832311
2.93967 71.0076370481571 11.0370764142415
2.94234 10.5503703013109 4.25425541762376
2.94501 82.28196036314 11.880376762669
2.94768 33.4163859039226 7.57087064950582
2.95035 20.2399387010393 5.89194754803701
2.95302 3.06089286757107 2.29121860805042
2.95569 14.4193432597087 4.97282745129899
2.95836 8.32305911033145 3.7779858385304
2.96103 0.768878600183512 1.14824855762315
2.9637 0.607567343758405 1.0206866115908
2.96637 6.31196078730766 3.28977000938067
2.96904 41.4878164469251 8.43396634537549
2.97171 63.0164332138243 10.3940946381324
2.97438 23.8899291641273 6.3996374488531
2.97705 20.2759929710025 5.89558883641594
2.97972 8.72325245492343 3.86690518603819
2.98239 46.0127502967391 8.88078957472543
2.98773 47.8517425092517 9.05602725507132
2.9904 13.4232461565894 4.79629401897626
2.99307 36.9757659449953 7.96019649457102
2.99841 30.4899040475962 7.22802392415194
