-0.19988 27.6661471411576 7.59762454251376
-0.19462 31.1438103709279 8.06259193717447
-0.19199 56.9865686525079 10.9073112898695
-0.18936 10.7573856764829 4.73944472851036
-0.18673 37.1924287405581 8.8134104002172
-0.1841 15.6965324252574 5.72613004525235
-0.18147 44.878892306007 9.68329192352641
-0.17884 72.3893082115681 12.2993391996283
-0.17621 71.8567015831373 12.2552112561193
-0.17358 0.242757589613957 0.712387286409544
-0.17095 14.6538972093379 5.53539864204875
-0.16832 68.0826835918087 11.9325493058232
-0.16569 65.156646341718 11.6744607628186
-0.16043 2.33210622015534 2.20910691346058
-0.1578 46.7052067195757 9.88707342257532
-0.15517 5.21414033042796 3.30383993317618
-0.15254 34.4625948827691 8.49462379896349
-0.14991 40.0859280560272 9.16238734416873
-0.14728 86.2014021947398 13.4373103303115
-0.14465 46.1432259736126 9.83222155218958
-0.14202 26.3072991934212 7.42468956704985
-0.12887 10.3877216072281 4.66780429075693
-0.12624 25.3500256306738 7.29262913809181
-0.12361 5.19677431291616 3.30220694179096
-0.12098 46.5615241653188 9.88538013300332
-0.11835 52.4247418354311 10.490358850878
-0.11572 80.9846791985868 13.0396529682544
-0.11309 83.6152039329092 13.2510296160442
-0.11046 35.4818469406591 8.63281623728416
-0.10783 106.337300078469 14.9463305591187
-0.1052 16.1285414666498 5.82145693128712
-0.10257 20.9574791977442 6.6366058822526
-0.09994 26.345975907956 7.44176595441843
-0.09731 2.53702636990366 2.30946813814723
-0.09468 44.5623653307349 9.67971295903376
-0.09205 57.8013686311865 11.0249415568224
-0.08942 41.2262238467948 9.31156937141976
-0.08679 115.671334749814 15.5983206531413
-0.08416 3.43199018448497 2.6869949535977
-0.08153 44.6900772306689 9.69679563897077
-0.0789 52.0022204770678 10.4607419452655
-0.07627 103.11237344571 14.7311206591716
-0.07364 39.5770464717538 9.12706055487904
-0.07101 131.702127722632 16.6507760583934
-0.06838 63.4319447295897 11.556356646461
-0.06575 92.6148489659653 13.9648433899958
-0.06312 3.57334759084032 2.74322999751604
-0.06049 73.8389452054014 12.4708529692718
-0.05786 147.816230668311 17.6458792170316
-0.05523 175.114949914584 19.2075809576898
-0.0526 183.890271424282 19.6842672655613
-0.04997 168.679095806708 18.853818435792
-0.04734 164.384612257126 18.6135014472988
-0.04471 123.062763900443 16.1060718979627
-0.04208 169.956301865943 18.9288285684609
-0.03945 173.872186359283 19.1469214742275
-0.03682 221.379339179064 21.606341443506
-0.03419 318.513162697231 25.9182200628168
-0.03156 350.052063173387 27.1729373194975
-0.02893 374.489492059582 28.1072829603767
-0.0263 369.000451475392 27.9023816184575
-0.02367 588.10618527198 35.2277149000213
-0.02104 656.407424921221 37.2196351839235
-0.01841 632.47927735351 36.5373702603733
-0.01578 794.681851189918 40.9580758323548
-0.01315 851.934842147912 42.410642042439
-0.01052 855.93992326217 42.5130294567258
-0.00789 890.648554867603 43.3692934395867
-0.00526 970.963073224283 45.285510414866
-0.00263 936.845144238458 44.4857133240749
-0 1014.81793825248 46.3027972902483
0.00263 1036.29759826197 46.7922964067457
0.00526 1031.19825350726 46.6790650436528
0.00789 1125.11484535372 48.7605326391702
0.01052 975.704135185816 45.4096373730189
0.01315 969.370826026325 45.2639947114835
0.01578 756.213868439364 39.9805873357784
0.01841 669.263932099017 37.6135655345115
0.02104 606.161006684014 35.7979973938923
0.02367 485.916361918533 32.0526864425361
0.0263 443.396542223358 30.6195470601118
0.02893 332.794768889424 26.5283227461786
0.03156 258.066680799868 23.3618079435648
0.03419 240.26606330952 22.5426843633155
0.03682 126.616689570706 16.3652943908333
0.03945 80.6133900430935 13.0587277160574
0.04208 36.1993342887683 8.75117752016818
0.04471 65.7508764518843 11.7946728940125
0.04734 93.0415861194783 14.0311285915637
0.04997 25.1902349507646 7.30111323279461
0.0526 37.1052721099697 8.86155028669982
0.05523 82.8884318384454 13.24517732559
0.05786 90.3612219336759 13.8299554347699
0.06049 38.6245104270915 9.04232563744188
0.06312 27.0156876322875 7.56267742737663
0.06575 53.9486044215537 10.6875112218889
0.06838 66.6980112223868 11.883977746236
0.07101 27.2929519751176 7.60237963131737
0.07364 136.002061683733 16.9713328459693
0.07627 18.0441085668452 6.18201176181566
0.0789 69.8127277711927 12.160412847988
0.08153 91.478865002222 13.920675265643
0.08416 59.4100809738385 11.2188642298752
0.08679 145.596791878302 17.56360343093
0.08942 125.117669121897 16.2823070475553
0.09205 11.4099603962438 4.91719671257908
0.09468 166.504816731802 18.7848533766976
0.09731 62.6224300894237 11.5206838839501
0.09994 114.057735479558 15.5487172366202
0.10257 142.330151107073 17.3699555227974
0.1052 192.789219231294 20.216637072998
0.10783 188.037964835973 19.9667602633345
0.11046 149.06598064165 17.7783475388941
0.11309 258.1657167436 23.3974588890688
0.11572 209.939534607377 21.1000657709673
0.11835 212.156453350081 21.2120236040306
0.12098 132.847200381656 16.7860095061373
0.12361 170.692787640227 19.0281308242373
0.12624 87.2445539168061 13.6042619805274
0.12887 187.021272170134 19.9190492678986
0.1315 300.591557255713 25.2539181816394
0.13413 348.818440910463 27.2055414917512
0.13676 320.038258578171 26.0600881381238
0.13939 318.932727688956 26.0160733240475
0.14202 368.410841791175 27.962479426321
0.14465 430.626299411455 30.2327060821138
0.14728 480.138270932196 31.9247259940641
0.14991 502.504704966819 32.6611408501019
0.15254 501.573299953175 32.6321550456168
0.15517 633.694427240852 36.6805433299206
0.1578 740.83917460888 39.6620401178404
0.16043 930.028698912021 44.4404571156293
0.16306 1128.18726210368 48.948366075921
0.16569 1335.55986030091 53.2594334278185
0.16832 1633.80578911222 58.9090930795327
0.17095 1737.08437297058 60.7449019025106
0.17358 1861.27052084974 62.881281434656
0.17621 2042.04983399077 65.8668745722884
0.17884 2110.35404223919 66.9620593235455
0.18147 2165.30848857752 67.8310096857949
0.1841 2253.34099495317 69.1988857653514
0.18673 2203.18745821062 68.427175953116
0.18936 2232.09913285964 68.8774211194017
0.19199 2216.83990548988 68.6443109580244
0.19462 2182.81690738985 68.1182188947615
0.19725 2105.74542880604 66.9075004773571
0.19988 2033.38053041297 65.7500975831771
0.20251 1882.11406542655 63.2583730271895
0.20514 1662.27906250205 59.4504287801838
0.20777 1345.29040397775 53.4834017157665
0.2104 1147.22351788983 49.3904514806085
0.21303 937.140458369928 44.6405251048911
0.21566 828.005110161209 41.9615415180853
0.21829 686.750710594407 38.215756329218
0.22092 610.052137512737 36.0192239403648
0.22355 500.703769766501 32.6324198161755
0.22618 363.733360121583 27.8136759230671
0.22881 217.566694809188 21.51151528259
0.23144 241.464656682483 22.6625907124953
0.23407 261.878309522379 23.6015489844
0.2367 167.029810320578 18.8493209438329
0.23933 136.563973360262 17.0441269243123
0.24196 75.4942674623658 12.6727727567134
0.24459 84.0636406059734 13.3729348432688
0.24722 194.193482299829 20.325813094416
0.24985 119.361977717303 15.9357158458083
0.25248 85.3889096450117 13.4786773999142
0.25511 53.6665440212888 10.6857824945976
0.25774 30.6632453111075 8.07739915564296
0.26037 133.496202192203 16.8540745785433
0.263 100.828695861108 14.6477358895809
0.26563 162.55536397763 18.5988909292692
0.26826 82.1263471735352 13.2201267068726
0.27089 134.554160582419 16.9219691423481
0.27352 162.814523254536 18.6147356295717
0.27615 118.78852252336 15.9003070237077
0.27878 155.292115918463 18.1802956582694
0.28141 164.567927987317 18.7157315062089
0.28404 109.543468932049 15.2698727491759
0.28667 175.539628101327 19.3302614069295
0.2893 177.44081551482 19.4350145175632
0.29193 160.426178680249 18.4800734448991
0.29456 94.8076814774378 14.2067848253811
0.29719 161.642655919125 18.5506868589696
0.29982 197.18553922428 20.4893179819247
0.30245 245.557503479218 22.864591106261
0.30508 243.441244396739 22.7654849258914
0.30771 207.883326773858 21.0369437791532
0.31034 235.163554777473 22.3743700394954
0.31297 136.375141404389 17.0383056942003
0.3156 176.396087541543 19.3774338792255
0.31823 285.672613705929 24.6592057337077
0.32086 300.681040321334 25.2982681752412
0.32349 244.347147973602 22.8052268656345
0.32612 230.99973282438 22.1732568723302
0.32875 311.947286324914 25.7666136053883
0.33138 229.185801374298 22.0853142058696
0.33401 348.379690161919 27.2288394567687
0.33664 263.637086243507 23.6863944495066
0.33927 173.675903649786 19.2246515940195
0.3419 235.425613926416 22.3824971756468
0.34453 326.213580288527 26.3466674035442
0.34716 420.29719941396 29.9051445887384
0.34979 458.785171773659 31.2439067140068
0.35242 449.658840326736 30.9310883502776
0.35505 493.362836847416 32.3988680344358
0.35768 331.797705879176 26.5690665706563
0.36031 444.800812523116 30.7620575403815
0.36294 474.17696130825 31.7611197548918
0.36557 555.67054787023 34.3816928497589
0.3682 602.807335605018 35.8097110990055
0.37083 521.816791819429 33.3168216466944
0.37346 507.837257739555 32.8669802848085
0.37609 489.321289235598 32.2617235433404
0.37872 472.657096182615 31.7071046511921
0.38135 415.071044743893 29.7123976514711
0.38398 346.83292410697 27.1599910838514
0.38661 303.284798992728 25.3973129535395
0.38924 285.683563734904 24.6489293697514
0.39187 209.476814935358 21.1065085444152
0.3945 275.242833770813 24.193539551977
0.39713 292.730210165216 24.9498624981663
0.39976 301.991306517467 25.3410489643859
0.40239 210.291678082205 21.1457137304442
0.40502 198.495067055105 20.543184347217
0.40765 167.214881265307 18.8543673385761
0.41028 187.276838389872 19.9525373391277
0.41291 124.930352564043 16.2956494996539
0.41554 110.676413688232 15.33722624206
0.41817 108.596413756467 15.1917784429532
0.4208 75.4468419660974 12.6620201098579
0.42343 102.896049224845 14.7864324684644
0.42606 117.339956146741 15.7895081415949
0.42869 165.073974275529 18.7269275134781
0.43132 47.1992883528061 10.0132840143032
0.43395 19.2263450730997 6.39055765756065
0.43658 56.893278060127 10.9926512606233
0.43921 83.1162676429611 13.2860709326577
0.44184 21.7679476672727 6.79898166308131
0.44447 0.915755495477715 1.39446131296761
0.4471 56.4385583398828 10.9467760446503
0.44973 162.849915160228 18.5940338893358
0.45236 83.1596882857093 13.2867219663986
0.45499 57.1112806987556 11.0104213704776
0.45762 43.9389808919695 9.65716269293004
0.46025 75.0155521830938 12.6177459683758
0.46288 57.4709936645983 11.0436349400116
0.46551 142.104630746388 17.3649432140387
0.46814 25.0200112678185 7.286090550114
0.47077 15.7785075558748 5.7858255487135
0.4734 3.9334606969689 2.88869267256866
0.47603 2.1834341352451 2.15211530969536
0.47866 77.7141777921087 12.8388809774212
0.48129 32.9610169464086 8.36101301527119
0.48392 53.2534536540702 10.6270821941713
0.48655 89.439477528232 13.7716611311401
0.48918 105.060915313503 14.9253264933828
0.49181 57.9645363129363 11.085772978693
0.49444 97.8263929871667 14.4010568168211
0.49707 149.959219368784 17.8293074195215
0.4997 224.68982054649 21.8233354983022
0.50233 97.7864240420231 14.3962988566376
0.50496 85.7456460992671 13.4803114559345
0.50759 108.341380829326 15.1521194793475
0.51022 116.513569942375 15.7125535645216
0.51285 122.812804261957 16.131050576738
0.51548 176.514243142323 19.3380650628699
0.51811 106.410504569508 15.0140445516723
0.52074 166.083269462258 18.7564524190215
0.52337 200.2358739498 20.5940141657673
0.526 162.619716315721 18.5583332007713
0.52863 159.377156298539 18.3716307803871
0.53126 124.900598282264 16.2629465016275
0.53389 214.370088035556 21.3049916265194
0.53652 143.061737241015 17.4037694372744
0.53915 161.210314868445 18.4739721611293
0.54178 187.065525374508 19.8995404469209
0.54441 164.788827117105 18.6763646292782
0.54704 168.553492101697 18.8877242557038
0.54967 192.539604231618 20.1861309319716
0.5523 126.718043111764 16.3754999420096
0.55493 88.2395669432769 13.6643605291459
0.55756 153.222389765448 18.0053277690909
0.56019 143.983546856867 17.4533434921945
0.56282 86.1015491404574 13.4961522718756
0.56545 135.207109779252 16.9116715311086
0.56808 65.0311444321875 11.7281564477493
0.57071 96.1050750016138 14.256879981859
0.57334 101.778271648563 14.6710483191574
0.57597 29.2382497855426 7.86305973923863
0.5786 50.3039316239789 10.3133351271875
0.58123 132.682943822039 16.7489655503533
0.58386 62.6166694026298 11.5055582384701
0.58649 31.3673540578946 8.14299049827978
0.58912 8.33889942215407 4.19837882745941
0.59175 65.6404494222598 11.7786440378285
0.59438 67.182490341847 11.9157076918967
0.59701 79.5651513080484 12.9668803705458
0.59964 4.38895670525797 3.04534290894204
0.60227 29.1326713457051 7.845480460663
0.6049 54.3865811341958 10.7188724669545
0.60753 78.2415551550599 12.8557018590482
0.61016 31.2448845451329 8.12344687492289
0.61279 5.57467406577118 3.43110846461516
0.61542 18.2121674477323 6.20125150639558
0.61805 29.0859759357905 7.83635616382051
0.62068 8.30854083626886 4.18801800981252
0.62331 155.429977507158 18.1128739618729
0.62594 70.1904286347674 12.1711812232149
0.62857 33.7652427948056 8.44116764412022
0.6312 95.7125296246645 14.211037539509
0.63383 119.651262466838 15.8881682868447
0.63646 236.234741396639 22.3234270707246
0.63909 101.639886039951 14.641813208009
0.64172 58.7959911793914 11.1355180197065
0.64435 170.183375068353 18.9438793734338
0.64698 55.6473807809301 10.8319463590951
0.64961 104.557677401783 14.8469033268833
0.65224 41.0648383575974 9.30393682483578
0.65487 160.020587262137 18.3651042405173
0.6575 94.2030733076204 14.0900253426119
0.66013 136.560835144232 16.9635244067061
0.66276 101.808754309535 14.6460101939878
0.66539 64.8963321078041 11.6925869234045
0.66802 142.277539523452 17.3118094200778
0.67065 62.8763583449859 11.5077848686665
0.67328 44.1508853930424 9.64254122888363
0.67591 200.869919888512 20.5661499270244
0.67854 220.188434505386 21.531116035187
0.68117 139.45375605274 17.1339754277945
0.6838 152.916749064609 17.9409030325218
0.68643 93.8187290099238 14.0519073927572
0.68906 83.7142217375305 13.2728400580222
0.69169 52.2232186661277 10.4826186303106
0.69432 100.475932731076 14.5392738908821
0.69695 88.3721502294955 13.6346228316424
0.69958 106.556942781908 14.9708345615203
0.70221 129.806767017935 16.5221117411183
0.70484 176.82943183247 19.2821701266018
0.70747 120.520198399293 15.9173326703023
0.7101 51.6341297345986 10.4176685972277
0.71273 24.3983648797418 7.16051392948463
0.71536 183.846340953124 19.6540948482782
0.71799 126.079440394296 16.2745654443028
0.72062 133.257011665122 16.7299254428254
0.72325 104.09179320425 14.7849178159566
0.72588 81.0511827060339 13.0452390010291
0.72851 58.1688770607369 11.0504353328905
0.73114 132.539039853813 16.6789088896787
0.73377 48.3715148836147 10.0751667475252
0.7364 87.3142839466565 13.535107576285
0.73903 47.1974744842067 9.95038997993098
0.74166 66.265504141627 11.7892486294139
0.74429 21.6833222597874 6.74321381802992
0.74692 60.6467340059336 11.2763712508556
0.74955 54.2744835090004 10.6665785951074
0.75218 50.4497842141411 10.2829700098108
0.75481 27.9205871836337 7.64914342525273
0.75744 37.5087602946765 8.86499503624234
0.76007 0.407990697048975 0.924482886151158
0.7627 56.8494510473008 10.9118523512
0.76533 38.8446917581629 9.01909109930082
0.76796 31.3439862504885 8.10094403308904
0.77059 57.666035824715 10.987025778377
0.77322 25.3625158145782 7.28580981479055
0.77585 11.8250508101248 4.97444617726452
0.77848 42.5507410817156 9.43535726824576
0.78111 5.79739234253788 3.482432291516
0.78374 22.638649418529 6.88102498916868
0.78637 41.2374308974916 9.2861397375442
0.789 41.6163567973283 9.32788048072468
0.79163 11.8106621774168 4.96877796147088
0.79426 21.7663129464953 6.74475869212747
0.79689 41.9030880671984 9.35747134337794
0.79952 0.479412807179476 1.00081039822403
0.80215 36.0910740373258 8.6825672201178
0.80478 23.27745185931 6.97181367927298
0.81004 22.2366871557627 6.81196853884727
0.81793 17.7456869264674 6.08237416690488
0.82056 54.5143970373234 10.6588904295701
0.82319 35.8850115902044 8.64654448271071
0.83108 34.3522240195206 8.45575239484722
0.83371 36.609656868583 8.72774821402782
0.83634 0.50135458515984 1.02118964970932
0.83897 29.7501086879971 7.86516238202592
0.8416 28.4242842546608 7.68665992258687
0.84423 74.4134403431139 12.4350647403544
0.84686 74.6206845912967 12.4503457157929
0.84949 52.7084988974405 10.4621642747927
0.85212 0.291376988303105 0.777746790585356
0.85475 17.2425445111971 5.98192066842992
0.86264 11.6780770844806 4.92054953457864
0.87316 20.384357089727 6.49670903979684
0.87579 2.69615246044277 2.36236127838845
0.88105 0.261832332763237 0.735942746256392
0.88368 16.0730815800343 5.76515623491941
0.88631 39.0556854256717 8.98530307625337
0.88894 40.1359783358744 9.10723606834265
0.89157 94.9914120189745 14.0084758097873
0.8942 48.8114662694909 10.0401144181021
0.89683 71.2241107795534 12.1260750629458
0.89946 105.762407435175 14.7741115667574
0.90209 21.323048335339 6.63274205978773
0.90472 73.7936007438149 12.3374993924609
0.90735 15.0639882970932 5.5736166731869
0.90998 43.1349924758191 9.43042535983166
0.91261 39.9675469584188 9.07652191766454
0.91787 16.5918049384449 5.84670369658351
0.9205 20.1050145445808 6.4352544494172
0.92313 76.2551360574858 12.5313345778895
0.92576 69.1666424709199 11.933294490544
0.93102 0.1717517426708 0.594512544852353
0.93365 11.0245425168239 4.76255424677892
0.93628 96.637041170486 14.0987512272473
0.93891 37.2144409311911 8.74810045012361
0.94154 0.361142394540105 0.861680793403478
0.94417 21.9055858771376 6.71017374215303
0.9468 31.5864133226134 8.05667094472846
0.94943 25.5162959394524 7.2404142299287
0.95206 67.5312436614957 11.7775806998197
0.95469 84.8066448727803 13.1967734333663
0.95732 19.2913104301971 6.29336292647214
0.95995 48.2684868139805 9.95366077447064
0.96258 19.4262074125364 6.31384728613809
0.96521 84.1346901158941 13.1382242244156
0.96784 45.4989613054676 9.66048445626107
0.97047 49.4251716747768 10.0674919580119
0.9731 10.727024298308 4.68960054466734
0.97573 6.03432245792008 3.51689567486582
0.97836 32.9499240671437 8.21715416385104
0.98099 25.7746463508371 7.26673911492742
0.98362 31.3035748126216 8.00735628095506
0.98625 27.8976535975856 7.55831494638476
0.98888 60.5723996843991 11.1359554493532
0.99151 68.9974316624029 11.883804399692
0.99414 55.7907138124288 10.6848619840798
0.99677 0.47822847917962 0.989132766500278
0.9994 38.6582221927046 8.89214859031259
1.00203 32.3420875117795 8.13427074106955
1.00729 15.0306091795943 5.5467290388666
1.00992 6.25314060179749 3.57811886821889
1.01255 11.4498104877815 4.84241280190602
1.01518 38.1247133292484 8.83736781505868
1.01781 47.1778046389529 9.83208136950894
1.02044 63.782792148543 11.4336609996911
1.02307 32.2514057101181 8.1313902600543
1.0257 53.6799035120512 10.491878729554
1.02833 22.5496923711682 6.80102878019677
1.03096 29.4982798416057 7.77964062848929
1.03359 47.1737307989187 9.83939001370704
1.03885 1.5519278765981 1.785120478724
1.04148 91.8909115568173 13.7380430680349
1.04411 27.7291454236436 7.54768297226944
1.04674 0.304190406662402 0.79063304674854
1.04937 18.1120768932322 6.1015913381452
1.052 30.2353736649036 7.88448678282652
1.05463 16.0691001924905 5.7486821002068
1.05726 50.6217974884383 10.2046481293352
1.05989 60.1626866482695 11.126269849942
1.06252 42.6615872954652 9.37046607580219
1.06515 136.397964635116 16.7572723280707
1.06778 27.7414100201637 7.55823391718397
1.07041 39.4650889734606 9.01611145153872
1.07304 58.7828609609834 11.0051188926632
1.07567 109.785965139896 15.0417867412547
1.0783 82.599312713356 13.048808360087
1.08093 55.3919201145622 10.6871634708618
1.08356 21.2558945306391 6.62118202445939
1.08619 0.715147177023508 1.21464712143916
1.08882 4.0833873501826 2.90281435857512
1.09145 37.7583789304206 8.82820055675563
1.09671 29.7589603847399 7.83948347113519
1.09934 35.5629204265277 8.57104516102591
1.10197 0.798150718966905 1.28437272263661
1.1046 48.1374254772848 9.97848443991926
1.10723 50.5133244765251 10.2258761038497
1.10986 3.75003022593671 2.78733514261618
1.11249 0.301727737172956 0.7909582134557
1.11512 17.875185491683 6.09039103443995
1.11775 0.199483406463724 0.643646073232
1.12038 11.8179334652936 4.95607881996873
1.12827 11.0918114946298 4.80716398114568
1.1309 19.1583867704298 6.3203380760137
1.13353 6.12066497687002 3.57382392251772
1.13616 72.5448600686354 12.3086391453367
1.13879 88.4925602235012 13.5998095617625
1.14142 6.88754803868839 3.79563428766935
1.14405 0.514177759231223 1.03748336268692
1.14668 31.6859018012334 8.14760288205381
1.14931 72.5612392431871 12.3344942244176
1.1572 4.96064497185835 3.22889412847734
1.15983 32.8364308514172 8.31063758384341
1.16246 12.9284213288056 5.21675718302297
1.16509 14.5363855263138 5.53385095988774
1.16772 16.9914385999803 5.98529485525136
1.17035 60.6308448578752 11.310671327984
1.17561 27.374932177428 7.60606250947608
1.1835 49.2424118614826 10.2132674203842
1.18613 50.6688530152736 10.364202140342
1.18876 19.0445218692466 6.35653634130115
1.19139 39.1983646334075 9.12303829153972
1.19665 0.414833852249981 0.939252309152075
1.19928 25.1909457527718 7.32212334722282
1.20191 47.3317936104601 10.0408981182007
1.20454 34.0418366265378 8.51891446175896
1.20717 60.7227986832083 11.3824353040764
1.2098 18.4247475278509 6.27251135864109
1.21243 100.229885174689 14.6359370119494
1.21506 31.9083330695429 8.26142670626949
1.21769 1.6245367910587 1.86487059532098
1.22032 51.7980756752771 10.5346841087112
1.22558 25.4727376718916 7.39373061413078
1.22821 3.34134369734906 2.67896300050073
1.23347 22.6825958576379 6.98574496631654
1.2361 29.1641798603781 7.92448620112379
1.23873 55.7444368041146 10.96040815581
1.24136 4.01445103645154 2.94251460264648
1.24662 0.628906919461134 1.16562123756704
1.24925 54.2382502626781 10.8291966191483
1.25188 45.0832497573934 9.87711252569421
1.25451 63.5390588673142 11.730637836941
1.25714 71.8671189558833 12.4808755218945
1.25977 51.3635786627445 10.5556776930538
1.2624 20.242637975495 6.62934224422862
1.26503 25.014623157426 7.37245490522253
1.26766 32.5631930818928 8.41505084970639
1.27029 29.8229430591029 8.05650101479821
1.27292 16.2276111601122 5.94533500596278
1.27555 35.3538621462785 8.77900183167045
1.27818 8.96165266188819 4.42179178798112
1.28344 0.397065475783157 0.931515142525055
1.28607 23.7450865933739 7.20647405479016
1.2887 76.794964654627 12.9652014719701
1.29133 39.5887955966362 9.31270502188863
1.29396 38.318274088653 9.16577797479651
1.29659 32.6104084595545 8.45903846619998
1.29922 20.475758876703 6.70562492655501
1.30185 24.8508918319727 7.38822976478291
1.30448 0.139351658098492 0.553307232688629
1.30711 42.9709672848633 9.71714554269234
1.30974 125.396211390416 16.6009984262915
1.31237 79.7205722984791 13.23786826669
1.315 80.9966792164523 13.344653469293
1.31763 12.546694313347 5.25265875561656
1.32026 0.967785674701554 1.45896525990143
1.32289 23.8720573165631 7.24671363904696
1.33078 0.834405277719942 1.3552115987872
1.33341 53.2329264325167 10.8255394915089
1.33604 14.325706923177 5.61640206216505
1.33867 45.1874344118515 9.9758468892728
1.3413 0.263767337104956 0.76224082625177
1.34393 15.6167227429929 5.86566704239859
1.35182 1.47262174349259 1.80173240942813
1.35445 88.4597733941673 13.9655590482239
1.35708 116.662150924153 16.0395110093322
1.35971 42.882166602682 9.72534925772403
1.36234 47.3206766652201 10.2172265868383
1.36497 78.2130330404804 13.1367463020664
1.3676 19.4409573838998 6.55009747103629
1.37549 42.0315670055685 9.63382498841017
1.37812 2.80162560816392 2.48746323246201
1.38338 37.7871679265178 9.13703078531518
1.38601 21.5443733743639 6.89986329376519
1.38864 17.8917110556265 6.28839942546411
1.39127 35.3428441552826 8.83904918174334
1.3939 2.41500284962182 2.31075680053657
1.39653 13.3233618267629 5.42803867242925
1.39916 29.0158709090794 8.01114192123732
1.40179 0.345970855814416 0.874420811301798
1.40442 20.5350810003756 6.73394483334388
1.40705 15.1014107478211 5.77232230562011
1.40968 69.0479417437033 12.3377936056171
1.41494 57.4083813563741 11.2406124907869
1.42283 60.9233255297815 11.5652039282672
1.42546 80.6866288207827 13.3039836615765
1.42809 0.329017648053552 0.849199612584822
1.43072 67.4348609302462 12.1523857328933
1.43335 79.7555489313365 13.210484291055
1.43598 50.2199912943525 10.4784108286346
1.43861 15.0841441954297 5.74032012016281
1.44124 0.19195474097749 0.64728227405297
1.44387 11.3533216836179 4.97592848628358
1.4465 0.281620437019458 0.78336282218407
1.44913 16.6566499806979 6.0220279075215
1.45176 0.0105090356287416 0.15119877593032
1.45439 51.8792629221073 10.6189480912602
1.45702 0.391193657107767 0.921718075991137
1.45965 47.8824208972239 10.1931332631238
1.46228 9.78534890864788 4.60601243594853
1.46491 88.2364192269587 13.8254102891852
1.46754 0.471811591775486 1.01054435958911
1.47017 28.5217110390438 7.85372518852901
1.4728 36.4466571808777 8.874286449871
1.48332 2.23264931482579 2.19270402673061
1.48595 58.5031048864646 11.2195417115481
1.48858 16.465238227331 5.94956775816011
1.49121 2.43374540746778 2.28641240419877
1.49384 21.7489717459424 6.83206189727374
1.50436 25.9776904552206 7.45005861849528
1.50699 56.1039128997522 10.9402247817834
1.50962 34.2045289459073 8.53574088878381
1.51225 0.650235607517502 1.17599109766025
1.51488 47.1042373807401 10.0015517793028
1.51751 39.0059280820422 9.09433483793793
1.52014 39.5005170384674 9.1448112894743
1.52277 69.8775048236002 12.1537211643003
1.5254 8.18881271239184 4.15736110450884
1.53066 37.1689774561861 8.84360747945751
1.53329 21.6836698155732 6.74948611010436
1.53592 73.0104317306981 12.3754619716382
1.53855 5.36716050484434 3.35278250009247
1.54118 61.4358535145703 11.3346377570118
1.54644 0.145145248829939 0.550077342260483
1.54907 50.971774490354 10.3002853908911
1.5517 19.6270881428944 6.38666045785445
1.55433 53.951694412711 10.5805785885336
1.55696 2.03749582329444 2.05454514213858
1.55959 21.6963358861486 6.69916141042784
1.56222 24.297665305713 7.08384260316193
1.56485 74.6088276850477 12.4033954239901
1.56748 8.95706030928826 4.29424229231377
1.57011 43.0610574569038 9.40814314830632
1.57274 29.6382517211845 7.79911094024385
1.57537 87.8992947844723 13.420484538305
1.578 100.592630647132 14.3454684153554
1.58063 40.3412640088341 9.07741114244347
1.58326 31.0644599313185 7.95928795141031
1.58589 24.23017547149 7.0238479501216
1.58852 33.7931243098483 8.28829028371437
1.59115 65.2021205157417 11.503633746953
1.59378 14.7038558264861 5.45849171920794
1.59641 31.0420805723303 7.92473493266634
1.59904 8.11771718561188 4.04928207143078
1.60167 1.7496740529804 1.87843891669431
1.6043 71.4727928499391 11.9964161627708
1.60693 75.2958058680031 12.3034996224674
1.60956 58.5672233616723 10.8425686043348
1.61219 16.2570157942248 5.70803123400367
1.61482 41.6449103015791 9.12866833421449
1.61745 102.35698209974 14.3003018169701
1.62008 39.8509971180416 8.91590710084202
1.62271 8.5981082947171 4.1381509651915
1.62534 1.34766014270463 1.63701804515858
1.62797 45.4919112232764 9.50360172494933
1.6306 25.0234092949004 7.04290284756584
1.63323 53.3648690746818 10.2769196736052
1.63586 51.765819066733 10.1137687556932
1.63849 3.26294769627373 2.53718550900409
1.64112 0.38235292843839 0.867829724572598
1.64375 22.5975305215584 6.66633904867399
1.64901 0.0423927890629488 0.288277297574161
1.65164 16.7831929697866 5.73132031484093
1.65427 0.0594509042323961 0.340838781444085
1.6569 12.2391191194786 4.88648623470338
1.65953 62.3978837143009 11.0244719567784
1.66216 0.310882364066005 0.777537988676564
1.66479 18.373155163854 5.97262970038635
1.66742 20.4178441229584 6.29112392088063
1.67005 52.5806300552841 10.0875384737209
1.67268 46.3358360168418 9.46191969733014
1.67531 30.6079911430359 7.68397679738471
1.67794 5.14753514679651 3.14858625082275
1.68583 14.8862000247903 5.34129197045493
1.68846 18.0532228020233 5.87728513474022
1.69109 17.6941041109268 5.81377331736309
1.69635 0.49540136429802 0.971201810450991
1.69898 59.4022905924418 10.6261303732375
1.70161 20.0919845415332 6.17616648652978
1.7095 6.31455168272091 3.4564603768918
1.71213 104.602221742187 14.0598639592819
1.71476 30.0655053473751 7.53346843748886
1.71739 33.7225759405562 7.97390131968614
1.72002 11.3350671907652 4.62031955684661
1.72265 19.5596501834892 6.06582246348216
1.72791 9.01624775955015 4.11357650914101
1.73317 40.6371097308388 8.72297058765136
1.7358 13.4065265113184 5.00736062576371
1.74369 0.262058902321328 0.698862321007129
1.74632 36.2203790643298 8.21136235538209
1.74895 65.1515576887787 11.0064529583912
1.75158 0.432751757006834 0.89650013892888
1.75421 33.5188050441894 7.88534807703594
1.75684 37.7938628642056 8.36821080530232
1.75947 31.3006535139981 7.61103536242369
1.7621 0.802565381516746 1.21801325765375
1.76473 69.365013446188 11.3168747193518
1.76736 21.9454329127389 6.36169014774005
1.76999 0.103154457472316 0.435901435993403
1.77262 18.0462781506087 5.76211185789534
1.77525 57.4568039916137 10.2754736973572
1.77788 38.0601156788698 8.3581300739252
1.78051 50.7660684513272 9.64724901477216
1.78314 23.6986145717066 6.58749875629092
1.78577 15.6116271226609 5.34349232985731
1.7884 4.55963190636123 2.88607577003425
1.79103 4.09305012004529 2.73279964002505
1.79629 0.0843346406595886 0.391804285348212
1.79892 5.22033214405718 3.08074496256496
1.80155 13.8426186370679 5.01418577546248
1.80681 0.188711415158631 0.58500183152232
1.80944 11.8787992149088 4.63956904645525
1.81207 42.3833799025762 8.76036634945851
1.82259 37.0428921565756 8.17726450573045
1.82785 3.41921165059408 2.48246642867763
1.83048 0.212365435492326 0.618435638363698
1.83311 12.7803196701913 4.79573880238318
1.83574 12.9536183602123 4.82627598205961
1.841 0.403080869403917 0.850699520355057
1.84363 23.8419983886915 6.54007865484609
1.84889 0.761888542092107 1.16820772093837
1.85152 2.71969716924844 2.2063061848614
1.85678 33.6266366112662 7.75191750289182
1.85941 43.8553374813449 8.84931017159217
1.86204 35.7762408287129 7.98962087308271
1.86467 49.5168170151955 9.39584138316973
1.8673 0.581590302348094 1.01788393493568
1.86993 34.4005186251551 7.82532546818542
1.87782 0.0358031977577269 0.252156822717538
1.88045 2.44056786419701 2.0810617131792
1.88308 19.0960747273723 5.81890322241388
1.89097 12.0632611830394 4.61944012410106
1.8936 78.9300205351998 11.8115560301605
1.89623 88.7507925346218 12.5199046546109
1.89886 6.90036096486558 3.48963148350182
1.90149 22.8894829933598 6.35342434651784
1.90412 22.6237281977403 6.31491526834899
1.90675 49.3370343323273 9.32325321360693
1.90938 48.557528917227 9.24708216886367
1.91201 38.4769530721888 8.22947600230389
1.91464 42.2972062971699 8.62627017128022
1.91727 7.46640707777729 3.62341738682369
1.9199 68.1549972532666 10.9447702899055
1.92253 85.0826581488905 12.2256945180252
1.92779 24.0812087193183 6.50103399582586
1.93042 25.5520265035055 6.69500699832974
1.93305 37.4983560577531 8.10848072629182
1.93568 30.5780283272149 7.32037074620816
1.93831 77.6623968067752 11.6634933060972
1.94094 43.8258564477143 8.75958067702269
1.94357 29.1883705478137 7.14690232652386
1.9462 15.4029936066933 5.19051258403286
1.94883 28.0085865571578 6.99758182489687
1.95146 25.916264678799 6.72950700738305
1.95409 68.3582162481561 10.9266495280203
1.95672 34.5446048785272 7.76562334619262
1.95935 20.5888877036507 5.99372970042697
1.96198 34.9448594421916 7.80668781733392
1.96461 8.81372555865868 3.91966838899724
1.96724 16.7575592334048 5.40342709463384
1.98828 0.458827896885632 0.892363431063202
1.99091 80.2700509383371 11.8001495497169
1.99354 60.1136796567329 10.2091887127752
1.99617 42.9913499688958 8.63155213220415
1.9988 61.7807538054382 10.3447187434928
2.00143 12.8166955296125 4.71077975159471
2.00406 36.3135483986395 7.92824363335784
2.00669 1.13464844690131 1.4012356060547
2.00932 12.5899780876958 4.66692511008532
2.01195 2.31145357812092 1.99939571311712
2.01458 21.8777610684227 6.15028742573916
2.01721 69.7463672001021 10.979752720319
2.01984 20.0411751839113 5.88479212030417
2.02247 0.293639195900927 0.712220220819273
2.0251 42.6002363219049 8.57730840162348
2.02773 20.0169850463198 5.87871046196862
2.03036 36.4596687842224 7.93280533466811
2.03299 36.9878940211121 7.98891722214434
2.03562 0.68081374370739 1.08370216113758
2.03825 58.8903646966828 10.0775636458306
2.04088 24.1837370407591 6.45702936210977
2.04351 52.2371598992246 9.48851925519791
2.04614 47.1854397390275 9.01675480694006
2.05929 24.302022072342 6.46628960461992
2.06192 35.1595898636116 7.7766639077254
2.06455 15.2144795386541 5.11490351661771
2.06718 9.8680804091712 4.11872393377679
2.06981 46.4956050885633 8.93901622260174
2.07244 6.20538500589461 3.26516814812121
2.07507 5.82248716838367 3.16237122146767
2.0777 7.99065265798404 3.70413734375843
2.08033 10.8793370607653 4.32150011176075
2.08559 5.69316298735452 3.1252501320561
2.08822 78.1956246587604 11.5807451278057
2.09085 105.894291913625 13.4746917089074
2.09348 26.2067428295017 6.70233842189856
2.09611 12.9037461317537 4.70235035396864
2.09874 5.85651492720047 3.16748040375856
2.104 0.235173845625593 0.634586773212262
2.10663 13.9186757347594 4.88153298059035
2.10926 17.3983750535816 5.45723141371836
2.11189 36.6710365113225 7.92210088387256
2.11452 26.7114199544448 6.76064304405122
2.11978 0.197341297781198 0.580991759337211
2.12241 30.0112736503694 7.16413757780714
2.12504 40.3084500002805 8.30195676437294
2.12767 7.68352089875798 3.62429269493315
2.1303 2.07344036205822 1.88256334969534
2.13293 0.609448461784906 1.02054700099
2.13556 69.6187673878223 10.9065744649138
2.13819 53.6562831403522 9.574060669134
2.14608 13.4952923347001 4.80019659220154
2.15397 0.290293005297426 0.703830513067818
2.1566 17.1808718057996 5.41418426714877
2.16975 4.00215092426955 2.6119219892094
2.17238 9.48713737995251 4.02107016370152
2.17501 0.135120613892472 0.479838885848122
2.17764 12.9257018239777 4.69269440601081
2.18027 48.1837507531258 9.05953845918788
2.1829 22.271022726922 6.15866255591093
2.18553 41.8806657053345 8.444689128421
2.19342 10.2768578703157 4.18204460753365
2.19605 11.1254763978891 4.35089212398295
2.20131 42.1683302518864 8.46909668770414
2.20394 41.5561365245383 8.40684673777759
2.20657 4.2996121489369 2.70396984414048
2.21183 33.6704877197139 7.56580609283562
2.21446 5.80989236661006 3.14257890132455
2.21709 32.6380392252128 7.4479339673677
2.21972 54.4711552064889 9.62118836199866
2.22235 56.672819930523 9.81306033201838
2.22761 29.1745453716507 7.03983307112047
2.23287 0.102654310669875 0.417534290764268
2.2355 6.07586042344533 3.21202607260002
2.23813 0.160366064281481 0.521798725374337
2.24076 13.6089552051833 4.80652026747312
2.24339 48.0390761998908 9.02999090146449
2.24602 30.4433355410205 7.18799400217095
2.24865 0.291290452322837 0.703066345946965
2.25391 53.5657796541374 9.53279120862573
2.25654 8.84746991811498 3.87398110358321
2.25917 11.6404766554387 4.44329260559219
2.2618 49.7029610736056 9.1808362347711
2.26443 5.29894886903786 2.99748865074541
2.26706 41.4437910147157 8.38231525640202
2.26969 13.5738204853344 4.796858083244
2.27495 0.242890043136559 0.641584401476548
2.27758 14.6649373334786 4.98494764515349
2.28021 26.9306284077307 6.75484348969149
2.28284 16.8693899690283 5.34580710273946
2.2881 18.7519964982709 5.63547380545656
2.29073 20.2616397464351 5.85754333075755
2.29599 15.0055681842139 5.04019685833243
2.29862 31.7015057845496 7.32542367757894
2.30125 23.5017188961621 6.30693407686566
2.31966 0.484601205923231 0.905373595766802
2.32229 4.56707288770112 2.77930083931224
2.32755 19.5129248317931 5.74433532282781
2.33018 9.82043571130881 4.0749752868662
2.34333 6.94383049840267 3.42581688618933
2.34596 1.00676751703163 1.30439816893188
2.34859 19.4321257117088 5.73042364336228
2.35122 0.255683288428606 0.65729258888076
2.35385 15.69430132717 5.14943458064755
2.35648 33.1685242655378 7.48570335308312
2.36963 0.334235937693036 0.751278596761123
2.37489 4.4847398391345 2.75172495461867
2.37752 42.9361352948366 8.5139058514997
2.39067 16.1152401967302 5.21483532802285
2.3933 18.3683699802855 5.5672212299665
2.40382 32.9196678695024 7.45182083580901
2.40908 0.42754483766718 0.849173751667041
2.41171 50.473045764035 9.2261605089777
2.4196 17.7125773900349 5.46498140364529
2.42223 13.7318115066588 4.81168559949346
2.42486 20.3692803800006 5.86012237614596
2.42749 0.0765125144792623 0.359145637386559
2.43012 4.52888061481037 2.76302814591351
2.43801 1.01742353566976 1.30947526975651
2.44327 32.8413816389337 7.43923266342614
2.4459 21.1526678107049 5.97015374339037
2.44853 0.522974157932789 0.938703772567026
2.45116 31.1028701371846 7.23892686744176
2.45379 34.0017856055379 7.56850886412793
2.45642 107.433230377228 13.4528495077054
2.45905 76.0141489926975 11.3156026729681
2.46168 40.6100509984055 8.27051857237802
2.46431 27.8105301807491 6.84393868621961
2.46957 0.636618325924278 1.03540926171191
2.4722 38.1787797622859 8.01805439862224
2.47483 29.3868006673781 7.03427962617684
2.47746 6.32892443276318 3.26432902966742
2.48009 8.46098441332409 3.77420004892615
2.48798 7.48755382690501 3.5501028103938
2.49061 3.06278472355068 2.27046431349905
2.49324 15.8606383474921 5.16656939220224
2.49587 9.57182881963671 4.01351497406104
2.4985 17.4340043662127 5.41640949556753
2.50376 13.1082578544881 4.69636096920451
2.50639 29.1980097466797 7.00897178980404
2.51165 53.915422433889 9.52382929263639
2.51428 106.915410297005 13.4110861785215
2.51691 60.2656888533819 10.0685647023262
2.51954 37.3813539644384 7.92955323184586
2.52217 96.0400203563998 12.7097213351789
2.5248 0.42969174523893 0.850113892355752
2.52743 31.6510271528948 7.2959393133329
2.53006 16.3874383662696 5.24966444337996
2.53269 37.7617106775408 7.96875616938932
2.53532 13.2188664060169 4.71466146405778
2.53795 72.0264015610673 11.0049472247603
2.54058 0.67745445439544 1.06726152725282
2.54321 40.1000454802217 8.21092211321025
2.54584 36.3551575458242 7.81791981835
2.54847 28.9940219563733 6.98153828708218
2.55636 7.69723322810636 3.59691603123904
2.55899 37.0931752668607 7.8958461187092
2.56162 14.3455315618901 4.91019438841647
2.56425 8.99477096003252 3.88798078483264
2.56688 13.5657795533174 4.77463442344894
2.57214 1.35195682344828 1.50721962376964
2.57477 24.1202783794817 6.36612228830893
2.5774 32.9946527845193 7.4455072280219
2.58003 14.2504829156444 4.89300870136645
2.58266 20.263664158278 5.83457027246707
2.58529 41.6457966805237 8.36419521303394
2.58792 80.7467833962938 11.646351020552
2.59055 36.1084391642235 7.78789889137024
2.59318 19.5231991203494 5.72637947422478
2.59581 0.461932522449493 0.880810712105808
2.59844 38.7886595114964 8.07113084766707
2.60107 32.369106740957 7.37289221641793
2.6037 22.5266677905335 6.15052440995117
2.60633 2.82276058710117 2.17716745121188
2.60896 0.0287430147608883 0.219690921397291
2.61159 1.70138252286618 1.69019991493419
2.61422 4.73660983141644 2.82008395779431
2.61685 5.87818761803123 3.14152914829239
2.61948 3.59708643161736 2.45745711588173
2.62211 0.176931192914987 0.545009224714627
2.62474 10.4730710878347 4.19304781337173
2.63 18.6946457651937 5.60187850499136
2.63526 13.2090809236417 4.70861997444293
2.63789 21.4837537676155 6.00486931418085
2.64052 0.290773222866464 0.698581079057933
2.64315 64.7862761155681 10.4273093627124
2.64578 34.439265720529 7.60236693257643
2.64841 46.8400272341138 8.86587472674852
2.65104 32.5390353774758 7.3893543484628
2.65367 8.69327201054003 3.81932772314721
2.6563 2.40346883583025 2.00819403554685
2.65893 3.54274540427196 2.43807763648579
2.66156 82.1159196954634 11.7376829239632
2.67471 12.8716961784866 4.64667444146829
2.67997 20.9116413677777 5.9224401319592
2.68523 37.9264870743072 7.97554166914922
2.68786 0.300959249936779 0.710450553963372
2.69049 18.4196114324317 5.55790822421874
2.69312 70.2247344178909 10.8519384274266
2.69575 31.5483816308419 7.27347482572419
2.69838 56.108968630325 9.69975285136027
2.70101 29.3412444441295 7.01414789294693
2.70364 39.6052190470173 8.14901710300309
2.70627 1.55704410927806 1.61574611390614
2.71153 0.952306980126525 1.26356745274077
2.71416 29.9383373433036 7.08463414422229
2.71679 0.288877471077108 0.695911587148324
2.71942 17.0996934710025 5.35408221000654
2.72468 25.4138537001151 6.52699707906655
2.72731 39.016206618388 8.08712801865901
2.73783 31.9819523830275 7.32147941710323
2.75887 47.6474540028173 8.9354273084152
2.7615 10.1691128670889 4.12791407780144
2.76413 0.846018725915131 1.1906188158854
2.77728 0.0834685910806228 0.373949093809323
2.77991 5.11816014994321 2.92820526184045
2.78254 10.498278876264 4.19369914463342
2.79043 26.7974999803127 6.69986834514956
2.79569 16.2638896720287 5.21937633037948
2.80621 24.810691674395 6.44615088402905
2.80884 6.60814116808081 3.32670553210029
2.81147 6.0989708056128 3.1959255580123
2.81936 0.354744340602144 0.77073864313046
2.82199 20.9985926636683 5.9297742974701
2.82725 1.97577837011999 1.81886106566302
2.83251 23.8203289888448 6.31526580878638
2.83514 14.4455954710034 4.91789387880284
2.83777 60.7980571108764 10.0890424770958
2.8404 67.4082755117087 10.6232005325454
2.84303 0.24872371230097 0.645284209585239
2.85355 13.3366926371048 4.72488449102105
2.8667 0.13674688400634 0.478403328831881
2.86933 8.09453948297298 3.68065588125913
2.87196 0.0921781416372196 0.392768622633291
2.87459 23.6573404985023 6.29215541072906
2.87722 4.85893098069673 2.85154686861957
2.87985 37.4929976157234 7.92097968872813
2.88248 73.2295084536005 11.069819647829
2.88511 67.9566777763477 10.6636829314228
2.88774 52.225974121157 9.3482021758797
2.89037 59.6124953392996 9.98727803374759
2.893 28.5736271057616 6.91440546822954
2.89563 26.5245972712256 6.66177903946984
2.89826 0.187374658923306 0.559905739309476
2.90089 26.7824746519011 6.69390066903796
2.90352 28.8561014881358 6.9481375878432
2.90615 82.7348035512755 11.7649306231097
2.90878 14.6057520890119 4.94313967167627
2.92456 0.0892090674865017 0.386295306389483
2.92719 23.1109603818798 6.2175544380409
2.92982 6.45053710669197 3.28476426320094
2.93508 0.650378584724957 1.04299138405741
2.93771 109.475213782099 13.53166300518
2.94034 19.6500136452741 5.73284722804493
2.95086 0.195710050444667 0.572108204319777
2.95349 11.8997265431393 4.46103642743417
2.95612 18.6433248974358 5.58373283418534
2.95875 7.9611446751841 3.64876901933541
2.96138 42.6879575084238 8.44903226693943
2.96401 36.5865673541403 7.82187336371702
2.97453 0.609391661324606 1.00944083531931
2.97716 27.7079618770862 6.80660538970922
2.97979 3.16592567755825 2.30077583236322
2.98242 1.37979594482376 1.51889253580647
2.98505 11.1265460511071 4.31315898879399
2.99294 0.550208418119349 0.959104429022315
2.99557 33.1338308617886 7.44275584984505
2.9982 33.4939782697332 7.48302128259998
