-0.19725 21.0136104182534 6.61957986601055
-0.19462 30.9663681247294 8.03645675413586
-0.19199 69.1310560201866 12.0086849710469
-0.18673 14.2076056766498 5.44500200022604
-0.1841 24.5156339670292 7.15316955557375
-0.18147 37.8849942762335 8.89303333537329
-0.17884 74.0520580249843 12.4343823787398
-0.17621 51.5555899598896 10.3760694605318
-0.16832 58.35545559026 11.0421512717477
-0.16569 34.2416767576375 8.45920951029943
-0.16306 52.0432592961665 10.4297480042376
-0.16043 95.2608565380792 14.1119850595072
-0.15517 45.9081148279062 9.79837745252559
-0.15254 8.05186569903554 4.10390189833834
-0.14465 30.6254705289059 8.00585781903522
-0.13939 23.6978994792921 7.04368455157043
-0.13676 29.0756779989506 7.8027757935005
-0.13413 43.7737264537782 9.57481048249439
-0.1315 9.24178875960623 4.3998782839039
-0.12887 15.6211203702308 5.72081551828576
-0.12098 14.0030741350272 5.41790187201566
-0.11835 42.4448498555625 9.43346241158674
-0.11572 34.4093574922767 8.49446592781953
-0.11309 30.1728373347153 7.95508895207803
-0.11046 18.3649916760399 6.20685347025599
-0.10783 17.8554900890207 6.12070101769413
-0.1052 65.9283639125709 11.7622545456128
-0.10257 83.597497548996 13.2461662761842
-0.09994 84.3672847816329 13.3081757430561
-0.09731 25.1678905808159 7.26927827376991
-0.09468 89.3548023018712 13.6981911832013
-0.09205 109.832662718163 15.1882036850844
-0.08942 4.74705673018194 3.15783361593876
-0.08679 66.7312295784033 11.8407160469894
-0.08416 96.6576219928913 14.2517376776841
-0.08153 97.5142004105371 14.3159461731935
-0.0789 125.929188948797 16.2699298268663
-0.07627 158.077902388553 18.230324730083
-0.07364 75.0208971614539 12.5599031018889
-0.07101 40.1844464880695 9.19306839173574
-0.06838 53.4680979767922 10.6051103260994
-0.06575 148.446310072198 17.6721279865177
-0.06312 54.7765478264629 10.7358834794638
-0.06049 93.4866563385501 14.0265732146665
-0.05786 31.552714800235 8.14950890543511
-0.05523 45.11711729882 9.74585715078697
-0.0526 81.5747421809293 13.1057993890486
-0.04997 108.693379532517 15.1294622519154
-0.04734 68.1569291931192 11.9815562931737
-0.04471 80.2353405532648 13.0010176556559
-0.04208 88.4049774790376 13.6480034534921
-0.03945 162.031117836523 18.4784798068042
-0.03682 251.835015788596 23.0388786923515
-0.03419 232.396818419925 22.1337305228493
-0.03156 269.118702700372 23.820326611595
-0.02893 416.618338401843 29.6402047636723
-0.0263 424.358697577064 29.9167762124239
-0.02367 495.808733670195 32.3401142388202
-0.02104 526.330310934127 33.3234434538457
-0.01841 597.933690973385 35.5208546557264
-0.01578 719.241182861325 38.9610250053657
-0.01315 775.768830018593 40.4664832899287
-0.01052 806.341138227353 41.2595896212555
-0.00789 940.114042376799 44.554538906567
-0.00526 954.194937153753 44.8907043705562
-0.00263 954.318041536347 44.8973397803419
-0 928.405782670032 44.2873196223308
0.00263 911.640061071957 43.8899746751022
0.00526 859.749516923364 42.6268011006336
0.00789 844.954961473085 42.2626462602766
0.01052 785.906381303175 40.7632159612898
0.01315 734.833777460453 39.4203707767263
0.01578 542.212528127142 33.8652301855841
0.01841 450.888214406516 30.88494268372
0.02104 380.259859359813 28.3658427491282
0.02367 333.764669116951 26.5777806850514
0.0263 211.16135632943 21.142134339889
0.02893 155.189188201078 18.1265604249444
0.03156 99.3246533292228 14.5029469594372
0.03419 97.3871838859518 14.3622235490084
0.03682 153.615848308482 18.0398046524274
0.03945 59.5991847194533 11.2376890212499
0.04734 5.5319329113482 3.4247142944088
0.04997 35.2181558596138 8.64195891620018
0.0526 37.6253351240289 8.93330309526888
0.05523 37.691635986081 8.94205538653636
0.05786 76.4445455847087 12.7359423694155
0.06049 87.9776497682378 13.6642869964849
0.06312 20.4000003302454 6.5804991802441
0.06575 7.14100937532637 3.89373598057894
0.06838 22.4201396619717 6.8999952789112
0.07101 29.5710056826936 7.92511574489082
0.07364 133.764231723607 16.8572018533828
0.07627 96.2460930988167 14.3004582607484
0.0789 56.3142753646372 10.9398295206701
0.08153 139.987648383434 17.2499983905466
0.08416 113.363250428169 15.5247005499112
0.08679 82.7855954188024 13.2680577811687
0.08942 109.205326667848 15.2403432054263
0.09205 157.843022009442 18.324342115453
0.09468 167.178306683558 18.8602963387678
0.09731 139.010585404206 17.1998766447531
0.09994 99.3869907910691 14.5448418432149
0.10257 123.034377749444 16.1841189558437
0.1052 110.557846393824 15.342630039055
0.10783 162.983875990826 18.6297295022363
0.11046 106.896067179497 15.088438203242
0.11309 166.07572721809 18.8081335056191
0.11572 217.754036375236 21.5379772151827
0.11835 188.675699740111 20.0497506402005
0.12098 196.709917953338 20.4735569313613
0.12361 236.74318017057 22.4619826474682
0.12624 229.919037112344 22.1373681646447
0.12887 260.111892899362 23.5476621279772
0.1315 261.389562518625 23.6070096248203
0.13413 221.209228952047 21.7183905439541
0.13676 210.751049335458 21.2002043740336
0.13939 234.557948550466 22.3670858957518
0.14202 345.043661041233 27.1300443916258
0.14465 343.802803643778 27.0830349625426
0.14728 394.120074481588 28.9992017374407
0.14991 467.988944546717 31.6023006019166
0.15254 460.832808168808 31.3618542371961
0.15517 550.550075511821 34.2813234744611
0.1578 717.778369527707 39.1456470620416
0.16043 939.571278131938 44.7901256940975
0.16306 1154.81263198467 49.6594947049485
0.16569 1293.7197866455 52.5648897562421
0.16832 1590.00325094638 58.2778826052824
0.17095 1761.50078408877 61.344451140936
0.17358 1831.76988233654 62.5602426332089
0.17621 1892.95543998665 63.6007535884919
0.17884 1980.15701713659 65.0535461580133
0.18147 1980.12967222904 65.0574546684004
0.1841 2132.84228349501 67.5240853264429
0.18673 2152.96730247531 67.8464516686543
0.18936 2174.16581172554 68.1842130686501
0.19199 2013.58636456464 65.6223392390942
0.19462 2026.00323718126 65.828766258736
0.19725 1878.1889591398 63.3861475863854
0.19988 1714.32333927863 60.5617397418623
0.20251 1620.25738870677 58.8793687170404
0.20514 1281.10329310017 52.3579191149356
0.20777 1052.28982776775 47.4544727924813
0.2104 889.0661252076 43.6210042119165
0.21303 745.028554541573 39.9332122165022
0.21566 558.017321236606 34.5613568848283
0.21829 492.138156591892 32.458587719711
0.22092 381.125966595848 28.565348324635
0.22355 296.18430262383 25.1828817511087
0.22618 173.085694885626 19.2519243367872
0.22881 120.971374800046 16.0954830656908
0.23144 109.898953617497 15.3418818373132
0.23407 109.424370610144 15.309395026384
0.2367 83.6915073356618 13.3893914776726
0.23933 105.315301933834 15.0205219985502
0.24196 90.2527676740408 13.905566688226
0.24459 102.716310549321 14.8353320966104
0.24722 83.4060152091213 13.3688912542214
0.24985 65.7843195701033 11.8734528872553
0.25248 75.5819399507521 12.7275259495203
0.25511 121.546966311429 16.1408413197128
0.25774 39.062030261696 9.15062257279084
0.26037 30.8413277640284 8.13127967807195
0.263 75.4878176363378 12.7218399601181
0.26563 123.246770674451 16.2561760058419
0.26826 123.491717099717 16.2730386880325
0.27089 73.7446663939439 12.5757580178386
0.27352 96.1012823792071 14.3566322663713
0.27615 52.6141838770617 10.6232774183934
0.27878 19.7909435077222 6.51567585152724
0.28141 79.8297129886997 13.086623869062
0.28404 177.109366114156 19.493293170597
0.28667 206.759258021573 21.0627971239493
0.2893 160.974025746402 18.5857707191453
0.29193 172.333279503292 19.231198813097
0.29456 216.899280193622 21.5759508291923
0.29719 152.355916716207 18.0837983653854
0.29982 76.9891695141475 12.8556462915795
0.30245 52.3333510985915 10.5995323417469
0.30508 63.434656335361 11.6701976916285
0.30771 142.534350059672 17.4941228236801
0.31034 165.670397324927 18.8613311932943
0.31297 234.414344939083 22.4367246327791
0.3156 217.515425821954 21.6137376827437
0.31823 195.964648324705 20.5159291284518
0.32086 164.549717296852 18.8004554876869
0.32349 118.30617510303 15.9419331448552
0.32612 190.913387701346 20.2522342958
0.32875 190.354091712066 20.2233608956134
0.33138 162.517104873867 18.6869848658725
0.33401 144.828475948457 17.6414446193115
0.33664 284.649256707685 24.7331630827727
0.33927 333.736506121485 26.7820587767687
0.3419 359.030446589424 27.7795500303497
0.34453 332.650684041383 26.7406058117243
0.34716 273.698292467558 24.2566341846782
0.34979 387.570163115235 28.866034354791
0.35242 416.134319971761 29.9120504072722
0.35505 411.936954390827 29.7620095864888
0.35768 423.666879511187 30.183985932932
0.36031 419.847599922939 30.0488341190515
0.36294 441.786121380709 30.825155610637
0.36557 426.443274228211 30.2863774999223
0.3682 410.81699703014 29.727497434026
0.37083 401.661085351643 29.395542365784
0.37346 461.858401251175 31.5227045712719
0.37609 394.044901269979 29.117853165325
0.37872 392.031920990045 29.0445503258292
0.38135 361.680425610612 27.8986950009939
0.38398 357.842433268038 27.7513905295854
0.38661 368.109205207584 28.1478099995251
0.38924 348.898320675198 27.4045800976743
0.39187 330.199241831903 26.6611689859163
0.3945 210.409598321004 21.2834174418753
0.39713 224.145682034016 21.9680351301985
0.39976 195.555829082229 20.519992855293
0.40239 88.8782545023751 13.833996023568
0.40502 106.716569501619 15.1591161861527
0.40765 57.4790297047363 11.1255306086927
0.41028 29.9319623633815 8.02863434459475
0.41291 111.593958775489 15.5025267868869
0.41554 83.3159443967823 13.3953564072781
0.41817 72.4026218145812 12.4874977511163
0.4208 153.927393512966 18.2080860825711
0.42343 84.7220457543286 13.5086708730871
0.42606 51.8057822255223 10.5635911606784
0.42869 51.033256502486 10.4847280556814
0.43132 76.1184982537381 12.8051213275413
0.43395 9.6550434890489 4.56061878055917
0.43658 40.3441565260503 9.32277142040493
0.43921 75.0277819025293 12.7137548010929
0.44184 60.4477637135907 11.4119788546699
0.44447 19.5061803424634 6.4828357370294
0.4471 11.1560217793277 4.90277132530321
0.44973 32.5729883776761 8.37768107086907
0.45236 20.2087911161082 6.59892585397845
0.45499 69.1882686143277 12.210329182013
0.45762 55.8334745019733 10.9689871527302
0.46025 52.8929763670774 10.6764350583809
0.46288 47.4486899352738 10.1122414698903
0.46551 92.7278353961623 14.1367129012444
0.46814 87.7360157501164 13.7511933858611
0.47077 37.6445589114028 9.00763126949709
0.4734 60.842865726066 11.4517638002638
0.47603 82.4322860620481 13.3298198687664
0.47866 86.8269478298325 13.6807823320562
0.48129 24.7127443736 7.29881256389686
0.48392 86.788011594474 13.6782220017734
0.48655 74.5663644439854 12.6788341171471
0.48918 26.4305442079404 7.54864399408077
0.49181 11.2246183573133 4.91937283497602
0.49444 7.13576795660838 3.92240434752893
0.49707 19.479637175791 6.4808279006853
0.4997 143.645790239518 17.5992663180776
0.50233 116.752817524975 15.8664334976388
0.50496 66.353608470724 11.9610916145923
0.50759 38.1461548168226 9.06894650842705
0.51022 63.7724704283517 11.7257597044893
0.51285 89.1391291859363 13.8628165249873
0.51548 89.0685411824124 13.8571004006325
0.51811 41.4837705596128 9.45675674212911
0.52074 10.7987656172605 4.824841769207
0.52337 79.0675328152098 13.0553350781434
0.526 224.452841851624 21.9960346246102
0.52863 188.891912190347 20.178154033096
0.53126 169.333487467724 19.1046501274687
0.53389 233.461040583135 22.4319888925553
0.53652 129.282227728163 16.6925581044196
0.53915 160.601065045203 18.6046114212848
0.54178 240.81316102451 22.7813476888912
0.54441 193.071327070522 20.3981651452542
0.54704 242.068744546735 22.8399148771508
0.54967 205.723711283348 21.0552405023672
0.5523 98.6826556197161 14.5824788184693
0.55493 124.73899893497 16.3947567012015
0.55756 172.617322514346 19.2858571378849
0.56019 79.6280146831287 13.0985315214298
0.56282 64.8574842091657 11.821228793036
0.56545 52.3045901780879 10.6156204701022
0.56808 133.73809484998 16.9744595269179
0.57071 81.9547919137673 13.2876589365401
0.57334 34.6331248130013 8.63773830824967
0.57597 69.4636363044999 12.2327997746182
0.5786 53.3964571192466 10.7249737527993
0.58123 6.41555043235782 3.71749064995723
0.58386 25.4373881406572 7.40222169162788
0.58649 27.4920684057195 7.69524485566275
0.58912 33.661588836988 8.51488812967129
0.59175 16.639509437165 5.98652507133522
0.59438 60.6085016494577 11.4252108992871
0.59701 36.3310589139322 8.8456425314075
0.59964 23.1806674546426 7.06555416096007
0.60227 61.9999142841703 11.5548174604248
0.6049 28.6139265209525 7.84942178658923
0.60753 50.0795576894058 10.3839017767967
0.61016 49.1775096358498 10.2895169094356
0.61279 45.0239922071442 9.84498611109506
0.61542 55.8345541806407 10.962914338796
0.61805 63.1995284459033 11.6630677486615
0.62068 98.9363309916395 14.5920115039723
0.62331 96.0919742138285 14.3801098296562
0.62594 19.0929799635515 6.4096879055613
0.62857 37.2144460401723 8.94823092856728
0.6312 52.4643162290497 10.6241645825154
0.63383 30.2702694476973 8.06960543545968
0.63646 8.15183682106965 4.18748505200216
0.63909 30.623365081376 8.1158378090644
0.64172 49.7294133246888 10.3417715986774
0.64435 47.5166554762383 10.1086364019563
0.64698 104.523459770056 14.9919422030797
0.64961 139.782094214294 17.3363692429949
0.65224 40.7727533441999 9.3626494109028
0.65487 44.4003156792891 9.7698553363021
0.6575 15.3791286898513 5.74966221065453
0.66013 47.9617254272976 10.1532533762028
0.66276 85.6000626585124 13.5636390584038
0.66539 68.0815677431073 12.0958199421265
0.66802 86.546504538587 13.6372455457005
0.67065 54.523442884349 10.8236784852224
0.67328 6.81426471791212 3.82625666772164
0.67591 67.6585840586691 12.0561155389543
0.67854 64.7834201135181 11.7966646421529
0.68117 58.5779723556127 11.2169765397207
0.6838 67.2072479350784 12.0142881908514
0.68643 43.4828289883021 9.66340605028518
0.68906 64.7197787926598 11.78884308458
0.69169 101.111811055035 14.7344849658499
0.69432 103.421618914475 14.9011923225366
0.69695 135.395101939277 17.0489708444881
0.69958 140.504668833294 17.3669440318141
0.70221 17.4863184613616 6.12645323897589
0.70484 77.6602517737436 12.9104519707158
0.70747 179.621629065557 19.6337601480424
0.7101 207.685400112108 21.1110223039914
0.71273 141.223453626133 17.4077166267314
0.71536 113.618284689434 15.6132969862152
0.71799 105.40090390788 15.0374703752911
0.72062 102.108649709803 14.8001457663085
0.72325 41.9752040940475 9.48884258827505
0.72588 61.2670772554869 11.4633755762049
0.72851 73.1680420381106 12.5268466682055
0.73114 77.7230049479648 12.9103477233158
0.73377 81.5369346034927 13.2227698798231
0.7364 46.881874359273 10.0260492455595
0.73903 63.2240064673974 11.6426128346888
0.74166 109.520203292245 15.3228188365247
0.74429 114.032386100737 15.6346350454679
0.74692 26.4900020227305 7.53523380495332
0.74955 1.46745162656255 1.77345317605071
0.75218 55.7854014455393 10.9340285166271
0.75481 58.3878300353711 11.1857002834364
0.75744 29.3298691424779 7.92755314191572
0.76007 24.7343852384777 7.27975471915859
0.7627 56.8801310048789 11.0389703237494
0.76533 38.648532163464 9.09906689912864
0.76796 44.7654884281099 9.79228628980109
0.77059 16.4965361353918 5.94416561155934
0.77322 2.86365930778959 2.47649396110445
0.77585 47.6186345435864 10.0982739038671
0.77848 80.1621113774939 13.101629916195
0.78111 88.4661009536182 13.7629417707098
0.78374 4.52896846603537 3.11389920932901
0.789 39.5431630733993 9.20035846389961
0.79163 52.4693952980838 10.5975175519772
0.79426 16.3240050653501 5.91080379130194
0.79689 41.7682621319481 9.45449751358412
0.79952 23.1578370220204 7.03956659448079
0.80215 6.93455695703594 3.85194278187671
0.81004 29.444258695398 7.93581231030927
0.81267 64.9691943844704 11.7874088024716
0.82845 8.97542400649707 4.37958743582674
0.83108 10.8188865585074 4.80806692937205
0.83371 20.8771540282757 6.67864519962486
0.83634 8.11656475750457 4.16401565958526
0.83897 32.8112701931971 8.37165348335465
0.8416 16.7525377747142 5.98154699497461
0.84423 35.7721902249319 8.74016180516798
0.84949 15.8750793855691 5.82172425848253
0.85212 47.5759567314375 10.0776883777067
0.85475 36.9839942810204 8.88479770858665
0.85738 12.9986907314811 5.26700726657407
0.86001 30.6345278109481 8.08524489130338
0.86264 56.2754191411583 10.9577255938241
0.86527 48.617674805177 10.184309953822
0.8679 8.4321514807975 4.24108696269925
0.87053 54.2866791040623 10.7603915229888
0.87316 51.4581857914672 10.475677657256
0.87842 8.46238008896272 4.24764345803879
0.88105 20.1234943768836 6.54978335527923
0.88631 9.35742286930975 4.46581004077232
0.88894 21.9456471042244 6.83864010798136
0.89157 26.3050453981896 7.48666694887176
0.8942 62.8341174273223 11.5701815739289
0.89683 71.4050549755909 12.333329080986
0.89946 54.2431222200884 10.7487535996907
0.90209 19.949328893443 6.51795313109048
0.90472 48.8242012469291 10.195909573244
0.90735 35.3025732774558 8.66907758511982
0.90998 47.9059356489999 10.097774576936
0.91261 82.7313151000231 13.268666077297
0.91524 0.846834916479859 1.3423104302039
0.91787 0.583461680253381 1.11409194637442
0.9205 19.4495202490681 6.43177116542777
0.92576 4.38546350159696 3.05355967431963
0.93628 8.3285820901175 4.20658007585253
0.93891 12.7444662856408 5.20314196094317
0.94154 24.6704330106929 7.23859788710527
0.94417 47.9457480299765 10.0902592510823
0.9468 60.8900893713538 11.3700345427291
0.94943 23.7168438154271 7.09542021777004
0.95206 37.976943055719 8.97781940574516
0.95469 51.2657112890517 10.430029557379
0.95732 23.8965609946928 7.12034313640997
0.95995 23.8662433742297 7.11518868298508
0.96258 33.9462333934775 8.48499022895147
0.96521 47.4731404222538 10.0332280906118
0.96784 69.2284069751504 12.1149052214171
0.97047 84.8591028974585 13.4118352624528
0.9731 9.1560973212513 4.40509547651726
0.97573 3.02858656829626 2.53326864736132
0.97836 8.59129016941711 4.26630171287355
0.98099 54.482343967477 10.7426487568618
0.98362 3.36980175022803 2.67144825035422
0.98625 24.8309380846444 7.25107257787162
0.98888 76.6353597974897 12.7374173986093
0.99151 50.5795914523891 10.3470255986868
0.99414 40.0142148693724 9.20229375513596
1.00729 43.3314519648318 9.57024037711841
1.00992 20.5410389838259 6.58811824714362
1.01255 35.6054222843965 8.67235777386421
1.01518 5.7355637416082 3.48013492063345
1.01781 71.1384050464845 12.2543131730775
1.02044 14.6226502222774 5.55493296864901
1.0257 15.8797068526513 5.78688264027749
1.02833 3.30312612139901 2.63885061998524
1.03096 10.3935537118238 4.68018511415893
1.03359 11.9033045803876 5.00776013792982
1.03622 38.8843557679507 9.04952789914955
1.03885 83.7981101716924 13.2826363193439
1.04148 27.0012751293826 7.53855284226279
1.04411 13.0662576341487 5.24324448030514
1.04674 20.4383560482355 6.55656105865635
1.04937 3.86895626016329 2.85219126921855
1.052 18.6231885852245 6.25658486479139
1.05463 29.1692756067942 7.82891721347192
1.05726 38.0046208202888 8.93481606921539
1.05989 23.1603207534337 6.97377950788104
1.06515 45.3428014184794 9.75454588087661
1.06778 3.62825926253815 2.75886519039184
1.07041 2.95675331244008 2.49010286208615
1.07304 2.70611765341803 2.3818339060262
1.07567 3.26124927413546 2.61431855174277
1.08356 22.620107715397 6.88174874666985
1.08619 42.4571229884773 9.42659905280047
1.08882 50.9525551839546 10.3250221284472
1.09145 84.5916551631204 13.3014809671424
1.09408 17.7265313327222 6.088023533606
1.09671 21.3629244510358 6.68225392871696
1.10197 25.5020380730882 7.29859493573713
1.1046 30.7363972986003 8.01174362309746
1.10723 4.84075620629025 3.17911254124236
1.10986 5.83433327837021 3.48974453499157
1.12564 15.2615287526431 5.64013002104603
1.13353 21.4687408980155 6.6871221810991
1.13879 3.91463064493635 2.85481885105892
1.14142 66.4420016785642 11.7598854185136
1.14405 34.1372628367488 8.42839048992527
1.14668 1.51264302325887 1.77397329034454
1.14931 17.2191552515956 5.98457498448668
1.15194 17.9848094482955 6.11545591689591
1.15983 26.4698962336722 7.41647518970717
1.16246 31.902871542247 8.14113197448748
1.16772 14.5105704518674 5.48920020866638
1.17035 34.0115040543663 8.40288053048074
1.17298 34.8808234545497 8.50857956413298
1.17561 12.2493940271037 5.04161200171728
1.17824 52.5579989351011 10.441909704218
1.18087 43.9809875578309 9.55083635432332
1.1835 17.4850484420223 6.02130624416611
1.19665 21.1731600402663 6.62204084823775
1.19928 21.795913470128 6.71792049514932
1.20717 0.151995236987191 0.561205739619385
1.2098 0.18328456825517 0.616350477105919
1.21506 30.7890708326045 7.99058129756399
1.21769 82.4442548667829 13.0772945928806
1.22032 3.28968187581251 2.61259607434293
1.22821 18.164582156245 6.1415892028232
1.23084 26.5686576095263 7.42865882889991
1.23347 7.08558945864707 3.83681742630171
1.2361 6.41243028877224 3.6504969359965
1.24399 34.9573288785816 8.52672476923601
1.24662 21.7504985455632 6.72674849708433
1.25451 7.41848663868189 3.93007215644879
1.25714 71.3301748613454 12.1881251818128
1.25977 0.988106504779047 1.43469479544669
1.2624 20.1650512914676 6.48208431764952
1.26503 26.5285441125617 7.43582346049016
1.27292 59.1322781212995 11.1059734634571
1.27555 43.7664240732113 9.55591216343064
1.27818 5.21788524517731 3.29994084556911
1.28081 27.1423230992173 7.52730756922661
1.28344 78.3132056193887 12.7876546906484
1.28607 16.2948029966035 5.8338490472943
1.2887 13.1201961283481 5.23549813817929
1.29396 0.779080699185898 1.27612569852256
1.29659 13.3821148317539 5.28958716866265
1.29922 16.3207426879484 5.84233581628632
1.30185 6.10146548172977 3.57308245725033
1.30448 22.3232002656771 6.8372386586518
1.30974 4.05782147950002 2.91743813180483
1.31237 5.19526924215751 3.30244306743896
1.315 2.97630714136783 2.50061114737282
1.31763 4.75524053406651 3.16205465406568
1.32026 41.5692684506695 9.35287248943815
1.32289 2.70407024692567 2.38640066172845
1.32552 15.7364726086483 5.75921753103612
1.32815 18.9862200069351 6.32855140243311
1.33341 2.43122948002912 2.26646047620829
1.33604 8.35934511877239 4.20432371781058
1.33867 16.8335266831849 5.96859734894073
1.3413 11.8148718220508 5.0023468168536
1.34919 1.93567510773829 2.02720831864399
1.35182 2.33539881775455 2.22759729050655
1.36234 15.9809316470591 5.83649116538215
1.3676 0.325662095318863 0.833836451689065
1.37023 8.53987694977135 4.27165443334073
1.37286 11.7496908950153 5.01252352431178
1.37549 3.72144360308922 2.82209535492274
1.37812 6.5423971674744 3.74332072033128
1.38864 46.5856670316711 10.0046952944803
1.39127 4.06465112019981 2.95638699855015
1.3939 16.8366462319391 6.0193450975436
1.39653 0.953587450641653 1.4330897186445
1.39916 8.58596839438643 4.30188990096453
1.40179 8.97128736829877 4.39921078513068
1.40442 35.4235734499618 8.74535201594935
1.40705 43.7013464022845 9.7176686600222
1.40968 10.8775502022373 4.85024458227664
1.41231 7.19009458188174 3.94501492626437
1.41494 9.69680982060994 4.58330640217342
1.41757 20.9323673284059 6.73684531156871
1.4202 23.7688235057136 7.18181212490232
1.43861 34.6118980910174 8.69196924540953
1.44124 28.3508237783516 7.86991218715955
1.44387 19.8271827378832 6.58413869327322
1.4465 1.00448651843322 1.48259247459396
1.44913 31.5049311313595 8.30653923219842
1.45965 1.01819108464665 1.49578255460442
1.46228 1.22848710111035 1.64368838027247
1.46491 11.3695991211718 5.00249861308003
1.46754 12.7352519066415 5.29661294299852
1.47017 24.3920960142605 7.33329144719072
1.4728 67.7177203799449 12.2237741900307
1.47543 17.0566427905118 6.13734519337763
1.47806 1.55523890519011 1.85400884175328
1.48069 1.87644715145061 2.03732698211893
1.48858 31.9141397357907 8.41242532852564
1.49121 26.9423208766814 7.73260607115481
1.49384 22.7124365106933 7.10262413891808
1.49647 29.3685554635385 8.07991332009566
1.4991 9.30321327222183 4.54946355249253
1.50962 22.196302895012 7.03015478940989
1.51751 3.65602772548344 2.85399469635295
1.52014 4.40831478312271 3.13419483167336
1.53066 29.1327757384638 8.06019637842794
1.53855 2.21200964654225 2.22163068796303
1.54644 6.3087455190424 3.75295588168868
1.54907 6.34823372948162 3.76503997690985
1.5517 6.0978389750061 3.69039020735013
1.55433 68.1632275340334 12.339585003706
1.55696 47.6033234614388 10.3130061823569
1.55959 43.9015857918485 9.90484986435892
1.56485 7.59926614760516 4.1216954741152
1.56748 17.598952289039 6.27299020733468
1.57011 3.03766617997394 2.60640767934328
1.57274 5.31778553167439 3.44888605075284
1.57537 33.6822493852261 8.68070675832939
1.578 54.5187157103023 11.0450693742882
1.58063 24.3814528571154 7.3869731429494
1.58326 10.9616715665913 4.95354604608179
1.58589 29.8665301463538 8.17732522621071
1.58852 82.8491166671129 13.6208400656612
1.59115 20.0276265696508 6.69754674813212
1.59378 12.6792784592829 5.32953516371004
1.59904 0.640353480278103 1.19793713502078
1.60167 1.86483453070066 2.04350943651097
1.6043 10.0020766847401 4.73064411934648
1.60693 57.4110956431118 11.3290017897032
1.60956 41.6509812785182 9.64549976751002
1.61219 27.307644518718 7.80678955939407
1.61745 31.8748078053207 8.42733299810811
1.62008 29.5608588271634 8.11227510117942
1.62797 13.5713412818702 5.48969161784833
1.6306 67.2638554454941 12.2164383033484
1.63323 26.4850370750352 7.66250959072683
1.63586 19.1599630449679 6.51455760277826
1.63849 33.4658920421102 8.60608239562483
1.64112 16.2279294354016 5.99035277839287
1.64375 17.343386607877 6.19019298071981
1.64638 35.8107475923759 8.89119563349954
1.64901 24.466157002053 7.34602551508876
1.65164 33.1644629452002 8.54913081900573
1.65427 56.9561650345215 11.1988033097421
1.6569 12.7914142554408 5.30488705000114
1.65953 1.11873344570862 1.56817897243415
1.66216 58.0289667445351 11.2893784683391
1.66479 45.6295755206683 10.006586863552
1.66742 16.2158338170653 5.96276071906193
1.67005 90.4307935427817 14.0750756070148
1.67268 34.1688174631254 8.64812997273305
1.67531 7.9681380844307 4.17445870554408
1.67794 9.59767706811317 4.57951157785998
1.68583 16.8954209659485 6.06823935663919
1.68846 21.9728430233096 6.91727489450718
1.69109 17.3981427399317 6.15257487341829
1.69372 3.09801706920145 2.59513980989826
1.69635 0.455084882401744 0.99421038370421
1.69898 17.8854877318425 6.23010773604592
1.70161 41.2137629057703 9.45139133820352
1.70424 13.7613654207689 5.45723280949987
1.7095 14.3049211116782 5.55542295771728
1.71213 35.3732266973562 8.7292574576992
1.71476 34.8763152769397 8.66104537448432
1.71739 59.4021840787258 11.294597478282
1.72002 35.327572694444 8.703430518817
1.72265 9.30470364063479 4.46322041719433
1.72528 37.6177966281388 8.96719703572313
1.72791 15.5407002192836 5.75914185718382
1.73843 7.82217945220816 4.07315462119256
1.74106 14.2340376255398 5.49023417512193
1.74369 24.1721080809736 7.14896793168614
1.74632 13.8550247159913 5.40814682024561
1.74895 18.3766143248587 6.22351541741771
1.75158 22.1187917174757 6.82246597677902
1.75684 3.77435535062881 2.813816473354
1.75947 50.3815364587767 10.2722625620889
1.7621 27.8574633011298 7.63232188995247
1.76736 2.64726921944256 2.34906091994787
1.76999 3.18629783192999 2.57508902744723
1.77525 8.87576914758652 4.29099573024961
1.77788 10.6829434434101 4.70384198363207
1.78051 11.7653761842781 4.93243971973761
1.78314 14.1608236130839 5.40697289269174
1.7884 10.3290068783274 4.61041106276256
1.79103 33.9668707921192 8.35386596406847
1.79366 16.0096123514665 5.73058478178073
1.79629 28.1799471927521 7.59673283662463
1.80944 3.7276279569086 2.75199726999304
1.81207 4.48670246013482 3.0168409801433
1.8147 7.41416298261516 3.87504161683307
1.81733 8.9238993858117 4.24794238650497
1.81996 8.27150315466427 4.0864758621768
1.82259 3.63395677682869 2.70645918446925
1.82522 24.4695940303402 7.0174499060607
1.83048 20.1506527445178 6.35795595402811
1.83311 29.1683122523625 7.64330663266406
1.83574 13.1676819795753 5.13135921305413
1.83837 32.1376743967958 8.0100741974167
1.841 25.8239519048089 7.174500502885
1.84363 31.0816570791629 7.86471231758227
1.84889 21.6230228102049 6.54919845687019
1.85152 26.0252238805022 7.17919796405622
1.86204 1.16958080242595 1.51699124809009
1.86467 19.59993859634 6.20499156256919
1.86993 1.62979631722467 1.78636634972766
1.87256 1.96156267758376 1.95816415884782
1.87519 10.6463648657195 4.55818796868584
1.87782 24.0691226467717 6.84801426715125
1.88308 14.6847775461597 5.34013682465838
1.88571 0.371208034904873 0.84833733766785
1.88834 0.446765015609377 0.929908210371768
1.90149 20.1388406456275 6.21870336074108
1.90412 55.7628997932965 10.3419723333613
1.90675 96.9682740827388 13.6299205830767
1.90938 45.6682493005247 9.34831152815276
1.91201 3.47130288537771 2.57584341193105
1.91464 29.7635797933946 7.53811397943219
1.91727 36.5283318379368 8.34606294999745
1.9199 9.77558250103574 4.31503558539784
1.92253 21.4666828754311 6.39059882502872
1.93042 0.343520490511301 0.806996589423016
1.93305 13.2369097486607 5.00649182970339
1.93568 52.2636410349908 9.94224751953479
1.93831 25.8264179225503 6.98491391730801
1.94094 7.45663607139808 3.75097676649591
1.94357 33.0161419826958 7.88823225831455
1.95146 0.171038449689978 0.566751219898575
1.95409 9.58240672150822 4.23960405384697
1.95672 30.497725483667 7.55899100889183
1.95935 29.2745938738818 7.4014590523023
1.97776 25.791287245776 6.91818783294695
1.98039 10.5651730241675 4.42520572187981
1.98302 14.8570671432536 5.24445914340398
1.98565 27.4268093222939 7.12131994273224
1.98828 55.8249010091053 10.153720659299
1.99091 81.1453991171373 12.2343595982698
1.99354 58.1651817214847 10.3518645266425
1.9988 20.5065098785698 6.13913872551132
2.00143 43.8573596483619 8.97346744646072
2.00406 14.0057924687164 5.06902227718589
2.00669 1.1048426046171 1.42315347525458
2.00932 1.2236885201331 1.49715931728784
2.01195 0.696599503184894 1.1291589117948
2.01458 12.7629464141561 4.83136378151954
2.01721 48.3911495151491 9.40389743545189
2.01984 11.7309938382188 4.62831419621977
2.02773 11.8170611438146 4.63981777317758
2.03299 4.19632610771362 2.76274394223243
2.03562 9.28325256739059 4.1075780219687
2.03825 12.9716295998903 4.85358447325939
2.04351 30.7581651388469 7.46799989442875
2.04614 58.6219513537252 10.3058403162709
2.04877 2.36249946074868 2.06808402945251
2.0514 36.0228105517719 8.07235090360311
2.05403 18.1501808113675 5.72770301954899
2.05666 30.832172325642 7.46226589392811
2.05929 39.9070169718465 8.48636678659434
2.06455 14.3974579942499 5.09326983284164
2.06718 5.17928500408284 3.05363258116637
2.07244 31.7697408366302 7.55691443375712
2.07507 65.9756977493943 10.8857249396012
2.0777 16.2762002109196 5.40467305021444
2.08296 11.2227487405468 4.48432657968865
2.08559 24.504066149978 6.62359599040282
2.08822 13.2327510601066 4.86549278620485
2.09085 30.5853997998642 7.39410664365998
2.09348 18.2013523239148 5.70173707211682
2.09611 30.870216458008 7.42252700828206
2.09874 34.5326587229743 7.84735698776544
2.10137 21.8708848394732 6.24284589385963
2.11452 0.0350030636167688 0.24944381567202
2.11715 16.56590654534 5.42526824042317
2.11978 19.9610545665138 5.9538679889448
2.12241 0.853965033669378 1.23117928686838
2.12504 43.9201726334056 8.82728237482003
2.12767 33.1940042961329 7.6721752592163
2.1303 13.9076997760794 4.96489405484547
2.14082 4.19794550206722 2.72505183773725
2.14871 43.7834401193648 8.79409777746723
2.15134 2.83042960342656 2.23540258936882
2.15397 32.2681578872452 7.54587881638914
2.1566 36.5018250465252 8.02367160939687
2.15923 4.06309017350059 2.67631451992488
2.16186 8.2914040951299 3.82222256237777
2.16975 38.305737659033 8.20942165294544
2.17238 37.540907386765 8.12504603107334
2.17501 20.248863006959 5.96577012861908
2.17764 2.3709743044968 2.04090275370597
2.18027 2.85688466569851 2.23974142625652
2.18553 8.59593487027782 3.8831414357547
2.18816 13.5716940138997 4.8780490406192
2.19079 3.87280426882872 2.60515959952467
2.19605 44.3521793884489 8.81178189380722
2.19868 26.0488710162395 6.75138659558073
2.20131 9.90607469969204 4.1625432292774
2.20394 15.5249271174576 5.21026442187252
2.2092 14.7570923190647 5.07831183502772
2.21446 10.3065446169469 4.242769398033
2.21709 12.4213136274874 4.65707870958544
2.21972 7.46806122763693 3.61052753408926
2.22498 23.7432779625588 6.43592291618879
2.22761 42.3953094385834 8.59876850752677
2.23287 24.2995115738429 6.508033556063
2.2355 27.8971120305899 6.9721614709256
2.23813 28.7191923729064 7.07311481965912
2.24076 5.95186152355909 3.21949511923644
2.24339 9.31058281620379 4.02611839809
2.24602 18.2585440485895 5.63725796050623
2.24865 33.0835797484345 7.58713469669952
2.25128 54.293323303439 9.71810194858304
2.25391 16.191322883022 5.30623008353499
2.25917 2.63080709079848 2.1382707884499
2.2618 25.0558615321228 6.59795711898503
2.26443 32.7236080163056 7.53914347530689
2.26706 7.65030686239061 3.64474732268602
2.26969 25.0805159543125 6.59831117567128
2.28284 5.79014750743448 3.16804910579317
2.2881 0.974074152230407 1.29902043404721
2.29073 3.35688161484158 2.41115094414004
2.29336 4.04566011440572 2.64659494076363
2.32229 15.460167066174 5.16765744522234
2.32492 18.6343862920318 5.67288969741431
2.33018 7.01085155940977 3.47898445867612
2.33281 22.2704197616958 6.19999655862962
2.33544 20.1133603084302 5.89155180411343
2.34333 11.5489342449932 4.46312145316566
2.34596 6.54543102003174 3.35967280377379
2.34859 33.3385244154762 7.58160485744262
2.35122 17.493924936718 5.49150876800112
2.35385 37.8744316755217 8.07943888264662
2.35648 16.2654638429571 5.29421339244179
2.35911 4.69025802149458 2.84267136298152
2.36174 14.574413986754 5.01053270733698
2.37226 4.53351044595932 2.79348177413367
2.37489 19.2096703421899 5.74974407920314
2.37752 34.734598708351 7.73089404520055
2.38015 25.1322301536414 6.57542917876707
2.38278 6.65446451441194 3.3831803676949
2.39593 40.9744271525448 8.3912170338128
2.39856 20.4345276848272 5.92530583377787
2.40119 44.7555151535881 8.76829395397034
2.40382 61.4451674711378 10.2732285100343
2.40645 15.7557793019572 5.2018075933856
2.40908 8.21441159595287 3.75572533486617
2.41171 24.2654955737389 6.4546311039027
2.41434 51.7090355491186 9.42174419653438
2.41697 28.1526364982945 6.95150547052017
2.4196 43.3110276218999 8.62163861837015
2.42486 11.942722118077 4.52673113696014
2.42749 60.9656588634086 10.2269680671776
2.43012 18.4671147429802 5.62827114033071
2.43538 48.0945004383196 9.08166821986869
2.43801 54.4962339597018 9.66656955220676
2.44064 43.0894655246181 8.59500030477748
2.44327 51.8807856917781 9.43050217066044
2.4459 62.049057576166 10.3126515175613
2.44853 36.6790943131173 7.92835788630796
2.45116 6.02043861047096 3.21187920237971
2.45642 3.4558836839993 2.43313983910665
2.45905 37.2461814389599 7.98729215168417
2.46168 23.8658054906834 6.39319452096008
2.46431 1.02142145692639 1.32252390975068
2.46694 52.621626732705 9.49192610673787
2.46957 30.0194915815153 7.16877659154426
2.4722 41.6632710342716 8.44483608090684
2.47483 37.2133770937592 7.98059446095754
2.47746 17.6960771817764 5.50294734135994
2.48009 14.0808871929255 4.90843467463874
2.48272 12.2389018726462 4.57583524518894
2.48535 20.3084765918158 5.89398422518244
2.48798 32.8176818922809 7.49195888819865
2.49061 35.2820047107628 7.76764192704497
2.49324 13.7794045510607 4.85399056027254
2.49587 16.6093748009524 5.32882517492143
2.50376 42.0329485825462 8.47571854972706
2.50639 60.2271800369611 10.1451532837258
2.50902 0.0832310030336614 0.37712529360892
2.51165 22.9550279213172 6.26271655655894
2.51691 10.1076467000185 4.15537630256347
2.5248 0.254162995404601 0.658845693902824
2.52743 8.40504414563965 3.78859592320388
2.53006 9.76237904510213 4.08288225829933
2.53532 12.828676351657 4.67995213906783
2.53795 28.2519977403506 6.94473691822686
2.54058 44.1824040139804 8.6843359611169
2.54321 54.0138104390786 9.60163249091012
2.54584 5.69276642910245 3.11698762615021
2.54847 40.7177568351421 8.33577609327705
2.5511 101.383525641358 13.1528096308109
2.55373 15.1218373968051 5.07946346207777
2.56425 2.61011165729962 2.10992958720528
2.56688 14.9015478638017 5.04121036944758
2.56951 28.2188257608524 6.93696187926319
2.57214 8.92383104691239 3.90082274235423
2.5774 5.40298941003696 3.03500222677065
2.58003 25.7846943088479 6.62984922117469
2.58792 4.00810729088214 2.61357172881689
2.59055 4.83149248312171 2.86936703095434
2.59318 0.231746190124839 0.628394601036198
2.59844 10.5801757885363 4.24555007279178
2.60107 29.6085740811625 7.10198747141898
2.6037 36.6719302290201 7.90357101492778
2.60633 61.5341032126203 10.2376371145514
2.60896 15.5487744765137 5.14606412177902
2.61159 10.1368043668101 4.15492281292119
2.61685 5.3258884172278 3.01147380247591
2.61948 13.3731613947639 4.77183495757407
2.62211 69.6228202364196 10.8875331349365
2.62474 76.7023333784632 11.4272909106525
2.62737 47.1801349572277 8.96197845787629
2.63 5.65876186070452 3.10363274126816
2.63263 0.3131280745471 0.730055585846272
2.63526 0.377461969666621 0.801524557452554
2.64315 16.5565974094688 5.30788730234778
2.65367 34.4371087126561 7.65403948729718
2.6563 30.2358941456228 7.17173222018623
2.65893 18.5663334276158 5.61967278463719
2.66156 45.6967758094223 8.81609036661004
2.66682 48.990740407304 9.12768927819653
2.66945 41.7646422704062 8.42739836550751
2.67208 6.81988280935602 3.40535890181309
2.69312 45.5237544885823 8.7958088824334
2.69575 10.0104270769843 4.12447177495188
2.71942 19.4530318833222 5.74814619589859
2.72205 43.2476509536005 8.57045658006912
2.72468 17.3510380515313 5.4284265927203
2.7352 11.9290208479268 4.50057283318433
2.75098 6.14536628960028 3.22976184895649
2.75361 8.56951735816498 3.81384754813703
2.75624 1.4000868736544 1.54152713203585
2.7615 9.42218856194146 3.9987719963706
2.77202 5.84326660799988 3.14871041625206
2.77465 7.04390256337811 3.45700548845284
2.80095 4.04577718781562 2.61927678204443
2.80621 22.9590270278595 6.23934762835994
2.81147 1.48804481417321 1.58837293533612
2.8141 16.4592245260931 5.28250810504459
2.82199 6.27099231118765 3.26044337213871
2.82988 9.02740599528692 3.91167758925238
2.83514 9.79852170661523 4.07515251268484
2.83777 11.1950021617081 4.35578754820604
2.84303 2.55296930123519 2.07998122595639
2.84566 18.4369844749088 5.5894950185784
2.84829 7.64251866001373 3.59862747729308
2.85092 7.47875474446386 3.55978929288598
2.85355 5.10449069458489 2.94087701864712
2.85618 6.15339808398574 3.22885966335492
2.85881 12.5209008166095 4.60575104308075
2.86144 30.7632344382176 7.21921002171218
2.86407 40.3470863252131 8.26743472812628
2.8667 7.71066142505583 3.61411118936889
2.86933 9.2951034042774 3.96801962957764
2.87722 19.7518134172155 5.78393233060898
2.87985 40.5085048747966 8.28292688921115
2.88248 32.089248701325 7.37193504625731
2.88774 2.97704974950527 2.24531242389016
2.89037 16.933319548451 5.35483124409913
2.89563 56.986231269091 9.82294495757215
2.89826 16.3428851173747 5.26031932475716
2.90089 9.12608139832046 3.9307997120643
2.92193 23.3127054491063 6.28178546734231
2.92456 13.7217221878568 4.81930734992741
2.92719 16.5415538306345 5.29129548711128
2.93508 37.2277127223598 7.93757224855393
2.93771 3.81934851301923 2.54239314471798
2.95349 5.04308082846699 2.9211733085005
2.95612 17.8706665599863 5.49886786059015
2.95875 19.0119611569495 5.67165643515121
2.96138 18.2402791014268 5.55527732065744
2.96927 1.11680680987901 1.37454725278288
2.9719 10.415894344107 4.19771044284537
