-0.19725 0.106079921203725 0.47113490054559
-0.19199 24.4033247665349 7.14669644366099
-0.18936 24.9886527910805 7.2323315848831
-0.18147 28.6334275701614 7.74322313082264
-0.17884 41.0608803238712 9.27310745834648
-0.17621 21.0951718212534 6.64704707108211
-0.17358 14.7460317348211 5.55777365739666
-0.17095 13.8846626360779 5.39332994703819
-0.16832 17.1517372139491 5.99472724585099
-0.15517 4.06202278220771 2.91821130834878
-0.14991 0.871130060809081 1.35157176999418
-0.14728 34.2110431680192 8.47045602896807
-0.14465 75.0797702929202 12.5490578193053
-0.14202 9.08363721753065 4.36521419632576
-0.13939 1.79183928217226 1.93888123599264
-0.13676 78.0146065100565 12.7942741299055
-0.1315 0.392004203430003 0.907037122949899
-0.12887 61.5860783619995 11.3696468505178
-0.12624 18.3367535682304 6.20430188844565
-0.12361 7.10588714042678 3.86248533907031
-0.12098 11.0052611342541 4.8071077633156
-0.11835 6.2174313715335 3.61339275814846
-0.11572 42.2389701972117 9.41872929601549
-0.11309 34.3654178412442 8.49615545569612
-0.11046 61.3424332477076 11.351888418812
-0.10783 42.8608228802606 9.48951118021362
-0.1052 45.9253589313043 9.8234907648332
-0.10257 6.97523385615305 3.82864339046634
-0.09994 28.5729448654417 7.74941641184313
-0.09731 35.0614474772329 8.58490780695984
-0.09205 9.39344731249049 4.44418669859227
-0.08942 8.33248147934206 4.18597379280728
-0.08679 32.4098767188866 8.25614943870979
-0.08416 108.869124309164 15.132850641282
-0.08153 18.5391518474245 6.24514940749298
-0.0789 32.0964132788755 8.21780195630286
-0.07627 13.9708033820954 5.4221012428309
-0.07364 24.6047862060753 7.19608424860941
-0.07101 54.0423773511059 10.665547869429
-0.06838 43.9006092417795 9.61348208260886
-0.06575 11.9304638487897 5.01191398740035
-0.06312 22.0005736070422 6.80646224329707
-0.06049 57.2648645628683 10.9819141858037
-0.05786 49.5536649641082 10.2164803015211
-0.05523 105.998834983706 14.943194145666
-0.0526 39.1896324628925 9.08673714486053
-0.04997 65.5160358242482 11.7496694505642
-0.04734 105.521357717735 14.9125357355775
-0.04471 46.5770864992509 9.9082495602249
-0.04208 68.0665162041036 11.9786258430924
-0.03945 107.460045529709 15.0519651963126
-0.03682 131.372686505595 16.6437693605779
-0.03419 184.430667106931 19.7217371417131
-0.03156 174.302938150998 19.1738972857062
-0.02893 221.615563340502 21.6215892046071
-0.0263 280.217804999385 24.3144687027912
-0.02367 298.659048344211 25.1034951510493
-0.02104 320.793200028506 26.0188657295446
-0.01841 355.081109154662 27.3759369566297
-0.01578 520.264115584044 33.1395468353877
-0.01315 492.919761016312 32.2590936357362
-0.01052 601.147670715902 35.6273929650349
-0.00789 532.407915887598 33.5308930832581
-0.00526 569.490852251797 34.6813225194726
-0.00263 558.195759832243 34.3379957001343
-0 564.976447290577 34.5482886752577
0.00263 635.364122949943 36.6400443695207
0.00526 581.570051166739 35.0573381412697
0.00789 610.35711508265 35.9172597256002
0.01052 611.764014979568 35.9613855822682
0.01315 535.925934657679 33.6612390758286
0.01578 492.75745993171 32.2795572056438
0.01841 491.317699364453 32.2348324954953
0.02104 367.607468525954 27.8849338959243
0.02367 286.800877624261 24.6320712586165
0.0263 260.691321957331 23.4859003845691
0.02893 196.396815467446 20.3865800104523
0.03156 207.005837234358 20.9315637202041
0.03419 63.2934290422398 11.5750508706947
0.03682 95.0264849770937 14.1840136662176
0.03945 102.933649920519 14.7634787218811
0.04208 132.144418417698 16.7289094563009
0.04471 162.222712219213 18.5366924807335
0.04734 39.9697694616808 9.20185594536832
0.04997 57.6511451821008 11.0521498596501
0.0526 36.3508344245147 8.77673872850446
0.05523 50.01851233937 10.2961424019103
0.05786 55.2914755798922 10.8260846199886
0.06049 52.5942456681722 10.5595305152993
0.06312 10.2291893914849 4.65724693959522
0.06575 112.491391908595 15.44548174026
0.06838 141.764539441891 17.3403863940959
0.07101 92.9648855697901 14.0432485107963
0.07364 21.1285695783109 6.6953965070126
0.07627 54.7785287435197 10.7815095497787
0.0789 46.9050043753464 9.97739375991061
0.08153 29.3307332865747 7.89045611262597
0.08416 21.6526529901234 6.77999428262104
0.08679 1.17134777578671 1.57706580350522
0.08942 38.3858103662975 9.02870273337833
0.09994 0.0441790870067593 0.306394355946404
0.10257 5.9026906979179 3.5418871083244
0.10783 26.0028517055508 7.43526717070256
0.11046 53.7064747919817 10.6865518245446
0.11309 58.5696071393119 11.1608842815002
0.11572 59.4124454661982 11.2418900778804
0.11835 55.3422331598006 10.8509340431033
0.12098 73.177388738065 12.4785865259744
0.12361 33.7468716367189 8.47484669314494
0.12624 56.1688151572759 10.934548767895
0.12887 107.262675293985 15.1117821301132
0.1315 49.3141660391206 10.2474391457727
0.13413 1.66648633373834 1.88394622880175
0.13676 11.1406631304235 4.87148380079637
0.13939 52.9939981012483 10.6256913002243
0.14202 93.8468508898319 14.1413804707838
0.14465 91.9374742531125 13.9980111749709
0.14728 66.0345825151599 11.8643475396764
0.14991 0.29252885389238 0.789733534332812
0.15254 124.277717074585 16.2791203935088
0.15517 117.734426475787 15.8461625950727
0.1578 169.625198468316 19.021975556385
0.16043 185.430171524506 19.8901789978896
0.16306 227.180620648741 22.017711775758
0.16569 350.419363426672 27.3475630879589
0.16832 443.8929073106 30.7823466216884
0.17095 467.725702895651 31.600668455611
0.17358 506.474120576804 32.8864733945558
0.17621 549.196197971279 34.2484130176554
0.17884 590.680516649968 35.521477702341
0.18147 535.882088211342 33.8366473452304
0.1841 521.037836040075 33.3676277571347
0.18673 555.738232049252 34.4638529696364
0.18936 659.907125618836 37.558486540314
0.19199 658.176888548082 37.5124962942445
0.19462 636.798368091142 36.9014636629702
0.19725 618.978804500226 36.3846728132075
0.19988 636.946722933798 36.912214046932
0.20251 572.788472988298 35.006992814167
0.20514 485.49287564945 32.2321600246184
0.20777 404.783161305873 29.4340145771667
0.2104 307.845825697175 25.6711432705875
0.21303 284.995430533346 24.7023238581198
0.21566 310.24029504128 25.7755680107619
0.21829 227.075856761527 22.0538742917976
0.22092 166.8191299108 18.9043872138211
0.22355 193.52264337669 20.3631907330073
0.22618 123.484888397388 16.2677350917218
0.22881 85.3012407781297 13.5219118694924
0.23144 82.8685379010178 13.328936520171
0.23407 17.8514751138113 6.18696904204756
0.2367 76.1239255833974 12.7773766245428
0.23933 68.9598172189701 12.162402485385
0.24196 91.9470115907769 14.0452778316353
0.24459 80.1171741587108 13.1118669553695
0.24722 8.7726884631199 4.33918599176604
0.24985 82.4377459514526 13.3028639373149
0.25248 51.7395453006819 10.5398292138268
0.25511 23.4263419263764 7.09275039045008
0.25774 19.1579906982523 6.41471811289645
0.263 15.9643858751057 5.85678125499292
0.26563 24.7814122391062 7.29770089947717
0.26826 9.66325291212137 4.55748068826665
0.27089 45.2514446653924 9.86323796726711
0.27352 47.2510262272611 10.0797329279025
0.27615 0.388275560714792 0.913805018052514
0.27878 12.9025005940394 5.2681793966706
0.28141 6.4368013702134 3.7213349254525
0.28404 22.422925566873 6.94624230556572
0.28667 33.8730942651341 8.53829793635948
0.2893 64.8111820713739 11.8116049228647
0.29719 0.759481286487196 1.27897674771977
0.29982 25.2547206173016 7.37589046219404
0.30245 12.0233600650759 5.08971355199703
0.30508 1.75953248185567 1.94722569842066
0.30771 9.46035374419347 4.51552824982638
0.31297 11.9664534150473 5.07939560169804
0.3156 47.546082174445 10.1256727627917
0.31823 47.8154178756332 10.1551817224197
0.32086 6.7446983469306 3.81436441819333
0.32349 6.53250378138884 3.75420463126671
0.32612 0.537165884124546 1.07663749437152
0.32875 77.6672984737915 12.947072056172
0.33138 20.1759206324923 6.59942831695766
0.33401 62.9407229206229 11.6571574554311
0.33664 44.3576321229488 9.78696722537282
0.33927 83.6486468965103 13.4409686344788
0.3419 125.561854042343 16.4689955461274
0.34453 116.127351208364 15.8395431201951
0.34716 78.7072973215517 13.0412740780441
0.34979 99.5506326757704 14.66802563117
0.35242 72.934837895639 12.5560859008327
0.35505 78.9453556862698 13.0643309322405
0.35768 146.920589848756 17.8238828178453
0.36031 196.746534504335 20.6277392304228
0.36294 239.173135164832 22.7452847900314
0.36557 187.368543717901 20.1335616517568
0.3682 163.712177590684 18.8213097474497
0.37083 247.404730327375 23.1393110333741
0.37346 189.354345770758 20.2451561713919
0.37609 201.421853535675 20.882084515515
0.37872 110.156621967819 15.4441110491435
0.38135 178.956671368084 19.6865043495182
0.38398 213.571099649554 21.5081445047131
0.38661 140.355371046952 17.4374613908538
0.38924 153.045948673863 18.2102827950935
0.39187 136.428722802769 17.1947435258084
0.3945 61.2394339655099 11.5211385016818
0.39713 98.9698343227223 14.647659875023
0.39976 83.4820584455351 13.4539684585189
0.40239 72.7349068633789 12.5594043065826
0.40502 30.1078786409745 8.08131089677452
0.40765 30.5992730809712 8.14781990349064
0.41028 57.9089999614278 11.209933068486
0.41291 68.1934668766199 12.1659347769977
0.41817 61.4798841195592 11.5539056223911
0.4208 51.224509373434 10.5473967875789
0.42606 0.694326929158283 1.22822102747318
0.42869 25.4015157683734 7.42965073289233
0.43921 30.3194953869783 8.12036796707246
0.44184 2.47900297363548 2.32218738877804
0.44447 35.7284957744277 8.81678212559788
0.4471 1.55111321547459 1.83725097926577
0.45236 27.9742145965974 7.80393519170435
0.45499 9.01732682799982 4.43116148483264
0.45762 34.6681490375144 8.68936338161586
0.46551 10.0234479736458 4.67372364157834
0.4734 1.07626785213526 1.53195634383125
0.47603 52.7963547039209 10.7307992948559
0.48129 27.0247704076242 7.67889764213632
0.49181 39.993931483623 9.34523771062512
0.49444 34.7930071682252 8.71732269244607
0.49707 24.8755651387399 7.37169646336169
0.4997 37.3461434626892 9.03332561422391
0.50233 35.4066289295661 8.79631270914472
0.50496 14.2206893066014 5.57504744543167
0.50759 50.4531226888228 10.5017611954108
0.51022 28.7889061403289 7.93342206646849
0.51285 70.3951332505363 12.4064964772003
0.51548 54.1217556867427 10.8791166635226
0.51811 73.571612277306 12.6850646575505
0.52074 62.4185237025251 11.6848769545605
0.52337 5.99705136893754 3.62214745487681
0.526 81.1626441148137 13.3261646747254
0.52863 27.8765484068423 7.81045650653944
0.53126 29.5352832862017 8.04002355459254
0.53389 63.3330156544643 11.774206891293
0.53652 91.11024684988 14.1230993619952
0.53915 118.282106688383 16.0929532027125
0.54178 65.9692285798999 12.019232646768
0.54441 67.3777335352255 12.1476997617238
0.54704 27.1814073003369 7.71616715771316
0.54967 3.5242267743986 2.77860865989184
0.5523 13.8349032338123 5.50570989793208
0.55493 36.7314049120189 8.97168106657302
0.55756 19.0696024331396 6.46480853935234
0.56019 79.7322796533061 13.2200082408763
0.56282 124.022147887792 16.4889895424379
0.56545 97.9018248156094 14.6510783486749
0.56808 61.9772154762699 11.6578913256134
0.57071 24.7295737766484 7.36447952187378
0.57334 0.55714606903299 1.10547275964067
0.57597 50.5918061285132 10.5349714945098
0.5786 48.189296718977 10.2824907047076
0.58123 2.20906235225478 2.2016930586629
0.58386 95.0703188711946 14.4445831034101
0.58649 50.2288986243256 10.4999954458483
0.58912 31.2571598006533 8.28355541412772
0.59175 135.438037406199 17.2441618172805
0.59438 127.605815775517 16.7392783827982
0.59701 34.0844374758575 8.65185621686467
0.59964 78.5623833889054 13.1361275179816
0.60227 119.645516572522 16.2116734704879
0.6049 9.8299799580901 4.64703079357125
0.61279 2.29617466232983 2.24626239492036
0.61542 75.5507038683372 12.885369524612
0.61805 10.3537577903997 4.77030571915417
0.62068 8.4153130866784 4.30082668713158
0.62331 5.53983981435501 3.48967510245117
0.63909 1.309504482074 1.69709979238767
0.64435 0.314069443801769 0.831200659423459
0.64698 10.6223842727627 4.83418885987997
0.64961 10.8388952493562 4.88342688220642
0.6575 8.59065806544822 4.34814580533781
0.66013 35.4156121788675 8.82892490007174
0.66802 1.67649246007059 1.92118828340194
0.67065 77.620970469459 13.0730890075168
0.67328 103.916874700413 15.1269467263611
0.67591 3.33118831502997 2.7084909232329
0.67854 12.0273214569886 5.14673494878247
0.68117 12.1427829332313 5.17161289170815
0.6838 55.91731669997 11.0983803163364
0.68643 76.9585632271805 13.0207039172783
0.68906 42.1588212130384 9.63761918833834
0.69169 65.1040064628336 11.9770243622413
0.69432 37.5851111835875 9.10065258847885
0.69695 61.2053230025986 11.6139179217745
0.69958 18.7300715351617 6.42500412524048
0.70221 92.1623088561209 14.2527696864785
0.70484 45.5940482928664 10.0252348282876
0.70747 31.3921558057277 8.31895793710821
0.7101 13.1775906746298 5.39006799753028
0.71273 33.8871069199402 8.64393240206492
0.71536 26.9949368664735 7.71530590509704
0.71799 78.8108012414977 13.1832576122527
0.72062 48.3824396428505 10.3297930935371
0.72325 61.8357153200688 11.6784527421078
0.72588 18.6721235599909 6.41771371809841
0.73377 43.9157349331857 9.84344603732288
0.7364 36.2785672303215 8.947053114289
0.73903 36.8005713862646 9.01156244365424
0.74166 2.93142973085727 2.5434922665383
0.74429 9.14472304838995 4.49255928068208
0.74692 52.3209235636836 10.7464271161165
0.74955 0.0701126921487267 0.393407446390541
0.75218 18.9650583627127 6.47052027155602
0.75481 41.5168905369106 9.57397688167785
0.75744 10.3809897246407 4.78759272802351
0.76007 54.1312114089087 10.9330049029905
0.7627 0.50048116405689 1.05130175269189
0.76533 17.204255978296 6.16409490145501
0.76796 26.3563290820973 7.62977404478683
0.77585 12.1342592810051 5.17761059159892
0.77848 47.1337952498461 10.2048539968216
0.789 0.324981308172462 0.847502781442387
0.79163 10.863955278673 4.90031230887689
0.79426 21.7436643170009 6.93288465774861
0.79689 14.1519560108082 5.5933716086677
0.80741 37.6257725801613 9.12115684947919
0.81793 14.4282948495506 5.64868950093521
0.82056 0.654615174747068 1.20321012809245
0.82319 21.449698577682 6.88759000801398
0.82582 45.6909566722924 10.0526384163429
0.82845 0.511383069824031 1.06352169633789
0.83108 16.7564289389527 6.08796519102759
0.83897 0.109945551936011 0.493168115569812
0.8416 14.1690898416664 5.59867656981574
0.84423 17.3396875680148 6.19360179323059
0.85212 1.48642239440421 1.81350389912367
0.85475 95.7142893371833 14.5527143697194
0.85738 1.50577457820145 1.82534028177049
0.86264 41.6928492229533 9.60530429255433
0.86527 15.653059019139 5.88556543248087
0.8679 1.06816216882752 1.53750103808795
0.87053 8.34431154714872 4.29734594818225
0.87316 64.6276353193964 11.9597591656448
0.87579 90.736782803483 14.1714154294547
0.88894 6.15724724713822 3.69195187021848
0.90472 0.0748776221049953 0.407158338874535
0.90735 2.7768860518119 2.47947134825151
0.90998 10.6011272444422 4.84449866747812
0.91524 29.6588940160457 8.1028126504031
0.91787 12.9848330910047 5.36128949969687
0.9205 37.9183826532377 9.1615451705696
0.92313 4.21720036298718 3.05526365411543
0.92576 15.3488654777951 5.82864314882548
0.92839 56.8056503478579 11.212897342368
0.93102 7.32625203606842 4.02676009424166
0.93365 48.8185741998725 10.3944167298738
0.93628 76.3663209215722 13.0002367988321
0.94154 34.2432546572838 8.70509161594137
0.94417 11.5944762874468 5.06528803232119
0.9468 0.256393565741875 0.753225280822087
0.94943 8.97588178925789 4.45658955355338
0.95206 18.8482451207624 6.45791441238781
0.95469 28.0565082312175 7.87891441177729
0.96521 35.9143723881173 8.91363209107364
0.98099 10.2343279145068 4.7578057561737
0.99151 24.8934898861866 7.41977811014337
0.99414 0.883771946663757 1.39801192373681
0.99677 28.9563844626947 8.00213145224215
0.9994 0.116014271296844 0.506502935519131
1.00203 3.80101911076727 2.89908725471951
1.00466 27.476247055372 7.79418910807536
1.00729 51.7520660779457 10.6963855676294
1.00992 81.9862651448364 13.462469220304
1.01255 75.0239111537571 12.8776017436527
1.01518 28.7758950390375 7.97499694386967
1.01781 23.7084764436381 7.23850522154346
1.02044 52.4800763029508 10.7689971027901
1.0257 1.36952942798971 1.73950481468625
1.02833 86.4361348540181 13.8187441892851
1.03096 63.9397611588389 11.8846766041126
1.03622 0.379197655447613 0.915159077169012
1.03885 19.3566932971759 6.5382316707745
1.04148 2.00512222533989 2.10424398757156
1.04937 2.55979444360851 2.37722917906237
1.052 48.1494617496751 10.3096795573178
1.05463 125.597907083696 16.6502818853514
1.05726 64.114035799833 11.8956420036871
1.06778 5.0757213488904 3.34644701288115
1.07041 31.8488072645932 8.38228810605231
1.08356 9.23117250080282 4.51179188031436
1.08882 9.60528333443841 4.60190399709975
1.09408 39.3314838018887 9.31138882410109
1.1046 24.6186184188024 7.36548066759496
1.10723 57.6612592622399 11.271793593197
1.10986 18.8580294343449 6.44585942367383
1.11512 7.15501422260558 3.97009902599113
1.12301 0.481217401339449 1.02946564808436
1.1309 44.2851269910493 9.8745028553884
1.13353 9.90108334318842 4.66884381489086
1.14668 3.5804005438005 2.80699893554798
1.15194 0.986645716987183 1.47339919620585
1.15457 33.0200868508134 8.52335543767885
1.1572 93.0247250971935 14.3054779722168
1.15983 12.8391931756604 5.31439366456076
1.16246 26.4705614199875 7.63041413419005
1.17561 29.5769603305215 8.06402138369146
1.1835 3.31855671408422 2.70081306365735
1.18613 27.5271446236126 7.7782545221914
1.18876 16.3995089286526 6.00341895921792
1.20717 0.274236774292654 0.77605396156832
1.2098 8.98442288741163 4.44167826596193
1.21506 10.5609032882386 4.81502323540343
1.22295 0.378780574227031 0.911717840589286
1.22558 7.17749095203985 3.96849503071467
1.23347 1.67557743463386 1.9170810516373
1.2361 37.8773873652164 9.11425399265767
1.23873 18.8510648670965 6.42942236057975
1.24136 7.30348942934696 4.00167767531215
1.24399 0.0133989730548974 0.171390026107011
1.24662 0.618706631161991 1.16456854643917
1.24925 5.88841447387435 3.59248311803391
1.25188 0.688506133515934 1.22835057345328
1.25451 23.8182535008803 7.22430803370922
1.25714 41.336178263334 9.5165455072254
1.25977 2.59412883589451 2.38387129633631
1.2624 2.52253757444829 2.35059992636474
1.26503 21.5839133455796 6.87539809726482
1.26766 1.02413542064956 1.49756025114506
1.27029 0.771760419428461 1.29992924368303
1.27292 25.284061190968 7.44003071298473
1.27555 26.9763923128567 7.68450843922826
1.27818 1.4658632897007 1.79119857012106
1.28081 48.4725183652165 10.2995352927365
1.28344 14.6961476970652 5.67080126342261
1.29659 0.999852717445083 1.47868209597559
1.29922 32.7563423649323 8.46301027316811
1.30185 27.2412636423756 7.71704846793052
1.30448 38.9727925056079 9.22951318665163
1.30711 26.78765900905 7.65113446529969
1.30974 24.0535368570466 7.24950477383619
1.31237 11.5921693683567 5.03224334227427
1.32289 50.4023431128615 10.489292462885
1.34393 0.106249686570854 0.481246324379119
1.34656 3.48070259615075 2.75421201400092
1.35445 0.89024114029521 1.39251100332998
1.35708 29.1639847034908 7.96945312181596
1.37023 0.529605213768931 1.07345174552762
1.37286 17.34967589191 6.14344994410513
1.37812 32.2458070229423 8.37382200457197
1.39653 6.39655673409295 3.72719062158652
1.40179 1.92547899356485 2.04452342371548
1.40705 0.0425115698843106 0.303690344089657
1.40968 1.39245259100191 1.7377805874644
1.41494 32.739873049785 8.42360117063684
1.41757 53.6279674380365 10.7790929449155
1.42546 10.5136160379384 4.77028361432939
1.42809 38.9096188889924 9.17537414873784
1.43598 0.548025898721872 1.08837144406238
1.43861 18.8358680975341 6.37964436167772
1.44124 29.160129887691 7.93643390103974
1.44387 5.12709783649872 3.32731165936107
1.4465 16.6857535637265 6.00146904447347
1.45702 4.1287718689715 2.98334012345624
1.46228 0.334589803097913 0.84898958460373
1.46491 10.9593537880557 4.85808703641553
1.48595 3.50162083102239 2.74233770687986
1.49384 54.2468833736229 10.7883107653766
1.49647 28.6762385905896 7.84248422130098
1.50173 32.5121872036076 8.34775397323047
1.50436 4.59475000177809 3.13779843246221
1.53855 31.8722640832461 8.25120851899529
1.54118 38.9578243250113 9.12128078928203
1.57011 30.8392951337422 8.10458830344631
1.57274 0.50960103162154 1.04169626154842
1.57537 16.7460906982144 5.97076368140489
1.578 21.9169329058775 6.82983553399058
1.59378 15.5168131019311 5.7425464129416
1.6043 24.3494856324301 7.19344010189933
1.60693 6.6874255652112 3.77033780305612
1.61219 48.6989849501601 10.1772110407652
1.61482 2.83554042352336 2.45609830382179
1.61745 0.883790191901836 1.37139131362931
1.62008 28.9658143395512 7.85215100101243
1.64901 16.5483077502747 5.9438814022431
1.65164 28.2275402523428 7.76405553108883
1.65427 0.581548927277915 1.11456141245338
1.6569 53.219055574578 10.6635840852009
1.67531 21.6867749569218 6.81361916562216
1.68583 0.235793402164621 0.710854245545506
1.68846 7.72800487000919 4.07011783875101
1.69635 0.195133188548922 0.647015109715972
1.69898 6.98120952327148 3.87054996241373
1.70161 50.7635233671513 10.4396037468772
1.70424 0.0387129304158145 0.28841433168732
1.71213 0.704138741800712 1.23156990460576
1.71476 23.0906963828564 7.05551211391291
1.77262 0.89642417585955 1.40278534357969
1.77525 29.3958221083533 8.03625951343454
1.78314 10.2737114575254 4.75668172505487
1.79103 13.5289606250867 5.4651313490964
1.80944 0.188980965623358 0.647817985960851
1.81207 14.1758605097792 5.61314271297777
1.82522 74.325812483085 12.8805906352085
1.82785 0.336078110501761 0.866507831601397
1.83048 11.0212640558174 4.96425813731975
1.83837 0.501552325845271 1.06036318538098
1.841 18.7476230679257 6.48567616276056
1.84626 0.738679665501085 1.28848991413441
1.84889 24.2239577849578 7.38177262416248
1.85941 14.6399827623818 5.74840645577561
1.87256 26.9820505939679 7.82050826074896
1.87782 0.156691264830327 0.596467704003736
1.88045 5.13842465046154 3.41714040026112
1.88571 2.51329853044115 2.39186120475212
1.89623 32.7487385498826 8.64851605694148
1.90675 3.71360597027379 2.91460572397488
1.91727 1.83710643800932 2.05077413790454
1.9199 14.482820229254 5.7586331674992
1.92516 0.375334007069365 0.927227110695267
1.92779 12.3041518304243 5.30939640842291
1.93042 0.121461581480137 0.527571001221231
1.93305 68.2027352396114 12.5027191930323
1.94094 6.39023902655599 3.82814585784378
1.95935 0.142129518847333 0.571303105728157
1.96198 5.05550711873286 3.40760185884779
1.96461 15.4381974411559 5.95534343943015
1.96987 0.261577036039521 0.775340313577251
1.9725 37.2399599399706 9.25207553305951
1.98039 40.7105236450142 9.67640169489705
1.98302 10.4506968104232 4.90314960931014
1.98828 8.05115432923287 4.30442876294815
1.99354 2.85550139844161 2.56396169919394
1.9988 36.2957685614976 9.14286288240823
2.00143 34.9663935951803 8.97075642224809
2.01721 1.06628855802485 1.56252587549971
2.01984 15.7661651919963 6.00574225332098
2.02773 1.92176470583079 2.09408463385016
2.03036 43.4960188847778 9.95822757313219
2.04088 19.6177649221934 6.67625814230347
2.04351 15.678643854845 5.96588622999092
2.04877 16.917892588056 6.19181665356726
2.05403 13.8597448586183 5.59946016564832
2.05666 0.46611112579677 1.02641933435359
2.08559 7.8727732539887 4.19817095379089
2.09611 18.836636698619 6.48239039607769
2.104 0.665260259612602 1.21600346485454
2.10663 21.7634870169564 6.94964139596176
2.11978 19.2840257254883 6.51605286674681
2.13556 1.49667701116382 1.8066620320962
2.16449 20.7936464566267 6.67460797949263
2.17501 0.6717902054317 1.19580196398097
2.17764 33.665183129986 8.4581808307923
2.18027 19.312205078369 6.40097114974968
2.19079 6.56070504147069 3.71854601357474
2.19342 17.870391868951 6.13204668080732
2.20131 0.797504386294965 1.29219386699374
2.20657 0.581002349912332 1.10116058542695
2.2092 27.6210955663024 7.58632783422954
2.21183 12.7594857195657 5.15200904493706
2.21446 9.44885986698268 4.42994202662341
2.21709 0.502294574148282 1.02055242402698
2.21972 16.4312819711717 5.83228802734158
2.24076 15.2561751183274 5.58319187190613
2.24339 57.7205394883748 10.8509269306617
2.26969 38.2451609164873 8.75943948105416
2.32755 0.281753161763427 0.739926005746881
2.35122 19.5574839607269 6.13121188515003
2.38015 25.5825177887075 6.96524947149771
2.38278 0.823233647404522 1.24870179258341
2.38541 58.3945449661219 10.5103004856823
2.38804 27.9588727181472 7.26809013414233
2.39593 0.884755447929023 1.29051943437387
2.39856 42.1333779491024 8.90012720707714
2.40119 60.668022691206 10.6739632797119
2.40382 5.33317785046099 3.16348398482599
2.4196 0.427446621527642 0.893452722890479
2.42223 14.1811638673881 5.14413574643005
2.42486 6.11670082518355 3.37707583369202
2.43012 0.0410899362703568 0.276567362707739
2.43275 1.34525520511329 1.58183370504603
2.44853 3.04667829443996 2.37476457301689
2.45116 15.4613073378602 5.3475477250293
2.45379 57.6609575823357 10.3227793900098
2.45642 50.6295809028363 9.66900762428565
2.45905 0.557664172856446 1.01435501673829
2.46431 7.48829414760275 3.71400405753894
2.46957 20.6022706026911 6.15538486859145
2.4722 21.2410132318182 6.24753128390662
2.47746 0.156423319525245 0.535694826982371
2.48009 5.24542388888332 3.1008425945409
2.48272 29.2945825478245 7.32496680226805
2.48535 28.728819571013 7.25092357220113
2.4985 1.77043958208473 1.79632523415088
2.50113 43.2654437838757 8.8765726364393
2.51165 33.8689818015823 7.84585889550593
2.51954 25.5582891889265 6.81048842216776
2.52217 0.265589380356225 0.694078504211257
2.5248 8.69783118811456 3.97099688494722
2.53532 0.997003220994326 1.34308982990681
2.53795 33.7174656990671 7.80862891351934
2.54058 50.1881697327344 9.52441890991458
2.54584 0.177076551225892 0.565456428414704
2.54847 5.79909643814078 3.23511039449429
2.55636 0.337637319234739 0.780018301055174
2.55899 11.1112313098933 4.47353422494263
2.56162 14.5268654785302 5.11382275133663
2.59318 29.1761404796502 7.22519871972744
2.59581 16.6344844544434 5.4541849837988
2.6037 6.80147794042526 3.48541143832545
2.60633 32.7982733749194 7.65267265165557
2.61159 27.3231997085948 6.98270745175702
2.62474 6.09988212255879 3.29681448371343
2.62737 1.47015574770125 1.61826837490678
2.63 2.37432376436369 2.05624050492797
2.63263 1.45842797517105 1.61131882204299
2.66156 0.0512953486151332 0.301690899698555
2.66419 1.68022036772632 1.72639890810767
2.67208 19.3088824628336 5.84979868845012
2.67471 13.4247083540146 4.87696361644748
2.67734 37.6474380130494 8.16581457872765
2.67997 19.461878156208 5.87028072900136
2.68786 21.3719875420329 6.1488361439363
2.69049 8.86357142714731 3.9592183605691
2.69312 24.6938127614962 6.60744798122095
2.69575 10.7549594026058 4.35992122185345
2.72468 15.6308832143863 5.25010207534169
2.72731 0.255618628204895 0.671322599054265
2.72994 9.3827594497498 4.06686100900708
2.73257 33.4891166718315 7.68254121617544
2.7352 14.4246287125095 5.04155350146242
2.73783 10.5117842530329 4.30337583012286
2.75098 7.05622962871487 3.52413295706719
2.75361 3.60795385966865 2.51973791795106
2.75624 0.414646415467623 0.854127658892665
2.75887 13.9044059180915 4.94559994858857
2.7615 10.5098971096786 4.29933142343178
2.77728 10.6252259640314 4.32040229288739
2.79043 9.98295506122891 4.18580459892076
2.79306 46.4226649711347 9.0255413849972
2.79832 15.4274033076537 5.20202327601615
2.80095 0.195126420853498 0.584985577280686
2.80358 6.39257152508088 3.34807639891543
2.80884 6.24918869183773 3.30986478703862
2.81147 25.6554405042699 6.70592360119631
2.8141 7.41696619966656 3.60539157212381
2.81673 22.0727182643603 6.21924436213787
2.81936 26.7534707513798 6.84652494282667
2.82725 10.4997547227004 4.28825828434524
2.82988 5.73822160841957 3.16993544722582
2.83251 30.9866557641844 7.36579302885223
2.83514 34.4692733685395 7.76816810993268
2.83777 24.5919825132534 6.56099507294866
2.8404 3.93433406936053 2.62409131188922
2.84566 0.0429296138573608 0.274070679528685
2.84829 1.40642430320198 1.56860155138579
2.85092 9.46978175448302 4.07000378814656
2.85618 11.5424223875826 4.49276845210796
2.85881 15.1126392515553 5.14050836383205
2.86144 4.50664123508895 2.80693760314034
2.87196 1.99358353571665 1.86640056421851
2.92193 0.0946687209932708 0.406264485406047
2.92456 3.10159804587532 2.32529761967939
2.92719 7.64036380342833 3.64941281596024
2.93245 0.667465428955767 1.07855109507699
2.94034 4.00194263517045 2.64059803077189
2.9456 23.0017594024702 6.330058707301
2.96664 43.6671233684226 8.71858096688739
2.99031 10.429839050703 4.25920599365499
2.99294 3.87432477909691 2.59578065911824
