-0.19725 7.47997230191924 3.96290953910766
-0.19462 8.86890981769407 4.31537087827842
-0.19199 26.1563986887432 7.41123906657968
-0.18936 32.9613340550257 8.31999525376999
-0.18673 53.6626404419889 10.6163577595262
-0.1841 9.99176868865626 4.58120312746659
-0.18147 92.3240612989833 13.9262647742306
-0.17884 27.7511242583073 7.63547961237269
-0.17621 9.16656557101993 4.38852106330284
-0.17358 2.1049168621278 2.10305759217054
-0.16832 28.1177299113573 7.68708131066622
-0.16569 30.4828474196306 8.00420012571059
-0.16043 26.4579956399405 7.45772367827086
-0.1578 71.1754855891124 12.2324051582648
-0.15517 66.8724512954621 11.8573892763109
-0.15254 31.6690642165984 8.16022039621102
-0.14991 72.9662732823609 12.3869439158829
-0.14728 4.00641252255408 2.90268383593493
-0.14465 28.3082929901134 7.71609480672635
-0.14202 59.5011592298051 11.1872215284982
-0.13939 90.3145442940679 13.7834260574011
-0.13676 27.3458203987704 7.58477354853402
-0.13413 45.231545361671 9.75521080892228
-0.1315 25.0225654132491 7.25605667821163
-0.12887 79.1732795454806 12.9075218658964
-0.12624 71.3662787294763 12.2551569773284
-0.12361 30.1420045437575 7.96484295456797
-0.12098 10.4331046282859 4.68615587435462
-0.11835 65.3235134808581 11.7263678184373
-0.11572 34.2155239230896 8.48709641813233
-0.11309 16.5519245346492 5.90324190226785
-0.11046 8.36130979377678 4.19587246763448
-0.10783 59.4233809309648 11.1862002640627
-0.10257 29.2172733918513 7.84442882855038
-0.09994 7.63611616736004 4.01048164069077
-0.09731 30.0648010221556 7.95806201654969
-0.09468 50.264348150426 10.2902368974717
-0.09205 4.83660431010847 3.19214651657504
-0.08942 2.95880591574027 2.49682421350006
-0.08416 44.4168091006454 9.67470615121643
-0.08153 76.0423403731483 12.6592806827876
-0.0789 95.2002949104843 14.16503408283
-0.07627 50.7780287075669 10.3455498844936
-0.07364 15.4245932796007 5.70216399878425
-0.07101 50.5135138475835 10.3193849704158
-0.06838 125.166158274118 16.2446614693544
-0.06575 115.255823296737 15.5889125583611
-0.06312 88.047404998033 13.6257319044598
-0.06049 83.1462238176529 13.241585832375
-0.05786 131.965874903075 16.6827149761177
-0.05523 124.583220318986 16.2099941645007
-0.0526 67.9734518055149 11.9740182597979
-0.04997 136.224564732763 16.9517734011259
-0.04734 107.119794313942 15.0327854035242
-0.04471 77.1027461415144 12.7543016298863
-0.04208 163.121336801482 18.5521527905622
-0.03945 170.744801238987 18.9814696947305
-0.03682 119.370723017172 15.8716532494518
-0.03419 255.502058472918 23.2213582374569
-0.03156 264.230220362644 23.6155911227146
-0.02893 340.353637618764 26.8034029296769
-0.0263 393.171934725379 28.8093294207356
-0.02367 328.511800384369 26.3350737296792
-0.02104 407.150009863404 29.319288808696
-0.01841 522.088152998909 33.202079098433
-0.01578 667.781577793583 37.551538089713
-0.01315 616.1572049518 36.0722664309879
-0.01052 718.626666901042 38.9579843505589
-0.00789 852.879512544029 42.4429736420854
-0.00526 955.019206397091 44.9143545384709
-0.00263 1020.15931150699 46.4226849057046
-0 1003.22009863814 46.0372168111907
0.00263 1009.99187284252 46.1931755907288
0.00526 1090.53531900959 48.0006013870662
0.00789 1098.97098884422 48.1867743714214
0.01052 1109.31094963906 48.4138167540351
0.01315 983.131876875512 45.5781287967672
0.01578 965.34250401885 45.1647121497924
0.01841 791.067664268695 40.8858732886577
0.02104 761.38756265253 40.112273756191
0.02367 751.601184035317 39.8543791707514
0.0263 586.025378016613 35.1923656373693
0.02893 452.672819261566 30.9307454488462
0.03156 374.480653084806 28.1333078700436
0.03419 266.701928523177 23.742536375403
0.03682 146.315420926898 17.5859977061332
0.03945 141.466637913031 17.2924649916396
0.04208 143.598263189353 17.422577685301
0.04471 62.8425387482595 11.5258404558877
0.04734 146.936111596983 17.6245460881911
0.04997 119.919076434203 15.9222974584236
0.0526 88.4383388509678 13.6738184611231
0.05523 24.7809855158246 7.23830258343219
0.05786 7.43076231104724 3.96371168753608
0.06049 10.3518724289625 4.67845819487934
0.06312 26.1129326481317 7.43068834191966
0.06575 40.8986743663459 9.29958915755001
0.06838 18.2647341638625 6.21475122536182
0.07101 0.279861270640861 0.769301174595107
0.07627 2.89750221683586 2.47544185687889
0.0789 46.3351853119401 9.89929386765049
0.08153 90.9117732573075 13.8664966739319
0.08416 104.779327549252 14.886836317612
0.08942 35.3105292041159 8.64236425948048
0.09205 52.8611144545543 10.5744194392983
0.09468 52.6863775153642 10.5571202019356
0.09731 43.3844646707686 9.58012860568753
0.09994 114.36220815227 15.5544050636913
0.10257 199.180778343676 20.5273105430088
0.1052 171.571070123921 19.051246702671
0.10783 154.815497742796 18.0967929829736
0.11046 123.129419463222 16.1386925476265
0.11309 160.574580018598 18.4297252094779
0.11572 214.79839545159 21.3151802200024
0.11835 273.163268139644 24.0368565913615
0.12098 229.282736062436 22.0214154261738
0.12361 177.572603140377 19.3794104960931
0.12624 165.860484383482 18.7291071935666
0.12887 205.330117685471 20.8384286640062
0.1315 220.646563336598 21.601318084371
0.13413 232.729682244148 22.184548024487
0.13676 259.889989700761 23.4429629420029
0.13939 323.936220678137 26.172216769512
0.14202 253.177105235406 23.1374767816283
0.14465 255.942471198801 23.2631214504978
0.14728 292.700963422101 24.8772237291565
0.14991 271.293046898274 23.9498167460929
0.15254 340.177289118521 26.8181334810932
0.15517 348.660033449551 27.1500104164721
0.1578 363.065566006033 27.7047652090553
0.16043 454.385930190024 30.9932705360069
0.16306 577.980974656953 34.9546346447842
0.16569 688.608752592723 38.1528768469787
0.16832 855.992094171363 42.5372024143123
0.17095 1088.47941374354 47.9664063475732
0.17358 1486.29843411367 56.0496761568451
0.17621 1734.97794787581 60.5564073956057
0.17884 1897.67453794831 63.3310972377095
0.18147 2015.31421892975 65.2635293687646
0.1841 2115.17506073346 66.8598433197373
0.18673 2179.89803866211 67.8739790817318
0.18936 2207.70744424283 68.3044509611059
0.19199 2194.79429455515 68.1033034654881
0.19462 2235.04512213985 68.7238432088848
0.19725 2274.13207892309 69.3210537835993
0.19988 2184.02675643264 67.9327685059978
0.20251 2161.77128371955 67.5831951720061
0.20514 2080.26103511554 66.2940373641595
0.20777 2035.57669812455 65.5754060143285
0.2104 1762.9092099633 61.0230522008117
0.21303 1454.56442737098 55.4277350281404
0.21566 1218.66293742688 50.7322529800405
0.21829 1038.13116401045 46.8220211917441
0.22092 828.699796762861 41.8315881270293
0.22355 672.906864363306 37.6933648335861
0.22618 501.074394451378 32.5252186269505
0.22881 438.535165566343 30.4265716631882
0.23144 327.838217007657 26.3064524516826
0.23407 237.496127736605 22.3893996377036
0.2367 184.465080660321 19.7311750358058
0.23933 152.575586194832 17.9440335524755
0.24196 72.6127234200613 12.3784308025014
0.24459 73.4112004177714 12.4457786568849
0.24722 81.4486602552062 13.1088489988136
0.24985 146.937963207739 17.6064287189308
0.25248 151.566738095346 17.8808389762104
0.25511 69.6023740588024 12.1165684551961
0.25774 45.7410629442787 9.82205613929142
0.26037 86.9514968033607 13.5415846048523
0.263 146.070493232244 17.5506769771524
0.26563 223.73095436335 21.7198754322462
0.26826 157.063810142369 18.1975961492342
0.27089 163.245759883724 18.551480646005
0.27352 133.6599095639 16.7857158441513
0.27615 220.774296626148 21.5722379236299
0.27878 124.573792787317 16.2037655162175
0.28141 121.824801504318 16.0233057801243
0.28404 103.876821372217 14.7953501192291
0.28667 78.0152671401828 12.8214568740263
0.2893 137.541601259382 17.0233985703065
0.29193 83.5093391708486 13.2641188557871
0.29456 197.36655981019 20.3905676994591
0.29719 225.032162994789 21.7719073617598
0.29982 261.187105959161 23.4547978550393
0.30245 270.183964428695 23.8543666221077
0.30508 215.533725424924 21.3048332436945
0.30771 166.011721699291 18.6970165946079
0.31034 207.758173085042 20.9153149786105
0.31297 229.334296382712 21.9736532260458
0.3156 215.485615430462 21.2990050264812
0.31823 163.761120887557 18.5668395537287
0.32086 244.670696907872 22.6937345674465
0.32349 272.335486043101 23.941398501121
0.32612 292.597186361733 24.8150340895376
0.32875 298.556271235248 25.0654384736064
0.33138 336.074582031639 26.5927005487561
0.33401 339.023076577669 26.7080168089707
0.33664 302.700776659435 25.2357477527362
0.33927 341.639802658062 26.8087175654927
0.3419 418.784882073064 29.6803967901171
0.34453 434.526729677493 30.2318586704406
0.34716 422.227758277918 29.7997338119015
0.34979 443.64924994125 30.5450796680868
0.35242 456.240187894936 30.9742319399794
0.35505 455.972775311638 30.9638976665731
0.35768 409.560527697943 29.3445600017945
0.36031 426.549049951328 29.9457663182067
0.36294 435.33445373794 30.2513560390288
0.36557 462.820000481347 31.1904593003928
0.3682 501.143693552236 32.4548217352356
0.37083 446.258575935208 30.6248353072181
0.37346 481.736286803602 31.8176085317756
0.37609 386.286742682967 28.4905041063375
0.37872 361.208863312749 27.5490614542928
0.38135 387.967065208596 28.5500855315005
0.38398 368.998568963397 27.8422737131112
0.38661 359.47838286188 27.4796451152853
0.38924 241.827396129261 22.5377133467877
0.39187 272.558351826602 23.9259514848601
0.3945 290.195510644113 24.686935563713
0.39713 313.224000260007 25.6467135543106
0.39976 249.350631279999 22.8818250068353
0.40239 138.807708993877 17.0712845978687
0.40502 95.9020591758028 14.1888552438357
0.40765 111.543722472148 15.3013566537185
0.41028 156.15149763127 18.1031614365205
0.41291 94.5602973520738 14.0867152244589
0.41554 101.988261417236 14.6286545596503
0.41817 75.540677925136 12.5890713861852
0.4208 63.8822023713227 11.5762303773184
0.42343 63.8566770971806 11.5732234737635
0.42606 75.8219233291341 12.6102163389991
0.42869 27.7554727901295 7.62910176633516
0.44184 71.827298480099 12.2691248063927
0.44447 48.6205592165347 10.0937542884183
0.4471 65.1770509480058 11.68595041555
0.44973 6.18952339834564 3.60096765153905
0.45236 23.6152982539167 7.03333428190082
0.45499 71.2774808564368 12.2184083572241
0.45762 8.37562242581485 4.18813748754007
0.46025 5.17677468754208 3.29242532140395
0.46288 12.5687255740912 5.12986382985006
0.46551 89.839149071837 13.7140882727904
0.46814 77.1582656233437 12.7086453838538
0.47077 100.89303439028 14.5315696959067
0.4734 33.6679531621501 8.39390782027914
0.47603 33.7803789872108 8.4074055144805
0.47866 36.6735420810385 8.75951499122617
0.48129 24.1237804528524 7.10395508030885
0.48392 40.1325786333115 9.1622037237253
0.48655 56.2877282688905 10.850060443816
0.48918 99.7239581459153 14.4410553690399
0.49181 93.825777905234 14.0066457663031
0.49444 122.126467923142 15.9790822721501
0.49707 132.937564619127 16.6703480172716
0.4997 128.450380124946 16.3854303324436
0.50233 107.575892355488 14.9937271883898
0.50496 151.429319335419 17.7876704780775
0.50759 80.4709184380366 12.9656868152588
0.51022 106.815293020327 14.9367020216882
0.51285 93.0457441770648 13.9395322282868
0.51548 110.478423931581 15.1880009688425
0.51811 176.494289168718 19.195045279805
0.52074 155.472422161684 18.0140937616711
0.52337 180.984843419584 19.4342935088635
0.526 146.940186520747 17.5097465027552
0.52863 153.264459185583 17.881016259842
0.53126 144.932267957034 17.3866499855824
0.53389 126.429217486762 16.2374932343676
0.53652 184.391667176201 19.6077512151859
0.53915 139.998795109041 17.0836698135471
0.54178 131.698372266704 16.5680384782877
0.54441 83.9377799245312 13.225786088026
0.54704 84.0477387694899 13.2332838878085
0.54967 184.952041065073 19.628902937636
0.5523 111.236606427617 15.2213149746955
0.55493 155.858515895517 18.0158772025136
0.55756 109.595738952841 15.105976683895
0.56019 68.5570115659186 11.9464738959669
0.56282 120.985736404823 15.8687494337602
0.56545 97.3394518234524 14.2325223733769
0.56808 165.606063907075 18.5625376895511
0.57071 143.880341701217 17.3006236301784
0.57334 172.585733197193 18.9463372817711
0.57597 134.345470716802 16.7146049574994
0.5786 109.992810013219 15.1226718194571
0.58123 64.6949537341491 11.5969384565171
0.58386 68.9417478098985 11.970465995424
0.58649 19.6495503873929 6.39010475912497
0.58912 23.9781545325055 7.05831923222179
0.59175 35.4766373552574 8.58472498266529
0.59438 70.1105044805486 12.0672537468137
0.59701 48.8666918966294 10.0736092007043
0.59964 30.7400669529568 7.98900616524354
0.60227 54.6107818886359 10.6470587317853
0.6049 27.3617796632422 7.5351660665294
0.61016 3.49255691221712 2.69124196380927
0.61279 7.34809053556889 3.9029985239322
0.62068 2.49816528514 2.27463648120499
0.62331 7.57133755645387 3.95929414575173
0.62594 21.083701846737 6.60594451115642
0.62857 33.8479008141074 8.36868768846552
0.6312 51.2263488681399 10.2936209589442
0.63383 28.9743692607687 7.74031122810265
0.63909 11.1225121462393 4.79416215616718
0.64172 93.3588717032687 13.8873365906535
0.64435 10.5899050012759 4.67645827221676
0.64698 20.3593310046761 6.48309860743264
0.64961 9.78467284105224 4.49369768502785
0.65224 38.5450272108675 8.91753195569547
0.65487 63.2241506945443 11.4190973173553
0.6575 63.1179284920694 11.4076554119317
0.66013 98.2337518344202 14.2291881473727
0.66276 148.13190155132 17.4704367871498
0.66539 137.283306230901 16.8158186211423
0.66802 98.6327993928848 14.2511362263583
0.67065 28.1858306793627 7.61699851194596
0.67328 127.849916918054 16.2199045175143
0.67591 117.244245238682 15.5300705921606
0.67854 86.5050267725385 13.3376066706337
0.68117 93.9013196596112 13.8938507582806
0.6838 142.301699792565 17.1009938580882
0.68643 42.5956258915253 9.35466655372163
0.68906 36.3890410320455 8.64491235681573
0.69169 45.1490890127848 9.62784837292219
0.69432 23.4952115004412 6.94422620538089
0.69695 33.1215896169184 8.24364301644213
0.69958 63.1109125645329 11.3774571564492
0.70221 94.7985398345234 13.9420896353652
0.70484 62.5593428163542 11.3245971100443
0.70747 84.3391570963029 13.1474313748591
0.71273 39.1267811606552 8.95287531755896
0.71536 46.9175373284372 9.80263106744433
0.71799 15.9098503655227 5.70765438645651
0.72062 68.437865718301 11.8364754942516
0.72325 112.528596485264 15.1759248958427
0.72588 40.2162781872164 9.0713972731137
0.73114 14.2044469932132 5.38994633346067
0.73377 20.4651002748161 6.46887427011871
0.7364 3.08711178139053 2.51216079403845
0.73903 61.9245789597336 11.2499931907794
0.74429 15.3813656293414 5.60553522388756
0.74692 69.4739711805988 11.9118752691791
0.74955 112.230936500919 15.1382193549474
0.75218 109.901728982196 14.9785639002108
0.75481 30.5562248805099 7.89709140309768
0.75744 72.5126009392769 12.1639169809987
0.76007 48.6737664967044 9.96468469667064
0.7627 52.0225505173981 10.3005703084562
0.76533 69.083452585346 11.8686636446636
0.76796 20.0153965413141 6.38772553422095
0.77059 5.31690324689497 3.29187137579847
0.77322 13.6414419792827 5.27221288386058
0.77585 27.0456414575879 7.42268017808118
0.77848 18.2383549072161 6.09472664813804
0.78374 24.327669405741 7.03736714153063
0.78637 26.5954203720453 7.35720141519158
0.789 40.0779435899724 9.03048715014416
0.79163 5.69455612351081 3.40359313589087
0.79426 1.70204592085828 1.86055520764165
0.80478 30.2204824328368 7.84000216653489
0.80741 15.1504031975102 5.55180583599215
0.81004 14.1931747617835 5.37425935940022
0.81267 1.50668325657032 1.75124329387867
0.8153 3.7555239446282 2.76520551864185
0.81793 3.6414584917113 2.72324338622776
0.82056 15.9257459144906 5.69580720283551
0.82319 29.7138264219023 7.78110505711362
0.83634 3.9345573775497 2.83330091891858
0.8416 20.1163317261471 6.40814251106941
0.84949 9.08763303928762 4.30876250759146
0.85212 8.81160920029911 4.24337308156474
0.85475 22.8822579243576 6.83895055469537
0.85738 19.0491874280894 6.24071946788002
0.86001 36.3502090651269 8.62196553979921
0.86264 4.53674012450025 3.04635952031414
0.86527 4.39894165658076 3.00012720640393
0.8679 21.4061710417013 6.61898524741851
0.87053 39.2129233323537 8.95968749437051
0.87316 30.2812307330753 7.87447000606941
0.87579 9.32117111885341 4.36944339580089
0.88105 26.1902937876587 7.32611326995658
0.88368 34.2577724318982 8.37990828727475
0.88631 8.5937836260048 4.19766870862454
0.88894 45.4558652138375 9.65533061109764
0.89157 79.7023228534587 12.7868594651688
0.8942 37.2746833313149 8.7456398171669
0.89683 2.64677219611953 2.33076815973549
0.90472 22.8724165106748 6.85716742136291
0.90735 13.1973070337682 5.21080433320983
0.91261 55.3396915549313 10.6789072136076
0.91524 85.1290672662864 13.2501363331072
0.91787 31.314103242927 8.03941086849598
0.92313 25.3801127304937 7.24346302906066
0.92576 19.3445955142277 6.32632814811458
0.94154 57.252364274985 10.9093837999596
0.94417 31.8760216173047 8.14342358199609
0.9468 15.0370626238336 5.5953569739463
0.94943 29.3380818645215 7.81867828429714
0.95206 28.7576389391368 7.74399662002045
0.95469 29.2194479588001 7.80900077483498
0.95732 0.921162462275933 1.38706995741327
0.95995 0.893653393927971 1.36673858884572
0.96258 36.2265381956443 8.70532196493648
0.96521 30.751114010704 8.02365473120022
0.96784 27.1527472553545 7.54256297941543
0.97047 42.8637398974996 9.48041185943355
0.9731 39.8039090747857 9.13934394918356
0.97573 22.8608015960484 6.92895495548426
0.97836 28.0695274389811 7.68084993781297
0.98099 18.1798606947161 6.18381646991306
0.98362 32.4570266293725 8.26580462913879
0.98625 44.9180573205918 9.72770909357448
0.98888 44.8382785146563 9.72285361586976
0.99151 66.7841060294283 11.8706608937055
0.99414 74.6459460162198 12.5548168119301
0.99677 40.5957599929044 9.2622479028338
0.9994 63.2926790905499 11.5696831767656
1.00203 60.8646423581007 11.3503190787673
1.00466 100.490662715096 14.5904620224321
1.00729 119.678744945649 15.9292455977378
1.00992 153.914478774331 18.0720237692329
1.01255 27.689438644047 7.66839248725246
1.01518 5.3364849941509 3.36786721733954
1.01781 1.16340618303067 1.573160037725
1.02044 23.7893255885879 7.11668995425428
1.02307 21.9847985942813 6.84428107323221
1.0257 12.1280803392266 5.08559867028095
1.02833 22.4644532179575 6.92425880415283
1.03096 19.9939457357401 6.53512329626837
1.03359 44.6930163783915 9.77469876443037
1.03622 18.0998735089231 6.22300556154141
1.03885 67.2078908378586 11.9964093166352
1.04148 26.1102587123492 7.48040834264936
1.04411 5.57498549330063 3.45796042446803
1.04674 11.8678458494432 5.04733788703619
1.04937 85.5189460471405 13.5545697640086
1.052 78.021452441122 12.952081641152
1.05463 25.2280961010757 7.36805130038487
1.05726 71.3174386861293 12.393271692308
1.05989 41.7451376228591 9.48568294630225
1.06252 59.7135187670315 11.3495697124412
1.06515 33.3903361151069 8.49045030460437
1.06778 16.3234327952806 5.93886148666921
1.07041 5.55659718287996 3.46640163477258
1.07567 4.07658108960772 2.9715017107081
1.08093 15.7349549361786 5.84270066787276
1.08356 2.65821509066553 2.40243807388338
1.08619 8.70551811238892 4.34941219728306
1.08882 27.2859184945553 7.70333023959905
1.09145 56.4204455797461 11.0816214925226
1.09408 77.3874803031706 12.9836289644279
1.09671 74.9086046528725 12.7791550950335
1.09934 73.9905129662794 12.7057325417341
1.10197 35.4799035803763 8.7992698191647
1.1046 26.6488122785737 7.62667075138768
1.10723 36.0767181469911 8.87462933495391
1.10986 9.92748115904863 4.65582750323634
1.11512 11.1118506170742 4.92665089427692
1.11775 39.20215166491 9.2545254854757
1.12038 29.200359580689 7.98792368900621
1.12301 2.21844383590805 2.20193565112488
1.12564 18.0581775926627 6.28286824964101
1.12827 61.4640003190761 11.5923633557103
1.1309 18.1080984728484 6.29272237298819
1.16509 21.7496322498219 6.90485998406957
1.16772 40.7890867540124 9.45673841548951
1.17035 20.6794161398015 6.73409101620184
1.17298 35.7488430572119 8.85485173749048
1.17561 36.9645594823711 9.00499572534533
1.17824 54.8956365305106 10.9748879222672
1.18087 14.9706192825624 5.73180615368492
1.1835 15.4401512299028 5.82153896884268
1.18613 14.9700741640529 5.73276877242123
1.18876 7.23008113583986 3.98441386114553
1.19139 7.00996005209336 3.9236569401901
1.19402 19.7240471887299 6.58220896794158
1.19665 26.8924014689534 7.6865034696282
1.19928 7.53210204136904 4.06823340109428
1.20191 23.1422091912808 7.12806912628056
1.20454 37.9550853191107 9.12485698306051
1.20717 48.0719915204076 10.2649910709249
1.2098 69.5372031059781 12.3407745825169
1.21243 17.3710149545242 6.16548934443851
1.21506 1.78617655822565 1.97623298581705
1.21769 17.7643820618562 6.22976770324222
1.22032 19.9916594547361 6.60605103050377
1.22295 0.0957266664995541 0.456935102418285
1.22558 10.6460424177866 4.81673280136361
1.22821 66.6980634076102 12.0513396706316
1.23084 9.62896806774245 4.5770820260292
1.23347 21.3813601943013 6.81767736389803
1.2361 82.9606814164626 13.4237774651333
1.23873 63.210909940891 11.7126258035159
1.24136 45.8200009120098 9.96793743051169
1.24925 61.5713406304746 11.5405016222143
1.25188 6.76929323090218 3.82495166902514
1.25451 3.47846287171502 2.74073300707678
1.25714 0.717101400127579 1.24388987725179
1.25977 0.694558847171179 1.22367087903371
1.2624 7.54464509388236 4.03132497614064
1.26503 13.2785548952288 5.34591386461999
1.26766 30.6163445169307 8.11411604555245
1.27555 41.4370818637272 9.42783991309208
1.28081 38.775630615935 9.11237673769802
1.28344 38.4793544270722 9.07367452103351
1.29396 40.1740864990149 9.2556958185991
1.29659 38.910802446832 9.10515753802145
1.30448 11.8694003487289 5.01968349131194
1.30711 17.4679395640318 6.08491989644717
1.30974 48.0341274223834 10.0827862913432
1.31237 55.0561583198384 10.7864776565003
1.315 91.7441549068868 13.9135030075842
1.31763 145.336163394718 17.4986367982475
1.32026 66.3660573723726 11.815713875447
1.32289 17.1733557297879 6.00597640196222
1.32815 27.6528170151198 7.60960957883201
1.33078 51.9350531821031 10.420547502602
1.33341 53.1817615609465 10.5367981108207
1.33604 56.2911374580992 10.8321297329974
1.3413 36.5097301459434 8.7102314203712
1.34393 13.0856631787988 5.21060616225344
1.34656 42.6163261385901 9.39599687648275
1.34919 46.7758971183563 9.83625736819485
1.35182 25.0634788970444 7.19453843443184
1.35445 48.5138817128544 10.0018005718898
1.35708 59.4173030801122 11.0602269747636
1.35971 70.5641932954469 12.0437471708399
1.36234 59.2737409658512 11.0296555237637
1.3676 41.1867674346529 9.17974729291078
1.37023 44.9580529799574 9.58330627024691
1.37286 4.9313760329523 3.17142828342553
1.37549 14.692550488316 5.46988391538095
1.37812 14.2201784545534 5.37700175788715
1.38075 24.8517112592239 7.10269894628259
1.38338 35.1549153106408 8.44102812402968
1.38601 30.0917841958798 7.80338092618388
1.38864 19.3395449921363 6.25083362263745
1.39127 31.517580084614 7.97345734243391
1.3939 21.9485259757298 6.64856323389644
1.39653 10.2196078768909 4.53311328438135
1.39916 18.4518483581275 6.08629748047359
1.40179 22.6438244194973 6.73702427942644
1.40442 11.8836959495937 4.87678511906409
1.40705 4.68868962785047 3.0608899068157
1.40968 2.20162199435658 2.09583426484026
1.41494 11.8282648569587 4.85033455759749
1.42283 21.8562814584087 6.577847401668
1.42546 103.109035295561 14.2759314610905
1.42809 13.9568925453706 5.24819984110454
1.43072 37.4579315271332 8.59107009371351
1.43335 25.3510531869505 7.06207304234115
1.43598 7.13090793053471 3.74252676427572
1.43861 6.90163393862748 3.67896977955296
1.44124 17.069473532428 5.78119399463951
1.44387 28.1707301543066 7.42101328375529
1.4465 18.815980599902 6.06015482165984
1.44913 7.29796778426794 3.77117642805548
1.45176 8.10806509937038 3.9718197821299
1.45439 38.5693723296144 8.65578975784035
1.45702 3.86694155766349 2.7385656705344
1.45965 5.89662222588039 3.37904828397317
1.46228 16.0485238187027 5.5701017165035
1.46754 6.45653568941213 3.52735653907889
1.4728 1.58764468352078 1.7463367828112
1.47543 32.333046508447 7.87453098496449
1.47806 50.8926003296225 9.87138695464231
1.48069 57.9435852990909 10.5245235408446
1.48332 55.0030983929451 10.2457009773455
1.48858 46.3625456378686 9.39132128772403
1.49121 30.3681837451629 7.59449834128385
1.49384 42.6898004529965 8.99700142918921
1.49647 10.9816955721593 4.5594860791618
1.4991 57.3581036560361 10.4117438063541
1.50173 18.7535822516584 5.94988886355973
1.50436 40.631224790665 8.75284933410808
1.50699 52.135740095984 9.90922629760229
1.50962 56.8170468825345 10.338642075658
1.51225 26.3122545004517 7.03161551719396
1.52277 10.7749353616805 4.48939927655198
1.52803 10.6983404964502 4.46827396172118
1.53066 10.3587610483673 4.39425652246007
1.53329 6.53876769258763 3.4892258215784
1.53592 6.33120174140992 3.43141729633548
1.5517 6.07828133848748 3.35050884505337
1.55959 5.91078745514768 3.29825355993848
1.56222 5.72307888983715 3.24356528382993
1.56485 14.7967245304641 5.21238737132219
1.56748 3.14135064945453 2.4002579292798
1.57011 14.8817255496864 5.22121849163787
1.57274 14.4090484016907 5.13461743009152
1.57537 19.8287828549105 6.01981837711017
1.578 10.7420614473543 4.42816500607211
1.58589 3.13303115921854 2.38723068181223
1.58852 23.1482460348187 6.48506730402635
1.59115 6.61253087430443 3.46403608964618
1.59378 15.3012728370352 5.26629442432936
1.59641 14.0533535605502 5.04398564502943
1.59904 10.3519255050634 4.32649910742779
1.60167 35.8623966941957 8.04888950860299
1.6043 26.5389325422742 6.92137878358135
1.60693 8.65700672412696 3.95156586282505
1.61219 21.8813496122542 6.27756086128484
1.61482 13.262448977081 4.88539651576246
1.61745 12.8464519305979 4.80632907627912
1.62271 19.6218044978828 5.9355216476414
1.62534 41.3594886212199 8.61411307997768
1.62797 7.84630527485738 3.7504987802765
1.6306 14.2731419734336 5.05649442314508
1.63323 31.8958430803875 7.55596550289562
1.63586 28.1480546188271 7.09545371530715
1.63849 11.6236999962528 4.55786126919902
1.64112 19.4184978498934 5.8888368166076
1.64375 20.4284451888892 6.03770695861144
1.64638 27.1001532455733 6.95140813202125
1.64901 24.1493414158542 6.55951865053503
1.65164 40.0287912430681 8.44185416211112
1.65427 52.3970675559721 9.65466591874278
1.66216 46.3386799057774 9.06883008097355
1.66479 59.3196857570217 10.2567669665942
1.66742 59.2133985578033 10.2435988482287
1.67005 29.4756186131301 7.22446020051202
1.67794 1.20525179291169 1.45917088258067
1.68057 33.6878960600204 7.71143230692924
1.6832 18.2857250557369 5.67917055976685
1.68583 19.3325585524999 5.83719318702726
1.68846 94.0511473463581 12.8698029418017
1.69109 134.273888612579 15.3714893075224
1.69372 47.0077806624214 9.09149326149854
1.69635 2.36426402015727 2.03811358685604
1.69898 4.343826108649 2.76150942923388
1.70161 16.3773506714272 5.36021766839437
1.70424 26.3140710384908 6.79283241758323
1.70687 14.0714428994607 4.96617961725029
1.71213 5.50768091239379 3.10548759629377
1.71476 21.2185906850742 6.09396224891594
1.71739 38.8309193484854 8.24188133424817
1.72002 3.65239337999173 2.52709910226328
1.72265 0.828378961468349 1.20321700046933
1.72528 6.94635656307673 3.48340398871065
1.73054 52.5807996601595 9.57922801321722
1.73317 10.603634864435 4.30070871613288
1.7358 13.5257243190324 4.85611085119693
1.73843 17.9881501281707 5.59882904721748
1.74106 48.6541267165555 9.20575421057543
1.74369 18.1873799724979 5.62704169436944
1.74632 15.6274234464342 5.21475887039911
1.74895 2.00253034349 1.86627450097021
1.75158 1.49525438930408 1.6122741476854
1.75421 39.3653560978629 8.27053810234488
1.75684 61.9395893353859 10.3718472515312
1.75947 2.68368989116045 2.15840700997364
1.76736 29.3446871722252 7.13209788230051
1.76999 75.8492947585648 11.4636614041901
1.77262 21.9794373777721 6.16951230935969
1.77525 19.5846882434484 5.82231640507823
1.77788 9.62402360433775 4.08047463411646
1.79103 0.680435349766311 1.08367578198163
1.79366 7.04022360359842 3.48492732188454
1.79629 6.18252308226461 3.26496015662905
1.80155 2.16571716741131 1.93154856129621
1.80418 2.09879453545034 1.90120098635162
1.80681 24.6177816084647 6.51037215736684
1.80944 44.2436416113591 8.72659985539652
1.81207 50.2449444862574 9.29831102883371
1.8147 15.8327641901916 5.21884612777604
1.81733 13.9774937723756 4.9028543681069
1.81996 3.13496703184519 2.32160874072276
1.82522 8.2181417916081 3.7578176892949
1.82785 2.49378404390424 2.06974318390401
1.83311 20.8763402956421 5.98674097809005
1.83574 69.9150094730694 10.9543494457187
1.83837 43.9313451872961 8.68213849813491
1.841 18.6510238811461 5.65625340780145
1.84889 0.459057170474773 0.887002782614455
1.85152 0.444871236340646 0.873065340557876
1.85678 1.21613055817918 1.4430972904255
1.85941 32.0562704747652 7.40798243763212
1.86204 52.8936951008552 9.51444192841787
1.86467 7.47901751125578 3.57718616251699
1.87256 56.8916729353594 9.86182328306473
1.87519 10.1957126505544 4.1742599129073
1.87782 21.0254256766633 5.99350544753743
1.88045 31.0175685614416 7.27863892358351
1.88308 8.36753620682193 3.7799223365202
1.89886 0.918039683318861 1.25095327396867
1.90149 0.889690248431342 1.2313249458815
1.90675 12.8985367278834 4.68754628423207
1.91464 1.5131547091674 1.60509257834438
1.91727 3.75648560302277 2.52877561245934
1.9199 2.21940630072966 1.94356397621167
1.93042 36.9427843125064 7.92664099790846
1.93305 26.1149677439031 6.66392487161383
1.93568 4.55702632030268 2.78347339872116
1.93831 0.170749108571571 0.53874900800704
1.94094 3.38323567706716 2.39791803579396
1.94357 23.6871239621308 6.34432342987948
1.9462 16.3606595559511 5.27218311110354
1.94883 33.547477808313 7.54885259539828
1.95146 40.8354181333403 8.32780275998907
1.95409 5.29031028999176 2.99718404386517
1.96198 31.4323420588963 7.30371645070407
1.96461 7.68786598920587 3.61176362299262
1.96987 14.8019216239153 5.01068630290641
1.9725 36.7564845118564 7.89525226288621
1.97513 12.8499068622599 4.66777455968125
1.98039 5.19509106544448 2.96741409680928
1.98302 6.13081625434785 3.22330615706942
1.98565 5.94198467107065 3.17299215799835
1.98828 11.7476071763497 4.46106718194946
1.99091 11.3857754535146 4.39143214242083
1.99354 17.298446031602 5.4123917181152
1.99617 16.7656448177986 5.32790662867388
2.00932 1.28149837307846 1.47247179627334
2.01195 16.8576506239983 5.34020990056432
2.01458 15.135362255441 5.05973832835581
2.02247 26.0088844555777 6.63144268203114
2.0251 12.615282995831 4.61814415977244
2.02773 7.34946878250517 3.52467264182532
2.03299 8.19729470938706 3.72194308748449
2.03562 11.5411226264537 4.41601252024658
2.03825 18.2505078396933 5.55284506867733
2.04088 14.2213791109833 4.90140674309839
2.04351 23.7110226446997 6.32844242694565
2.04614 26.0580463535697 6.63383120903703
2.04877 60.876149725927 10.1388541529903
2.0514 8.21007914703563 3.72315187474593
2.05403 40.0574128600708 8.22337921518402
2.05666 27.8406739733347 6.85520627576879
2.05929 7.19768989481512 3.48537091535342
2.06192 14.3223704450299 4.91622404322153
2.06455 23.1591806702403 6.25111638961182
2.06718 8.99195543134768 3.89488674118906
2.06981 9.46653926127749 3.99608896148311
2.07244 12.1909360796501 4.53450430318449
2.07507 2.92277621547787 2.22014241235538
2.0777 1.02252247026207 1.31308015452489
2.08033 0.991078232074001 1.29264874401645
2.08559 14.2381748887087 4.89888466974324
2.08822 18.0352740646254 5.51319264880259
2.09085 4.10471521437433 2.62999576170338
2.09348 43.3539052799259 8.54671809440032
2.09611 15.5528701289838 5.11873056760812
2.09874 5.89472862865466 3.15108873169154
2.10137 2.94323114215337 2.22647174228445
2.104 2.85284548197986 2.19192293672578
2.11189 23.8875997530065 6.34184852868583
2.11452 41.5104994677333 8.35968156903366
2.11715 23.9207528864884 6.34569688639487
2.11978 58.7835286975017 9.94720049097217
2.12241 26.5724675579815 6.68759755440753
2.1303 29.1815277246586 7.00731461900216
2.13293 67.0940133719659 10.6247966363614
2.13556 27.8039945611014 6.83932863461811
2.13819 9.73181301190277 4.04611186153334
2.14082 22.1942117362304 6.11001112395173
2.14345 22.3548643268216 6.1318184375027
2.14608 1.99996549704501 1.83398444163838
2.15134 4.56580820257935 2.77080190623566
2.15397 5.14690086988043 2.94171551043956
2.1566 9.16071258756772 3.92440227102715
2.15923 8.20170314529357 3.7131460532066
2.17501 25.8651341951189 6.59225592415768
2.17764 33.7979967479256 7.53534739599482
2.18027 1.10707979243543 1.36372991464829
2.1829 13.6997852021397 4.79707920334335
2.19342 23.4609188724409 6.276491154745
2.19605 8.75202204867505 3.83336091299526
2.19868 13.4292429600747 4.74823679388253
2.20131 6.68401763742306 3.34972985341547
2.21446 6.08381746612107 3.19526736942251
2.21709 17.0969927409507 5.35629641613703
2.21972 11.8266848631986 4.45473498736559
2.22235 0.940735356190079 1.25634731073199
2.22498 4.78432833671346 2.83316644156974
2.22761 4.63749853828693 2.78926072859718
2.24339 5.20567366298596 2.95460467577516
2.24602 35.2470482663803 7.68790308186384
2.24865 88.3500552629585 12.1712601971411
2.25128 55.704075983223 9.66409591149446
2.25391 16.3083542812765 5.22887695259459
2.25654 59.1585285930881 9.95858519813958
2.25917 30.4429821879267 7.14361705429628
2.2618 46.2952377778475 8.8090349767473
2.26443 11.0722578490772 4.30788276293071
2.26706 0.49824717996407 0.91380558729338
2.27495 0.134190474593738 0.474186336937184
2.27758 12.0745783207523 4.49789982383981
2.28021 67.0393152370644 10.5980063802485
2.28284 6.59287223108413 3.32339773896716
2.2881 25.8301375121682 6.57778302751263
2.29073 15.5527980556521 5.10394571931089
2.29336 3.39447724154058 2.38437097180378
2.30388 4.36393975560813 2.70317596938282
2.30651 14.8826742391928 4.99188093808254
2.30914 28.8876558728997 6.95454411943107
2.31177 14.0179008595087 4.84443119846737
2.33281 9.29292440913134 3.94355369442216
2.33544 9.00785807952608 3.8824967705578
2.34333 8.92894936108151 3.86515442664521
2.34596 12.7052077274975 4.6104820160953
2.34859 3.92591836515185 2.56280083094472
2.35122 27.7322716153734 6.81123276889269
2.35385 45.6628779425341 8.73983864778905
2.35911 9.23561343014922 3.93035878680248
2.36174 46.2935520271139 8.79930456336343
2.36437 10.9010447346014 4.26983341292036
2.367 4.03612856265606 2.59805379073413
2.36963 1.10336791190668 1.35835907815517
2.37226 1.06952136384456 1.33732793961198
2.37752 5.10994787117947 2.92300098444487
2.38015 7.35544245243209 3.50682341180259
2.38278 2.32855517010334 1.97306562922668
2.40382 2.07318107347213 1.86136435641645
2.40645 2.00960737671853 1.83256584558212
2.41171 6.35442938019974 3.25855208094952
2.41434 10.8020555095187 4.24845276072897
2.41697 4.5001226192592 2.74208534752545
2.42223 12.9319660272314 4.64818577025035
2.42486 32.3053869890886 7.3464897196566
2.42749 35.9010375799155 7.74438799487348
2.43012 61.8116411599142 10.1615496028892
2.43275 63.6093632456457 10.3080502999298
2.43538 27.9054484663887 6.82734279230312
2.43801 55.9450786384106 9.6667246919185
2.44064 39.4126360258488 8.11348330583355
2.44327 26.2819108192428 6.62535683189122
2.4459 8.67406990914164 3.80612864565431
2.44853 26.65998465379 6.67257018308846
2.45116 20.5637539448935 5.86010773890693
2.45905 33.2702906980791 7.45343197453346
2.46168 23.1785912079076 6.22103592609606
2.46431 2.15703907987794 1.89775172422809
2.46694 6.59862222551148 3.31916022085888
2.46957 25.0940284854426 6.47258814476242
2.4722 23.3995643000365 6.25011288206
2.47483 3.04911156773608 2.25611809440662
2.47746 3.83252600256558 2.52934995062001
2.48009 0.85002451508108 1.19116873472375
2.48272 0.255151177157575 0.652600710727404
2.48535 0.247327003457213 0.642503822652522
2.48798 10.1701029859862 4.11996775288636
2.49061 37.827614192752 7.94560205071359
2.49324 56.2652379163091 9.69021932810813
2.4985 5.61896951041438 3.06213440602241
2.50113 1.42929770225576 1.54435966673543
2.50376 0.760052930130153 1.12616635613654
2.50902 0.394003125580321 0.810807653570317
2.51165 7.51757264829588 3.54160816830599
2.51428 20.4734980310237 5.8445544205582
2.51691 4.6853850924768 2.79590051705497
2.5248 3.10592067645617 2.27627804545398
2.52743 5.94769552234187 3.14991025429613
2.53006 23.7257662777424 6.29111503919995
2.53269 25.5417982018813 6.52735035100417
2.53532 28.9051440025293 6.94372389992392
2.53795 11.0541688346708 4.29399572601337
2.54321 3.48819979460395 2.41205167896319
2.54584 20.5733350324873 5.85776529939434
2.54847 22.5308009447066 6.13001614354855
2.5511 4.5098742738209 2.74251622316271
2.55373 40.3073350924427 8.19884574607257
2.55899 41.9421933261549 8.36322171953451
2.56162 64.4917895603521 10.3703625604832
2.56425 11.1031233896004 4.30286770119427
2.56688 19.7018534334163 5.7316892414129
2.56951 19.0979179536445 5.64307457060776
2.57214 21.5734198721893 5.99757875159643
2.57477 3.36659868254563 2.36922234028076
2.5774 5.1649027520802 2.93450532606573
2.58003 7.92465876731317 3.63486090205341
2.58266 2.82862955101393 2.17159698764643
2.59055 7.19809037098043 3.46402396677634
2.59844 13.1446412107645 4.68088158296991
2.60633 0.119786613031556 0.446826127125422
2.60896 4.24005357350666 2.6583600857787
2.61159 3.99752534403764 2.58117510060533
2.61422 6.68981894778851 3.33904871002635
2.61685 6.48475201085165 3.28742593377085
2.62211 21.0668214123379 5.92510748714771
2.62474 24.3567304527931 6.37088754208825
2.62737 3.81503990370188 2.52135329582826
2.63 13.4818025662177 4.73971098326631
2.63263 20.8159584725058 5.88938305243857
2.63526 7.50993526626729 3.53739379367922
2.64052 3.01138519396432 2.23993750431578
2.64315 44.7856883458212 8.63805747094099
2.64578 11.028541459722 4.28646437500809
2.64841 19.8891412044731 5.75627998835817
2.65104 13.8036511881345 4.79539734532973
2.65367 15.5141141266474 5.08375739255635
2.6563 23.2191381720548 6.21925106770808
2.65893 13.6928729549722 4.77590903165642
2.66156 5.7502196966872 3.09488624455693
2.66419 22.7712369198868 6.15870635555076
2.66682 2.55649914463201 2.06353921857631
2.66945 19.1307554084167 5.6448145106354
2.67208 16.1421593093716 5.18511203728529
2.67734 26.1251647049348 6.59620701423744
2.67997 17.0621404852648 5.33058937123596
2.6826 10.8673962600974 4.25417094803951
2.68523 3.6943459655645 2.48035978351175
2.69838 12.665143499913 4.59218653948543
2.70101 12.2769585477532 4.52120719373427
2.70627 8.9023518712246 3.84992964829793
2.72205 2.03898727062171 1.84239128863976
2.72468 10.6387246324653 4.20838145105519
2.73257 7.58658179739478 3.55369772341154
2.7352 7.35409295315251 3.49878832225486
2.75887 10.5662552340027 4.1934835914292
2.7615 10.2424550249218 4.12868862341144
2.76939 5.53895243833908 3.0360646148067
2.77202 5.36921263866862 2.98915332375106
2.77465 0.0774707342735216 0.359052061143696
2.77728 0.0750966631131647 0.35350422250257
2.79832 10.6998310600421 4.21927979023783
2.80358 2.68027758752584 2.11169761570977
2.80621 2.59814825629447 2.07907472163731
2.81147 0.945285058844057 1.25404208831129
2.8141 0.916319539669272 1.2346688200049
2.81936 20.4817149242865 5.83717545318895
2.82199 32.1865606076371 7.31733882925321
2.82462 13.2665301870049 4.69776021387914
2.82725 3.88002058291229 2.54053671865585
2.82988 2.32748937423891 1.96765342413976
2.83251 1.70542205276948 1.68429042640088
2.83514 4.82689065640753 2.83355119641038
2.83777 4.67898457858548 2.78977662354189
2.84303 3.65057216917434 2.46414735039721
2.84566 2.96284830279333 2.21991938337168
2.85881 0.819914426266725 1.16774551995078
2.86144 18.5282253342095 5.55107567326021
2.86407 19.3967556213176 5.67964344848746
2.8667 5.90580058646439 3.13395102144536
2.86933 3.65128838678623 2.46417855231077
2.88248 13.6820989501355 4.76987410681892
2.88511 13.262850603215 4.6961859123559
2.89037 5.75174148370227 3.09256687829207
2.893 8.76761693819389 3.81818083904626
2.89563 3.09430762362512 2.26826474732003
2.90352 14.2854979230141 4.87358772457426
2.90615 13.8477697265466 4.798300607893
2.92193 19.3651402151717 5.67396293042864
2.92719 8.89838495957586 3.84613606432589
2.92982 14.6647705372649 4.93745469767683
2.93245 17.8988709320521 5.45474866865574
2.93508 14.4560426128218 4.90211026088158
2.93771 2.69505308135555 2.11659841190967
2.9456 18.8372699001993 5.59568295875402
2.94823 31.5981324650123 7.24721701273252
2.95086 16.1263881986623 5.17732647533371
2.95349 8.70944085543822 3.80477143445066
2.95612 63.1524129445019 10.2453039658565
2.95875 5.37892893875682 2.99002083895133
2.9719 5.71546163859464 3.08201082030203
2.97453 5.54033163738387 3.03439993797521
2.97979 4.13547623725936 2.62156469876317
2.98242 4.00875926796939 2.58106678292687
