-0.19988 8.94362351140024 4.33874577938306
-0.19725 7.94678160290378 4.08986773168745
-0.19462 11.4673669306224 4.91305530473995
-0.19199 14.9819501876968 5.61578078695759
-0.18936 69.3129674874927 12.0792339419762
-0.18673 39.9246526530746 9.16766833239884
-0.1841 17.5953436234401 6.08616005917671
-0.18147 13.6299944904311 5.35671458141521
-0.17884 23.9961096523619 7.1076700454618
-0.17621 23.6265189369886 7.05282133121308
-0.16832 5.88178524014415 3.51913649662557
-0.16569 40.4980941793471 9.23432160669436
-0.16306 10.4363959704965 4.68780080307666
-0.14991 24.3718658137653 7.16422343223139
-0.14728 21.442624626518 6.72000931651961
-0.14465 10.612430210415 4.72764108498566
-0.14202 30.5171018452548 8.01705547510169
-0.13939 12.307665742848 5.09140051580813
-0.13676 16.8281213658503 5.95351433725184
-0.13413 45.8805962830746 9.83051528950674
-0.1315 31.2280952015266 8.11037011397098
-0.12887 14.5934429088973 5.54437986580986
-0.12624 52.3921915935101 10.505423109145
-0.12361 34.4808189332903 8.52266113559327
-0.12098 77.5518490936347 12.7817018552389
-0.11835 8.51190521065923 4.23459775360057
-0.11572 37.5808188442911 8.89791108736694
-0.11309 95.5768711482267 14.1901672989728
-0.11046 29.1023163396437 7.83034790445566
-0.10783 11.602277666907 4.94418913107529
-0.1052 79.2119100902896 12.9188798536703
-0.10257 29.0011366848212 7.81705728390686
-0.09994 20.765390825692 6.61472825038733
-0.09731 27.9195268769875 7.67026955189083
-0.09468 56.5352512304586 10.9151834478927
-0.09205 21.0994707229344 6.6684044453586
-0.08942 61.3941897055388 11.3753446149275
-0.08679 112.041455850318 15.3675654691024
-0.08416 84.9428725816532 13.3811655875137
-0.08153 94.4144980221279 14.1079720010536
-0.0789 56.5628935410863 10.9200801189994
-0.07627 39.8910545092367 9.17091237355608
-0.07364 28.5896987604329 7.76415762783398
-0.07101 30.4630335620873 8.01476690850889
-0.06838 53.6896701204399 10.6405593016777
-0.06575 45.5927471289011 9.80577073201701
-0.06312 47.7996002169017 10.0406250943336
-0.06049 66.9572706779505 11.8839893569067
-0.05786 117.078526459967 15.7150862722507
-0.05523 81.1846388065099 13.0866907201538
-0.0526 64.624558309545 11.6763327251948
-0.04997 106.602662956909 14.9970712445436
-0.04734 69.8780973731075 12.1424891014207
-0.04471 81.0724851234028 13.0794260612327
-0.04208 112.729840383408 15.423613972413
-0.03945 172.105990233476 19.0580933517106
-0.03682 192.746898532354 20.1692575037297
-0.03419 231.435814798731 22.1017289567029
-0.03156 183.657361272811 19.6892823957742
-0.02893 269.755810191776 23.8630457202874
-0.0263 370.806267416826 27.9787787028043
-0.02367 358.00411987017 27.4924840757835
-0.02104 470.904358178298 31.5319677378801
-0.01841 509.440554387756 32.7979140552071
-0.01578 506.256724957641 32.6963757487199
-0.01315 520.882648060449 33.1664435013721
-0.01052 505.709655762287 32.6809239518579
-0.00789 487.333597968298 32.0827527217738
-0.00526 545.605165111838 33.947861861677
-0.00263 584.434686895929 35.1362916595873
-0 652.561553866741 37.1290137995713
0.00263 592.805579991887 35.3894955574529
0.00526 567.703234287439 34.6333946075728
0.00789 502.933585712456 32.5991173462061
0.01052 499.571782398686 32.4911898427346
0.01315 439.295553315762 30.4692112564097
0.01578 399.104824322537 29.0430644441282
0.01841 305.4544041651 25.4090416793816
0.02104 381.509588093699 28.39775169706
0.02367 297.888790934196 25.0942631339096
0.0263 182.020495307925 19.616596058362
0.02893 158.888728719487 18.3284687698382
0.03156 135.865861105873 16.9492679613748
0.03419 139.452508701821 17.1721657476999
0.03682 174.354824583389 19.2019362002942
0.03945 116.382216330459 15.6887188423159
0.04208 86.9961067068524 13.5647004110904
0.04471 59.6770533627013 11.2351819877439
0.04734 18.3543705307595 6.23106526872478
0.04997 35.0638571363446 8.61268419176215
0.0526 53.1699972741377 10.6061587307288
0.05523 34.8944479484326 8.59249113595464
0.05786 10.3014665987571 4.6688140636321
0.06049 12.4949885631203 5.14210690642431
0.06312 27.0539998503973 7.56667414248896
0.06575 21.4546620920205 6.73854678483199
0.06838 5.72090578056517 3.47979711424364
0.07101 6.93907513440969 3.83255536328179
0.07627 21.1026976140365 6.68403721147771
0.0789 12.5524976873847 5.15526576222652
0.08153 15.2253377349056 5.67787154316848
0.08416 33.8735295813466 8.46931783818022
0.08679 33.8250378419603 8.46356745907404
0.08942 30.1039291499256 7.984762703394
0.09205 52.4738959006902 10.5423682869865
0.09468 58.9469375053284 11.1741181231567
0.09731 44.8623867210754 9.74854781617802
0.10257 40.8883321392514 9.30751853211765
0.1052 94.4232222534738 14.1446871651782
0.10783 119.971674856117 15.9445777975647
0.11046 9.27212628378044 4.43285019509873
0.11309 11.2466542076091 4.88230355808391
0.11572 22.8661041506298 6.96191818179792
0.11835 47.789254258626 10.065090187557
0.12098 9.67536166231846 4.52903694745367
0.12361 5.1841351951764 3.31535572302447
0.12887 3.75738850793695 2.82276320465368
0.1315 42.3549153076504 9.47770122217379
0.13413 11.7666013294197 4.99569978057481
0.13939 6.34364434826233 3.66842490591433
0.14202 13.6100150762251 5.37352439230192
0.14465 59.8056159272294 11.264725283101
0.14728 65.4342530213533 11.7834345402409
0.14991 55.8770201049175 10.8894421940555
0.15254 35.0158341888584 8.62066855941332
0.15517 20.2885741310678 6.5622710562679
0.1578 41.5097064309397 9.38691583037318
0.16043 57.866767694328 11.083639554324
0.16306 58.0210598916185 11.098909184227
0.16569 104.765737539918 14.9147779363915
0.16832 99.0004732698453 14.4992478323183
0.17095 159.277572397253 18.391782975744
0.17358 191.100544427819 20.1463865189764
0.17621 195.71538486189 20.3891143250829
0.17884 158.334465871931 18.3397446726227
0.18147 100.969966502692 14.6460777465349
0.1841 90.2556627763908 13.8478430251856
0.18673 144.150452726274 17.5013914413908
0.18936 163.916935637718 18.6636317011763
0.19199 182.090502548655 19.6719565856443
0.19462 206.477707421206 20.9488487188809
0.19725 84.9306402941038 13.4361684172953
0.19988 160.7435472363 18.4854350479979
0.20251 156.217202413648 18.2243666776405
0.20514 105.773370050828 14.9969396468548
0.20777 155.398604601547 18.1787695026677
0.2104 112.873142471789 15.4939690244803
0.21303 115.3876691094 15.6665555093912
0.21566 58.0381511494343 11.1116115189165
0.21829 76.8128815297991 12.7839108478293
0.22092 14.3536053107663 5.52654411798625
0.22355 45.3489770097066 9.82388618017306
0.22618 41.7801627593133 9.42998645148444
0.22881 37.8740659909802 8.97890543896173
0.23144 1.18975237908692 1.59150184646077
0.23933 7.40538567982032 3.97129317126973
0.24196 40.6767371923352 9.30802570084166
0.24459 69.6847900002942 12.1837204164007
0.24722 24.7123512553251 7.25595140429281
0.26037 41.7861605097728 9.43812097985397
0.26826 13.7437067412088 5.41377736502244
0.27089 16.6709824099785 5.96287114320941
0.27878 50.2959861116355 10.3590659813617
0.28404 23.5209431389422 7.08490488352954
0.28667 0.873339523499071 1.36528893974037
0.2893 1.0593522261491 1.50376357060126
0.29719 8.22499597816982 4.19088993932308
0.29982 19.9971652187301 6.53505077654267
0.30771 7.67811558888206 4.05024514712569
0.31034 38.0355860277312 9.01527548797729
0.31297 44.0572388224038 9.70336881870673
0.3156 36.8187759103661 8.87112144727788
0.31823 32.3336330626389 8.31382830489883
0.32086 1.73511522936448 1.9260515289542
0.32349 9.3684564621423 4.47576938018118
0.32612 11.3640326663166 4.92980624190876
0.32875 4.51485764233119 3.10753174815509
0.33138 19.0062536778031 6.37634387542418
0.33401 54.9806611918114 10.8457195625965
0.33664 50.0931929623467 10.3531538226049
0.33927 37.0711815268138 8.90699968332981
0.3419 33.2879936462605 8.44086476499697
0.34453 26.0405960834162 7.46618072776942
0.34716 1.58632782869664 1.84288998738942
0.34979 12.5655042048093 5.18707820662906
0.35242 53.1066584055884 10.6644194137371
0.35505 146.734376627437 17.7279514493967
0.35768 110.049550082774 15.35382684369
0.36031 68.989728517679 12.1575090466637
0.36294 49.4158777277758 10.2900033667392
0.36557 25.2870993874364 7.36142073595826
0.3682 37.928819809646 9.01626495390731
0.37083 33.7299736278501 8.50315049926903
0.37346 55.2770115834931 10.8861422029954
0.37609 65.2571700552943 11.8289364685681
0.37872 87.4937638999194 13.6977735745702
0.38135 66.0806873746238 11.9049768937747
0.38398 4.71937936364321 3.181731804528
0.38661 6.77721031345159 3.81308464184119
0.39187 19.5866425211174 6.48321806727134
0.3945 9.32206696808585 4.47297599724823
0.39713 10.5800583575959 4.76556407552763
0.39976 35.7478875691714 8.7604273513454
0.40239 16.014707733725 5.86399114529799
0.40502 37.1692767606704 8.93428091732087
0.40765 34.135201267634 8.5625383222911
0.41028 15.5080131635447 5.77182447498884
0.41291 0.253153847480385 0.737498321984962
0.41554 9.42381402951956 4.50003461158837
0.41817 11.431381512125 4.95661954543888
0.42869 24.8369192051643 7.30836005472759
0.43132 43.4546407422345 9.66769306214039
0.43658 9.67620434584695 4.56272894076529
0.43921 22.773582582051 7.00037837889481
0.44184 29.3303339904666 7.94507532113048
0.44447 84.6069749836686 13.4951050957166
0.4471 61.0852189785621 11.4676630087357
0.44973 23.1709053605275 7.06337100979943
0.46288 4.00000044668169 2.93588317166294
0.46551 17.3673467139572 6.11799500163184
0.46814 26.7137397474711 7.58828007183341
0.47077 43.0160028838335 9.62996376840107
0.47603 14.6960545829829 5.62959601291031
0.47866 17.8267645419863 6.20078568579868
0.48655 53.7342349173811 10.768042860811
0.48918 1.52150072350938 1.81209476795321
0.49444 31.3726117742073 8.22976274427787
0.49707 39.7073791557111 9.25936400488227
0.4997 16.1070391312163 5.89775824302112
0.50496 29.4530760845005 7.9766502185546
0.50759 2.65983762385061 2.39729520296388
0.51022 3.05346192656407 2.56879198068845
0.51285 1.56216525182218 1.83753191238391
0.51548 12.655472937258 5.2305734827899
0.51811 14.3567710125459 5.57156513885751
0.52074 28.0266361151891 7.78525807573703
0.52337 50.5386232097919 10.4553342938254
0.526 5.62384145196053 3.48803987533684
0.52863 3.886924269487 2.90005761787479
0.53652 4.86019043571691 3.24374143722595
0.53915 11.6041470673345 5.01262077941819
0.54178 25.731437003469 7.46498438864329
0.54441 54.3913700801593 10.8542675265339
0.54704 19.5483378733857 6.50772320122225
0.54967 9.00764992959328 4.41792693155237
0.5523 39.4756216087689 9.24944950406756
0.55493 66.4616728359399 12.0026085508785
0.55756 41.8728655984337 9.52785094115022
0.56019 60.0121260817336 11.4074012155217
0.56282 62.9030680979263 11.6799696710429
0.56545 65.6049055148563 11.9292335609215
0.56808 44.289606201714 9.80243273445486
0.57071 33.9456392879414 8.5824943752061
0.57334 27.2080774762686 7.68438335241059
0.57597 31.106103391744 8.21715457406785
0.5786 5.43866401072211 3.43623862707355
0.58123 32.9258326992924 8.45559409512178
0.58912 51.7438542831981 10.6028036232472
0.59175 1.3065749339252 1.68498875402153
0.59438 23.0196910896908 7.07323520329478
0.59701 7.06236299571284 3.9181573569603
0.60227 2.13134183092495 2.1528380928064
0.6049 2.58546957673149 2.37134865012478
0.61542 27.487436685282 7.73492774690596
0.61805 50.9609884722308 10.532922867604
0.62068 38.3614988847111 9.13941925895519
0.62331 3.03045597530763 2.56900904177196
0.62594 5.69556255359112 3.52225484473485
0.62857 11.7474198112784 5.05899812011942
0.6312 54.086995901168 10.8562667867331
0.64172 12.8825613143546 5.30027403381908
0.64435 70.4468639879882 12.3956359438182
0.64698 12.1600137498406 5.15045706190876
0.66013 3.66785224136906 2.83001232896083
0.66276 4.44936278199139 3.11725286141601
0.66802 7.46002059706623 4.03714676086839
0.67065 0.805872793666767 1.32702303074992
0.67328 0.977580250084805 1.46171298133538
0.67591 13.9532778369218 5.52286832615254
0.67854 7.10122471097606 3.94034149355105
0.68117 0.145685647869802 0.56443804304211
0.6838 3.60759483966191 2.80903675640694
0.68643 15.1726463438865 5.76129156349713
0.68906 32.6952262739443 8.45808404050061
0.69169 18.9578009606496 6.44116508358783
0.69432 18.2888614759712 6.32709573897086
0.69695 38.8755284538169 9.22549837075617
0.69958 68.222368436418 12.2223566511183
0.70221 5.46969238161586 3.4610730952946
0.7101 3.19082764612522 2.64419966970832
0.71273 11.1377788421072 4.94059900411547
0.71536 8.81542309351751 4.39581719336678
0.71799 16.8872592313822 6.0846465097673
0.72062 9.59169398481588 4.58607489838301
0.72325 20.8657008053663 6.76468667019445
0.72588 19.49971553174 6.54007969883057
0.72851 10.0715839846991 4.70062375280104
0.73114 3.82979135897228 2.89889076722942
0.73377 4.64574157733021 3.1930778213318
0.7364 27.158528683405 7.72098621910734
0.73903 24.4176332272925 7.32165251781649
0.74166 18.7616061919358 6.41844766643133
0.74692 7.00017242652084 3.92125131760496
0.74955 24.1339512701436 7.28152208276577
0.75218 29.2757664117491 8.0204683925416
0.75481 10.4384528171051 4.7896226020655
0.77322 1.37770441192202 1.74110315918434
0.77585 1.67122827118877 1.91779396221864
0.81004 13.5350021947577 5.46423187939181
0.8153 32.2384771500287 8.43483636621192
0.81793 30.5515739112037 8.21203716690969
0.82056 8.79559957447615 4.40668023122228
0.82582 12.9503646339902 5.34821901944142
0.82845 19.0545949967276 6.4880280644701
0.83108 29.9595520993308 8.13626678386609
0.83371 21.7326452949685 6.93040273329046
0.83897 21.4296670694319 6.883339179817
0.8416 26.1218104663324 7.60042227574843
0.84423 0.152422785896868 0.580638261461786
0.85475 13.2056245812677 5.40677822130871
0.85738 16.0196363343064 5.95566115591714
0.86001 4.19232633904859 3.04702317988626
0.86264 5.08567673389008 3.35634925686099
0.86527 18.0762863772987 6.32837085980136
0.8679 34.8371743561469 8.78624505724146
0.87053 15.659777471423 5.89140895322939
0.87316 8.30294878804145 4.29029419771594
0.87579 13.5391886144827 5.47913147431925
0.87842 34.6128639108745 8.76150410505661
0.88105 24.797619845855 7.41667741685837
0.88368 40.646722075526 9.49645765044144
0.88631 56.4865221685928 11.1960740350869
0.88894 28.4089624549583 7.94082257120925
0.89157 3.97660321130437 2.97124448554962
0.8942 17.9257199638466 6.30906508019735
0.89683 51.8488105069344 10.7310084645324
0.89946 48.806574744621 10.4124931744173
0.90209 32.8510392178202 8.54329616427676
0.91524 8.60716205582575 4.37453898088466
0.91787 19.9371246172738 6.65830720373426
0.9205 16.3387309085087 6.02798259227004
0.92313 1.12415733652862 1.58127220409682
0.92576 30.3925319661494 8.22255490531101
0.92839 61.6911211542342 11.7156104322829
0.93102 16.0258176311055 5.97164433934002
0.93365 7.46224021433144 4.07519776578891
0.93628 1.87878760972821 2.04495218372264
0.96258 0.245536902486595 0.739783835518385
0.96521 11.8521570421142 5.14014464709226
0.96784 19.6761646629176 6.62334004498752
0.97047 32.079205544507 8.45763254577764
0.9731 55.7451534445906 11.1498941939381
0.97573 47.455435744267 10.2882224328631
0.97836 16.6624857238811 6.09673652759533
0.98099 2.17727096079508 2.2040119133424
0.98625 3.19581473807828 2.67059980865579
0.98888 34.7594051338755 8.80814258925815
0.99151 33.2562389004599 8.6161823808103
0.99414 13.7049603474499 5.53155651341124
1.00466 7.24460127645283 4.02268222870668
1.00729 8.78736748911332 4.43055106850078
1.01255 22.3426864069976 7.06538416462284
1.01518 2.71491830854763 2.46301089391788
1.01781 3.29307068409451 2.71274104242492
1.02307 4.37740992198728 3.12792361976204
1.0257 13.4355651454615 5.48018673064286
1.02833 13.1237643422485 5.41647139352167
1.03096 46.1885136749209 10.1618806234865
1.03622 1.92644496027933 2.07551128278956
1.03885 3.85698473096519 2.93690976519143
1.04148 8.14668913564547 4.26851745433274
1.04411 17.8246443764291 6.31417726609397
1.04674 9.86346957089754 4.69722139143855
1.04937 6.52563120791994 3.82082616313632
1.052 7.57855895842215 4.1177423705085
1.08356 0.186123650237951 0.645661002911217
1.08619 0.225759353890861 0.711125852636486
1.08882 10.2783108633085 4.79848651059161
1.09145 12.5679785022582 5.30635046243079
1.09408 15.2443745429333 5.84437171477307
1.1046 59.4792851755873 11.5463030274263
1.11249 7.64982362184826 4.1413331376968
1.11512 9.27880885916547 4.56119556017355
1.11775 50.2626143027198 10.6163013126309
1.12564 3.47303769033086 2.79099976839704
1.12827 4.21260062460176 3.07396069952484
1.13616 10.4828206904367 4.84971905111883
1.13879 2.56754424603398 2.40023949947149
1.14931 9.60330298785097 4.64278256636465
1.15194 20.3761826627719 6.76312700308335
1.15457 21.6683224873857 6.97456097080101
1.1572 26.2824622138523 7.68166480118196
1.15983 5.95713507721938 3.65728789296157
1.16246 8.42069616212733 4.34843034806224
1.16509 3.05036604249953 2.61729449489401
1.16772 20.5877303363702 6.79984385989001
1.17035 38.32940690802 9.27852292118536
1.17824 5.0480583831476 3.36766778297915
1.18087 13.0863884486197 5.42244362940877
1.1835 18.8914890447626 6.5153285436209
1.18613 16.6569688006816 6.11813833780716
1.18876 4.83649403142273 3.29689195285577
1.19402 22.0658694662513 7.04264932533499
1.19665 26.7646616598308 7.75665536887292
1.20191 8.6977934687126 4.42206041498157
1.2098 30.6360690657961 8.29968725946427
1.21506 32.0546382038508 8.48999368941364
1.21769 71.6786609267758 12.6959507420183
1.22032 24.0479531564366 7.35389974229368
1.22295 59.6926722222311 11.5863732589239
1.22558 47.9866807407735 10.3885687560997
1.22821 5.92180031069194 3.64947674352375
1.23084 17.1523094456667 6.21116949208273
1.23347 0.462786321277125 1.02025960799133
1.2361 0.561308721485303 1.12364646172414
1.23873 57.1566337592947 11.3388881618003
1.24399 18.3531991788659 6.42554177872658
1.24662 8.03984033663022 4.25290743822833
1.24925 9.75143875132566 4.68387096988985
1.2624 15.8256268417808 5.96750521527019
1.26503 19.1947380814566 6.57221550155995
1.27029 7.23115724135685 4.03405029978591
1.27292 0.355359076623697 0.894292246235636
1.27555 0.431011322867823 0.984914317931013
1.28081 3.00791336482419 2.60197713871933
1.28344 17.7181258053266 6.31521377868069
1.28607 7.71218075441637 4.16654538643557
1.2887 4.96376423759367 3.34273108975891
1.29133 16.1669298589849 6.03278704472263
1.29396 12.3065015281415 5.26356357788573
1.30711 6.68226646273298 3.87861580108364
1.30974 24.2885057587405 7.39448478787871
1.31237 19.7293278863643 6.66432732134578
1.315 16.8994563522093 6.167784540364
1.31763 15.0949223342488 5.82909215436911
1.32026 30.1239669218296 8.23444272895573
1.32289 24.7477505664084 7.46343319099715
1.33078 11.9888532115592 5.19442596881522
1.33604 22.6711615011197 7.14284008471747
1.33867 5.4325788393918 3.49646923552438
1.34656 5.82971979610039 3.62183351889512
1.34919 7.07029513020181 3.98855939978174
1.35445 1.34930212886697 1.74235719998592
1.35708 1.63643615332682 1.91877819000668
1.36497 13.7630189397721 5.56429362853271
1.37023 6.31229724845129 3.76818487925199
1.37286 28.1510863577916 7.95753776975255
1.37549 24.8570054722771 7.47735810438485
1.37812 33.8835294098009 8.72992965134998
1.38075 17.0930937193144 6.20039570779802
1.40705 34.3211864891206 8.78387292152282
1.40968 61.9536587134011 11.8010074798275
1.41231 28.2251892754784 7.96498100527678
1.41494 86.1612547828557 13.9156348948939
1.41757 73.6572406691225 12.8657599544497
1.4202 16.8925525877377 6.16106886331373
1.42283 41.7221916788919 9.68216947480114
1.42546 60.6242545239948 11.670595777214
1.42809 20.4543669568303 6.77865513269124
1.43335 16.0479304898058 6.00373373737884
1.43598 19.4618884756226 6.611272942814
1.44124 1.26635907655754 1.68629055987924
1.44387 12.4455884223566 5.2861852508183
1.4465 18.3959862113527 6.42653509425164
1.44913 17.2239354995582 6.21816474112422
1.45439 10.1574214836667 4.77473338403178
1.45702 25.340492749743 7.54128917760632
1.45965 36.0221504272562 8.99090813847378
1.46228 29.4674973793694 8.13150706547816
1.46491 5.98401344903537 3.66417637180047
1.47017 0.448199293712204 1.00271384877086
1.4728 15.0612168624242 5.81235494314878
1.47543 34.6743373042425 8.81874626137464
1.48332 4.57704553229855 3.20359321436161
1.48595 46.5131286145185 10.2120559052739
1.48858 34.4911376733652 8.7934606445589
1.49121 4.94059941006771 3.32794806962192
1.49384 6.94463052906526 3.94540822718835
1.49647 8.08828483826716 4.25771162795323
1.50173 15.1505802784536 5.82672336835868
1.50436 18.3737055127883 6.41637300804369
1.50699 3.91120447893077 2.96024698758875
1.50962 11.7981533897463 5.14116052305593
1.51225 13.7696748109559 5.55389216710508
1.51751 5.63217946770078 3.55170389774227
1.52014 21.7658324052066 6.98180317533929
1.52277 18.1128280011444 6.36875500410849
1.5254 47.5114970853503 10.3143583776037
1.52803 19.599993859127 6.62448733321519
1.53066 14.2526659928892 5.64876887482913
1.53855 15.4969341422987 5.88942603257861
1.54118 43.6595156077126 9.88487025780202
1.54381 7.15522492483985 4.00151638436527
1.54644 7.51574068773267 4.10091043003057
1.55433 10.4250464345986 4.82922774236693
1.55696 48.3419237210223 10.3987726105381
1.55959 68.7207679140396 12.3978262890291
1.57011 12.8371311869785 5.35748828672113
1.59378 11.171155495807 4.99584563343613
1.59641 13.5476968555406 5.50141114416331
1.60167 10.4106448971852 4.82209059150248
1.6043 12.6248818844598 5.3098563802869
1.60693 12.2053108621097 5.22054803346658
1.60956 47.6013544938624 10.3091743858539
1.61219 49.3418198923965 10.4952881399122
1.61482 14.0385280023573 5.59783535920558
1.61745 4.36177519833115 3.12006413225756
1.62008 13.7057800672593 5.53039694821462
1.62271 39.0909842000481 9.339320238086
1.62534 33.6470479105051 8.66409059005598
1.63323 22.9535362249306 7.15470762125717
1.63849 59.0905783828026 11.478132972504
1.64112 17.8270836312864 6.30412473640376
1.64375 23.7430860890748 7.27487846715034
1.64901 23.8394490447942 7.28870343161978
1.65164 22.473696912294 7.07639283342735
1.65427 26.2816042349155 7.65196734427079
1.6569 29.2184409798548 8.06767113756226
1.65953 24.4113187140792 7.37373929534872
1.66216 23.1716834248648 7.18362146030371
1.66479 38.8462350754523 9.30061350231586
1.66742 13.03178108135 5.38655996304929
1.67531 0.394079267169389 0.936523815027002
1.67794 0.47789565570292 1.03125493590949
1.68057 9.99782062889313 4.716552062082
1.6832 14.4190410675313 5.66386132395197
1.68583 7.84155009350711 4.17655148013184
1.70161 9.0127552617886 4.47575648623597
1.70424 29.2555761849173 8.06309673238432
1.70687 28.9933654314973 8.02613999855892
1.7095 21.2289582748751 6.8672304932053
1.71213 34.6951352160353 8.778320519587
1.71476 2.88786791170731 2.53236123132841
1.71739 3.50188254849918 2.78835217918711
1.73317 0.137825436357671 0.552866704254251
1.7358 0.16712965737756 0.608754663843576
1.73843 4.78630873749686 3.2574344074904
1.74106 9.55185785460125 4.60128387444533
1.74369 31.7031332567393 8.38196735904244
1.74632 5.22822228277515 3.40354625026359
1.75158 16.6930645051705 6.08054032577458
1.75421 20.2423119753351 6.69520584980134
1.76473 7.464676455249 4.06422981374846
1.76736 9.05180013896363 4.47507114252007
1.77525 7.74161883457416 4.13739915488442
1.78577 0.309140839696322 0.826472421968154
1.7884 0.374869606259083 0.910017896292087
1.79103 11.5121526922929 5.04252109947501
1.79366 24.5719865713168 7.36629684494497
1.79629 12.8684769748476 5.33030765656192
1.82785 0.868249801839885 1.38194119924092
1.83311 1.40040872871132 1.75447349990447
1.83574 1.69789756717732 1.93152889226125
1.841 15.4225935897522 5.81937323438454
1.84363 18.6988087694851 6.40664200608175
1.84626 1.98062312458434 2.08473263999453
1.84889 2.401365517633 2.29511530865715
1.85415 24.1920547441205 7.28221571936917
1.86467 6.29697715570553 3.71275669680966
1.8673 58.8186100479264 11.3452367731464
1.86993 37.6674676461141 9.07747634497061
1.87256 40.7165862219404 9.43611654942584
1.87519 23.922308787311 7.231607406451
1.88308 29.4755957376 8.02308644050081
1.8936 2.95560368384534 2.53884054665518
1.89623 3.5834529680081 2.79504403323615
1.91201 2.61871605430612 2.38736677847175
1.91464 6.53172543393134 3.76995060390472
1.9199 7.39889566246327 4.01142456388718
1.92253 8.97149675677672 4.41666388378795
1.92516 3.7056703648619 2.83819346933524
1.92779 4.4932929415024 3.12491108369987
1.93305 13.5303434834049 5.42129520203815
1.93568 7.6638562719692 4.07961307708249
1.93831 5.61441993588737 3.49135803159903
1.94094 1.70182994881906 1.92197019974905
1.94357 6.3798887368969 3.72084634445597
1.9462 22.0909417411966 6.92291342080732
1.95146 14.6931647984491 5.64459288451962
1.95409 44.3846065853429 9.80929281576619
1.95672 39.8354391670496 9.29186444109823
1.95935 9.23954453685821 4.4744522535216
1.96198 48.8671514552669 10.2889162308684
1.96461 2.89792563539637 2.50525101820249
1.96987 8.56644589303685 4.30626693083504
1.98039 32.098923229238 8.33166197463518
1.98565 5.67557534844926 3.50254866259056
1.98828 7.02462451416062 3.89616355188802
1.99091 0.173081201662778 0.611500688293519
1.9988 3.84258495250801 2.88020096351881
2.00143 19.4725986561444 6.48408017363316
2.00406 3.11655310503508 2.59438001886606
2.00669 2.95067803265782 2.52474270316266
2.01195 9.42408176898639 4.51331312457642
2.01458 1.1701012640926 1.59055065867122
2.01721 10.9457557345029 4.86539921307284
2.02773 4.86520326756435 3.24552699811428
2.03036 13.6125371843708 5.42955218294841
2.03299 11.1943436652034 4.92440216808638
2.03562 2.23288347042 2.19961631951302
2.04351 0.479607413051032 1.0198489947265
2.04614 21.1374185288302 6.77140116716381
2.04877 42.8617655910359 9.6437784559157
2.0514 71.2273675306231 12.4335530791058
2.05403 29.7511805103127 8.03680628384428
2.05666 6.7586886053839 3.8310885868815
2.05929 0.686855939532833 1.22147157522231
2.06192 0.833276834356904 1.34556516141411
2.06455 0.798971433644159 1.31775670164547
2.08559 3.76995687656569 2.86558591473959
2.10663 10.4710982639616 4.78404579850302
2.10926 12.7105006985079 5.27306920522583
2.11189 10.4409490013339 4.78117792596432
2.11452 52.3367541534053 10.7090496977892
2.11715 27.1202678280119 7.7121771753065
2.11978 26.3439310879897 7.60418402425069
2.12241 5.92031326399086 3.60634137684351
2.12767 19.9074489023757 6.61860045747524
2.1303 42.2569577618054 9.64693117228133
2.13293 21.9612739962439 6.95745467470505
2.14082 9.93590206877659 4.68564115378854
2.14345 37.6870977503776 9.12940913408301
2.14608 33.9541233530621 8.66908742731253
2.14871 6.81788243487635 3.88626600696358
2.15134 12.5770966830409 5.28054158814774
2.15397 11.5460083033819 5.06156185259415
2.16449 13.043190232637 5.38865559512886
2.16712 58.7753976193036 11.4436852211907
2.16975 42.6307279484395 9.75009715652164
2.17238 2.30512063766281 2.2681600878726
2.17501 18.8967340852319 6.49679866103157
2.17764 32.1661524421982 8.47978029038742
2.18027 33.4016653982391 8.64466095824934
2.1829 21.9426713758568 7.00950531085417
2.18553 12.7066960440649 5.33626647420621
2.18816 48.8534294319257 10.4676004550235
2.19079 25.8750537670993 7.6211149988577
2.19342 1.73878808062605 1.97642045759188
2.19605 9.80581950473694 4.69543619715218
2.20657 5.53529899124503 3.53386725250311
2.2092 6.71932911746149 3.89522706941442
2.22761 29.2690660742752 8.1545603070945
2.23024 35.5296598032974 8.98835986588297
2.25128 31.6675698356992 8.51524018075327
2.25391 19.3818444560766 6.66460524446511
2.26969 14.1376834643025 5.70672169022354
2.29862 15.7135707517996 6.04469928775773
2.34859 28.8334013483663 8.20424809713978
2.35122 33.4217979576767 8.83381663769961
2.35385 10.9245892532348 5.05101496475331
2.35648 20.3754870964058 6.89878656720977
2.35911 5.60871674549031 3.61987077625512
2.36174 2.10922772366862 2.22006476824293
2.36437 15.9041512247472 6.09679714154102
2.37489 39.1017121871927 9.56345129818031
2.37752 18.4787440697242 6.57499662519527
2.38015 13.2916884718091 5.57688800806885
2.38278 0.579557422088793 1.16464243893122
2.38804 10.0459868716827 4.84982102438722
2.39067 36.9496944889947 9.30202149666904
2.3933 18.5955230581612 6.59961510829067
2.39593 14.3524403281409 5.79855487045505
2.41434 9.8186101539372 4.784680223239
2.41697 32.196444352135 8.66050851269098
2.4196 24.597325834038 7.56649496323038
2.42223 6.28399477669326 3.82278530187706
2.43538 1.79564375396165 2.03903939819524
2.43801 11.2475359713795 5.10098953534666
2.44064 35.6126285080858 9.07272600359673
2.44327 35.955164270687 9.11226406051021
2.4459 18.363910527267 6.5093549283667
2.44853 20.0048904627752 6.7909885926415
2.45116 8.16799319972625 4.33742493997144
2.46168 10.3648700116524 4.87744124612922
2.46431 12.5598801198348 5.36675043081176
2.47483 2.23355361017792 2.25917199003479
2.47746 2.70655165216711 2.48580440040656
2.48535 2.50136761013275 2.38654481682326
2.49061 18.9233318145461 6.55833313520829
2.49324 20.2799594486099 6.78632841488175
2.49587 17.7634970605322 6.34851360451829
2.4985 10.6468756312489 4.9127563635263
2.50113 12.8979607480552 5.40408057464512
2.51428 89.6607633625196 14.191635064093
2.51691 73.8477616109355 12.8692196148026
2.52217 13.4920248994705 5.49193119622667
2.5248 16.3374018315461 6.03849434048192
2.52743 5.65755290521068 3.55059849357869
2.53006 28.5224129775772 7.96580927903019
2.53269 43.7452555261289 9.85714634005407
2.53532 21.1943794958851 6.85558410461361
2.54321 0.835283813986693 1.35766576762011
2.54584 55.9517201944644 11.1027011174075
2.54847 49.5411291361121 10.4387955635016
2.5511 31.2257543258688 8.28073423036943
2.55373 11.6245700297945 5.04830028097318
2.56162 6.70296685260401 3.82401703700052
2.56425 4.12673593822955 2.99800001644211
2.56688 29.9838167550274 8.07445401271367
2.56951 5.26026337031495 3.379202954619
2.57214 4.28022475541895 3.04567843208541
2.58792 4.18774948129554 2.99757371757118
2.59055 16.9424111160546 6.02425214300857
2.59318 3.35346381764997 2.67792087999893
2.62474 30.7265571024377 8.02607334452343
2.63789 5.3446949006817 3.33351982246826
2.64052 6.4714564234307 3.66504974189617
2.64315 6.21841247606134 3.58967630952128
2.64578 7.52932782586998 3.94665976714405
2.68786 1.7969023977975 1.90198137375748
2.69049 2.1756038651785 2.0910254176686
2.71416 1.97062321115897 1.97752697081966
2.71679 2.38715415204521 2.17518903445828
2.72468 2.81016491011034 2.35575005658758
2.72731 7.12118319263568 3.74778140249543
2.72994 4.50269422346964 2.9783034318422
2.7352 2.20940615628825 2.08371636204776
2.73783 3.43511987537868 2.59660168861431
2.74572 22.4175647862491 6.62105704630128
2.75361 38.2072033758326 8.62782836000837
2.75887 2.25324540385419 2.09264373809112
2.7615 29.4122572756225 7.55589334143052
2.76413 32.3218852444561 7.91589887525521
2.76676 9.8519069389964 4.36759102813592
2.76939 37.7359022005329 8.54257433428104
2.77202 7.19083086111891 3.72674931483385
2.77991 12.1510085884568 4.83540119182805
2.78254 19.952617661172 6.19233122010376
2.78517 21.8598764263417 6.47747337262554
2.7878 12.5433807316206 4.90361418145164
2.79832 4.59512495940007 2.96048614367478
2.80095 10.3642637388263 4.44358498330204
2.80358 21.471589298355 6.39323097204194
2.8141 21.5747917038885 6.39817804580688
2.82462 2.55375016098283 2.19768091867671
2.82725 22.2338595817551 6.48194895928029
2.83251 9.86352293640483 4.31379258806484
2.83777 3.88008187678469 2.70338654055315
2.8404 11.1252172805118 4.57576772125619
2.84566 4.6966056101337 2.97060810842562
2.84829 5.69156646585838 3.26881844889005
2.85092 12.8160041159959 4.9031213892407
2.85355 26.1988928990091 7.0074350481861
2.85618 5.18701222749624 3.11671710753635
2.85881 24.3657957306679 6.75227371251402
2.87196 54.4015667934182 10.0685788163443
2.87459 0.23968476453408 0.668040488858112
2.87722 0.617435926573891 1.07176228399017
2.87985 0.748231627826174 1.17934360019852
2.88248 13.9949688475982 5.09833001483628
2.893 2.89358621718192 2.31439400988836
2.89563 17.2824373613716 5.65380048730248
2.89826 16.6940596318058 5.55440716413511
2.92456 6.63468766340478 3.49213472224957
2.92719 9.07756643176085 4.08370540190447
2.92982 1.25446471839182 1.51770649819206
2.93245 8.62862241341648 3.9794048478834
2.93508 20.9647058334693 6.20126865067257
2.93771 11.5055484996816 4.59281057546748
2.94034 1.87535780642218 1.85376890820126
2.94297 2.27334786083979 2.04049280316116
2.9456 7.08618927422004 3.60161289780489
2.94823 22.290472703957 6.38614506861396
2.95086 23.107085862401 6.50040108530746
2.95349 7.87836873989264 3.79467061364815
2.95612 11.7300604616915 4.62907659915545
2.95875 14.2194015054253 5.09533981358476
2.9719 11.9810755333044 4.67111752525278
2.97453 14.5236635810503 5.1416071119304
2.98768 9.76681826009472 4.21091050736879
2.99031 11.8394842576536 4.63503916813814
