-0.19725 6.0318264503489 3.55871301957852
-0.19462 53.3795817728114 10.5869823128348
-0.19199 39.0552099810857 9.05607784782635
-0.18147 28.3827192268951 7.72132557127428
-0.17884 38.3548620595394 8.97617116641593
-0.17621 7.5321715429309 3.97792931238452
-0.17095 44.7507319269364 9.69681528483764
-0.16043 29.9217933775648 7.93025274805493
-0.15254 10.0668385194703 4.60031832090848
-0.14991 55.3047330833707 10.7829730203989
-0.14728 70.1929497343482 12.1484298203032
-0.14465 99.7917722492233 14.4856105010106
-0.14202 18.6813409424729 6.2677186146259
-0.13939 16.7828238371083 5.94092426861629
-0.13676 79.7540551818253 12.951316453119
-0.13413 38.5887138215942 9.00914772099132
-0.12098 31.1903542902488 8.1010970364117
-0.11835 52.3566191486958 10.4962822119987
-0.11572 30.4300817767833 8.00234519320686
-0.11309 40.5645728651397 9.23964306153075
-0.11046 25.9381113450834 7.3886812847092
-0.10783 38.9145711667447 9.0504442876219
-0.1052 39.9897345188746 9.17495727786797
-0.10257 32.2970888343658 8.2456993053837
-0.09994 23.2763667642402 7.00034450420802
-0.09731 79.7002947335308 12.9542181714039
-0.09468 53.7308957312989 10.6368466911379
-0.09205 81.2523357125897 13.0809233545535
-0.08942 10.9777193783347 4.80835084614818
-0.08679 16.5192259646669 5.89867602981192
-0.08416 41.9183972881045 9.39683586596622
-0.08153 24.6218048072565 7.20209516672757
-0.0789 68.8040461373438 12.0399728733735
-0.07627 94.2384153214103 14.0913340449732
-0.07364 48.1716942595892 10.075200224228
-0.07101 48.6154366354526 10.1219554277589
-0.06838 81.6810399382466 13.1207165333161
-0.06575 81.1583140508036 13.0792556491699
-0.06312 34.102000182814 8.47863698937143
-0.06049 58.9437376288046 11.1474246108934
-0.05786 35.4624141126839 8.64688032512686
-0.05523 39.4258949448763 9.11770779058023
-0.0526 103.779219300835 14.7934571091265
-0.04997 150.048378292839 17.788925500829
-0.04734 129.055322887753 16.4983916324115
-0.04471 154.393470858363 18.0462801659999
-0.04208 133.737927652353 16.7965507157739
-0.03945 145.324494547114 17.5098247959916
-0.03682 176.126886197662 19.2772374019933
-0.03419 128.17509972468 16.445738286471
-0.03156 212.301134307806 21.1664133838377
-0.02893 341.597280200081 26.8502225962487
-0.0263 325.80604874316 26.2234501475299
-0.02367 314.586939816368 25.7691546219978
-0.02104 482.917681020733 31.9290463204749
-0.01841 485.100111896081 32.0025545097005
-0.01578 496.952749687992 32.3926195810106
-0.01315 483.557559254809 31.9545106751109
-0.01052 480.340964564593 31.8494880331774
-0.00789 496.024791661975 32.3667350127747
-0.00526 582.247593570289 35.0687759807043
-0.00263 632.383917876095 36.5491027140557
-0 677.263073339446 37.8254899484432
0.00263 569.626436456561 34.6917505745109
0.00526 637.636742338663 36.7065968956236
0.00789 608.56518642612 35.8622317616775
0.01052 570.34662904617 34.7199828725915
0.01315 560.268462459874 34.4139441855257
0.01578 395.607081826409 28.9197601047767
0.01841 352.485725225781 27.2998158086417
0.02104 269.100511210936 23.8546198897622
0.02367 128.939092899913 16.513298475562
0.0263 166.313263829708 18.7556125136586
0.02893 166.238892355747 18.7525532163331
0.03156 231.146795219975 22.1138471370993
0.03419 230.671594240551 22.0924406524694
0.03682 206.033718239702 20.8805560042949
0.03945 69.3677718003004 12.1165240331974
0.04208 124.092410028752 16.2068289805085
0.04471 71.2141177494339 12.2782013093552
0.04734 88.7497375476868 13.7076023339006
0.04997 111.331429609509 15.3537019395673
0.0526 101.750006385001 14.6790410937073
0.05523 32.1852742513373 8.25629722008162
0.05786 61.4396516169108 11.4079426404223
0.06049 23.4799954188765 7.05274533386959
0.06312 7.85021352520791 4.07827185067105
0.06575 53.7178538120344 10.6689332691913
0.06838 9.80327147633015 4.55799053714515
0.07101 8.78705213632923 4.3155458502976
0.07627 12.3013286168665 5.10672642004608
0.0789 10.6033552518055 4.7414858372236
0.08153 33.0578037118209 8.37251658062995
0.08416 12.8582339124656 5.22198827284008
0.08942 33.0251093268055 8.36989057216557
0.09205 32.0155798329053 8.24146725923359
0.09468 2.79797595004308 2.43653155910757
0.09994 0.14205409178407 0.54907202592754
0.10257 38.3757883713735 9.02527428782329
0.1052 34.6258365644944 8.5735698906211
0.10783 49.8615892521615 10.2890294503858
0.11046 3.25297331409754 2.62821805792165
0.11309 28.3401528974497 7.7580402375338
0.11572 1.9560578935319 2.03831626530864
0.11835 38.7893446379341 9.07750965124549
0.12098 28.2748567216955 7.75069203647875
0.12361 38.515263866038 9.04662286253045
0.12624 5.25181371193311 3.34083072830532
0.12887 3.70229040722441 2.80520639446485
0.1315 28.9340694705066 7.84267285224703
0.13413 0.0996550177579398 0.460297568534228
0.13676 9.77530473350084 4.5591512450642
0.13939 31.4255880178751 8.17504781416608
0.14202 45.4766223114681 9.83495640656685
0.14465 0.190341903191204 0.636319573021615
0.14728 65.6763863898633 11.8206794046846
0.14991 31.8368409070111 8.23061958448028
0.15254 15.6614452767813 5.77315465459187
0.15517 69.9188497232817 12.1989972648861
0.1578 211.630125594306 21.2248906122216
0.16043 130.20461357864 16.6494394976808
0.16306 152.282571340206 18.0069949591488
0.16569 159.361408833092 18.4220276435113
0.16832 226.47369206613 21.9626344208937
0.17095 353.110662489094 27.425886054267
0.17358 274.966824358903 24.2033285053383
0.17621 313.80382754984 25.8579300069025
0.17884 322.56109382202 26.2180456742086
0.18147 356.142923204403 27.550923852071
0.1841 335.78094946951 26.7535681193398
0.18673 322.311963639264 26.2132924812107
0.18936 359.413417672727 27.682810127279
0.19199 384.207288149899 28.6236818984361
0.19462 416.126862557142 29.7910105918619
0.19725 362.623750325685 27.8118668102931
0.19988 337.115061070458 26.8176593447729
0.20251 257.823531336035 23.4545247884707
0.20514 282.329144888734 24.5457769259608
0.20777 325.765763658717 26.3684867074918
0.2104 201.681081697871 20.7490693148629
0.21303 216.11768975524 21.4805178901892
0.21566 150.906723636336 17.9509496493625
0.21829 58.2214185508983 11.1508523129187
0.22092 58.7747383963287 11.2045793996161
0.22355 108.99043264396 15.2590649943673
0.22618 65.7209201177884 11.8500197838397
0.22881 35.1960631256356 8.67257012062737
0.23144 18.3588337181364 6.26407332900404
0.23407 50.2650007160609 10.3657479194723
0.23933 8.34916445454639 4.22528788478985
0.24196 32.7458394946211 8.36847558299878
0.24459 0.315883806504094 0.821987962083436
0.24722 51.8298197468676 10.5299208602232
0.24985 55.84271695128 10.9308014258122
0.25248 57.9148856781822 11.1326180226595
0.25511 25.0358459204721 7.32009652439385
0.25774 15.677166165679 5.79299181418892
0.26037 43.4752749544916 9.64769929886483
0.263 29.2868148723964 7.91903225944275
0.26563 93.1711646752312 14.125708803171
0.26826 61.5949139174837 11.4861730213212
0.27878 0.0351232889910206 0.274368486403172
0.28141 3.44535230340068 2.71760837604949
0.28404 89.0780576382732 13.8193887153207
0.2893 0.112935315567923 0.492136019992781
0.29193 11.0781741679824 4.87458622169011
0.29982 7.51340933267159 4.01534013332262
0.30245 16.9385147969091 6.0294663548795
0.30508 37.7572738293463 9.0028508711973
0.30771 33.5610924086738 8.48860467218958
0.3156 24.0281201138059 7.18445266161767
0.31823 4.58186596355875 3.1375703751934
0.32612 0.015769882414121 0.184120420339664
0.32875 1.67250310267207 1.8963114358301
0.33138 12.5321906857315 5.19132425646645
0.33401 56.4731761590459 11.0210816622733
0.33664 19.4379544430488 6.46646365282714
0.33927 70.6673036560649 12.3307434474241
0.3419 12.12078247892 5.10721056844324
0.34453 22.3414917497797 6.93446477239256
0.34716 41.8827946570991 9.49539660010015
0.34979 98.3669461612658 14.5531930530487
0.35242 53.5222992136269 10.7359253614244
0.35505 85.479568165596 13.5688069104058
0.35768 142.75559204865 17.5366025977612
0.36031 107.10666003377 15.1913202861046
0.36294 124.270784732518 16.3647803990256
0.36557 121.035945190611 16.1518107429514
0.3682 45.5439461928859 9.90872393886256
0.37083 215.577091316 21.5596677216976
0.37346 131.987460939085 16.871179605957
0.37609 126.541233664393 16.5208918925758
0.37872 79.7511765003653 13.1166927434603
0.38135 119.704688393912 16.0712519058424
0.38398 54.9896132089834 10.8936341510306
0.38661 51.7956365428147 10.573465666033
0.38924 88.7620479618789 13.8427616399108
0.39187 115.032353535736 15.760042763731
0.3945 43.3222214599164 9.67255139868413
0.39713 150.869212313155 18.0519569894228
0.39976 84.1234830851756 13.4809620607776
0.40239 52.0871746965708 10.6088185626757
0.40502 39.0815266832787 9.19026510025954
0.40765 82.2478425083133 13.3335313335976
0.41028 10.6487926813455 4.79814929238963
0.41291 47.1092286452729 10.092928623638
0.41554 8.32385344970347 4.24294151054451
0.41817 1.4963616293477 1.79913492120776
0.42343 8.07166113791745 4.17934408700144
0.42606 11.0556038676269 4.89168517954691
0.42869 6.22357267046927 3.67052119130973
0.43658 11.1105631555009 4.90566187494815
0.43921 51.6748079978203 10.5805822906051
0.44184 104.289772508637 15.0325114950786
0.44447 47.6926435212563 10.1666278328633
0.4471 46.3522505919032 10.0236796152486
0.44973 21.4231186064967 6.81512206066793
0.45236 9.6375203775419 4.57146572514439
0.45499 48.9522489379664 10.3038529227851
0.45762 59.3681697653262 11.3482961950822
0.46025 4.21175628937489 3.02291507923352
0.46288 38.068484308405 9.08903161317386
0.46551 0.191998075230995 0.645540867659812
0.46814 33.1296861185716 8.48055822624028
0.47077 43.3595829129508 9.70283834031206
0.4734 11.2499403924848 4.9427861235963
0.47866 1.92062636112567 2.04267394351145
0.48392 0.0640755498069246 0.373168215023456
0.48655 6.28557216851387 3.69633484059659
0.48918 0.0804688932892313 0.418266735448286
0.49181 52.4562379679987 10.6801730768435
0.49444 59.979154640732 11.4214249585109
0.49707 31.1595299924073 8.23295918264569
0.4997 48.5611125756844 10.2788458972805
0.50233 30.4441840418658 8.13935086069957
0.50496 66.8269424491551 12.0601011203372
0.50759 16.3682850330929 5.96917470331109
0.51285 30.133388187793 8.100498709829
0.51548 43.5090807292239 9.73453598552926
0.52074 71.673860684246 12.4962796361801
0.52337 24.8355689268544 7.35656201306837
0.526 43.1863672392511 9.70171877803027
0.52863 36.1349248532496 8.87516462675216
0.53126 4.65849437950719 3.18693433994412
0.53389 36.5604084312568 8.92880481046883
0.54178 42.5009134498944 9.62940268266267
0.54441 3.38998304499469 2.71979665489388
0.54704 32.0656379605461 8.36556088062242
0.54967 51.481709625281 10.6008098646843
0.5523 15.245362623027 5.76924365049921
0.55493 16.8355547982022 6.06318958119798
0.55756 12.8297751509469 5.29339591262538
0.56019 68.7979234398919 12.2588558218395
0.56282 46.5464808941334 10.0842385141888
0.56545 45.5786141337487 9.97970365803616
0.56808 31.2114346255332 8.25907387880249
0.57071 0.00760580223534368 0.128939027744068
0.57334 1.00696575771397 1.48373592764274
0.57597 25.6505959294233 7.48919898858046
0.5786 31.6702109738455 8.32241734633801
0.58123 10.4245323125541 4.77517913298894
0.58386 20.4929650855606 6.69577940911535
0.59175 0.310345975639679 0.82420232588521
0.59438 73.9967797973412 12.7278345284077
0.59701 54.4581482967734 10.9198550244937
0.59964 21.3595037459772 6.83940524941674
0.60227 0.126604426088563 0.526612318301359
0.6049 12.5672408998154 5.2472415174868
0.60753 16.0068288270466 5.92254324011207
0.61279 27.1212226176583 7.71079586116047
0.61542 16.8028452298283 6.06988503807974
0.62068 18.9312670166123 6.44418236440974
0.62594 22.3243042826969 6.99931986805455
0.62857 0.185448173856602 0.638002804651133
0.6312 18.2131981430792 6.32337353477665
0.63383 2.06884800978976 2.1313974344704
0.63646 19.0709427477223 6.47188262868107
0.64435 0.0420603543107325 0.304028416119056
0.64698 4.12603868564026 3.01154065679376
0.64961 2.51312221057763 2.35057031544275
0.66013 0.144336526773662 0.563549305165217
0.66276 22.925923273944 7.10315882775379
0.66539 5.97782117444838 3.62747037076686
0.66802 17.3451303164108 6.17967299834315
0.67065 7.03095450806976 3.93484965258205
0.67328 47.7976158724143 10.2604969392126
0.67591 0.85107148869657 1.36928095729846
0.67854 27.727933385034 7.81650408783297
0.68643 30.6473465347199 8.22021120221166
0.68906 30.4672301136749 8.19685490528773
0.69169 4.10800284733837 3.01016529883288
0.69432 16.8326710291656 6.09390530820874
0.69695 11.4893773546639 5.03514090033747
0.70484 19.0242850330332 6.48076656987061
0.70747 35.6688251627728 8.87455797700217
0.71273 14.568640130767 5.67246816170305
0.71536 83.6156165751418 13.5905291532028
0.71799 8.97508153077628 4.45289007688782
0.72062 56.0643900767252 11.1300323026295
0.72325 37.8771942105225 9.14896299093482
0.72588 53.3993311519159 10.8637802320948
0.72851 0.384794454341406 0.922268877214087
0.73114 60.8754310925348 11.6009688313509
0.73377 6.27242216700627 3.72409675246164
0.73903 0.116052133205524 0.506628977283164
0.74166 11.5467451357827 5.05386130996379
0.74429 15.9896257875989 5.94761355862932
0.74692 42.1627671124971 9.65868949604518
0.77059 0.293411531930799 0.806236741837012
0.77322 28.7971993287143 7.98783601061234
0.77585 4.53938853187135 3.17163137532343
0.78637 90.1018232967891 14.1341868772456
0.79952 21.2952783532839 6.87377252900311
0.80215 4.19535312394603 3.05110760041495
0.80741 17.7938238535688 6.28416292639919
0.81004 40.502281521452 9.48139628769271
0.81267 55.2999326053828 11.0793585243852
0.8153 8.99874863877007 4.46954314772502
0.81793 4.63048310006221 3.20630610716188
0.82319 5.50148164894578 3.49519308850063
0.83108 2.97789001194128 2.57184572743687
0.83371 62.6517504785647 11.7971455602738
0.83634 16.569687003602 6.06718489094863
0.83897 24.6019359479936 7.39323416051546
0.8416 21.5203021561402 6.9150248117038
0.84949 46.9466458279587 10.2148279416468
0.85475 12.9095730483414 5.35703120290262
0.86001 1.75380203315726 1.97468568921504
0.86264 15.7977753369972 5.92686980313968
0.87053 27.2455427700237 7.78456448253595
0.87579 0.149417376102537 0.57653619494937
0.87842 14.6558889881782 5.71020662524348
0.88631 11.8928156210176 5.14454794340934
0.88894 35.735649059718 8.91816332245035
0.89157 32.4785566084002 8.50242189263232
0.90472 54.5903558872297 11.0255060171194
0.90735 11.7729545618621 5.12036986034048
0.91261 8.42325146357016 4.33146230082596
0.91524 69.2074061246429 12.4162076818384
0.91787 128.360515760752 16.9101100389802
0.9205 69.4445317544935 12.4384927472329
0.92576 38.8287452850416 9.3016812059601
0.92839 45.1328428772743 10.028803833292
0.93365 16.2400832760273 6.01634802181519
0.93628 79.6574875977398 13.3250897005836
0.93891 38.8144249729036 9.30189494062246
0.94154 34.9519944783746 8.82731947610358
0.94417 39.5430105339384 9.38957074198382
0.9468 47.2414316665479 10.2633799499578
0.94943 14.518370615314 5.68991564241876
0.95206 10.2548211277 4.78221325130122
0.96521 8.98583202324633 4.47748403876964
0.97047 41.1693495493195 9.58468606366875
0.9731 67.651421658043 12.2870421209954
0.97573 67.8481364594426 12.3054028809544
0.97836 11.7374504399108 5.11837087582258
0.98099 15.4588440588113 5.8742356269098
0.98362 7.48358867314685 4.08729323827356
0.98625 25.4982434928858 7.54490820582922
0.98888 14.7908137355828 5.74662485374368
0.99414 15.5007161739837 5.88340383896919
0.99677 26.4987786825506 7.69278662353788
0.9994 0.165966892872579 0.608834284766564
1.00203 16.278325490112 6.02978115314066
1.00729 26.5547951528573 7.70166806821968
1.00992 89.2093982616697 14.1164970138191
1.01255 50.375155333382 10.6081133275285
1.01518 34.3381256568 8.75843598166929
1.0257 0.0737050281491662 0.405807514288974
1.02833 7.2291190134908 4.01904184242312
1.03359 7.199934764066 4.01107468192315
1.03885 0.00137860514317095 0.0555051192949553
1.04148 0.135216020261057 0.549712332634376
1.04937 0.141325054368812 0.562025371772892
1.052 13.8614101344366 5.56619425794882
1.06515 13.8441658881267 5.56326311417299
1.07041 3.68003027179513 2.86839209393969
1.08093 22.1568432025832 7.03882221239458
1.08356 63.5990386114292 11.9255834675111
1.08882 15.5267959062561 5.89266696643139
1.09408 4.69282146607892 3.23969856307662
1.09934 7.05420967826742 3.97217506231477
1.10986 3.09465403665052 2.63080044431684
1.11249 16.5008161262413 6.07473389752852
1.12301 35.2373235059545 8.87660240860947
1.12564 10.9822145533541 4.95544846159159
1.12827 16.3638829115595 6.04886474630815
1.14931 7.79613333475842 4.17457084095448
1.15194 3.33307536975657 2.72952742059249
1.1572 19.4360400577191 6.59104326889942
1.15983 0.123834248937555 0.526093994971808
1.16246 12.1667351007829 5.21462005812663
1.16509 2.13095073948993 2.18230293473365
1.16772 0.313958977730916 0.837640121958572
1.17035 30.7914335993313 8.29523434018156
1.17298 40.6879819556683 9.53541207539604
1.17561 0.0853839259619114 0.436804533017088
1.17824 8.37400317952318 4.32571919003377
1.1835 14.8932627772514 5.768621699306
1.19139 40.2227992594389 9.47962882902124
1.19402 67.8299205751202 12.3100134024799
1.19665 59.7165134564305 11.5501540656493
1.19928 11.5259687616203 5.07425114400466
1.20454 18.332754155089 6.39901794365852
1.21769 33.5945081210339 8.66039411825342
1.22032 29.6185403254203 8.13141529348776
1.22558 47.9011927527711 10.3399653137533
1.22821 81.6973952889509 13.5030172219264
1.23084 30.9156130658165 8.30608640332181
1.23347 7.8790325255709 4.19299895811865
1.2361 90.8285389054265 14.2357471313117
1.23873 83.3133611033004 13.6334955360038
1.24136 46.0611259084696 10.1367318257407
1.24399 0.216248066718437 0.694524526649887
1.24662 37.4313250734744 9.13713112697319
1.24925 0.111060050789878 0.497682047833578
1.25188 24.8133107896947 7.43868523413044
1.25451 14.8314852072607 5.75078229791159
1.25714 1.62765147065304 1.9050048812121
1.27555 17.6348501605441 6.26854404551059
1.27818 2.43544262493469 2.32943454750085
1.28081 40.949094300782 9.55134374687862
1.2887 14.6264913326548 5.70761521053214
1.29133 38.590361164173 9.27053475909137
1.29396 10.5225355946632 4.84067942703619
1.29922 26.6881662709234 7.70844884154234
1.30185 46.0826295006457 10.1287880004838
1.30448 15.959210732443 5.96040978406336
1.30711 20.797087625372 6.80382653407864
1.31237 48.167565156508 10.3536249457629
1.315 17.0300828484824 6.15609077721024
1.33867 0.366932812825301 0.903282954137031
1.3413 36.3354714881492 8.98829829199567
1.34393 34.3726734704081 8.74178797013431
1.34656 51.1277854107914 10.6611397736778
1.36234 9.83901909907983 4.67563088924836
1.3676 9.99771314378303 4.71278576113547
1.38338 2.82003310409565 2.50232411032
1.38601 42.0371653591296 9.66083532036927
1.38864 35.9075045457844 8.92836812823926
1.39127 19.0422735670095 6.50160205052756
1.39916 26.9333731965296 7.73127053344803
1.40179 36.8222783707027 9.03929040744183
1.41231 6.94642636340342 3.92509838152488
1.42283 59.0510186637416 11.4412714147622
1.42546 19.0871944992415 6.50435629427576
1.43072 13.8001968474996 5.52995080708443
1.44124 20.2640027328209 6.69933833665907
1.44913 16.2093182516542 5.99059048277467
1.45965 34.6648237490896 8.75835059422128
1.46228 49.4341787792052 10.4583729170964
1.46491 4.3504317405574 3.10233913575457
1.46754 24.7807152171071 7.40376520293984
1.47017 48.2430677451447 10.3296546217628
1.4728 41.5517727325416 9.58596284119563
1.48332 0.483142479057199 1.0334013398256
1.48595 25.9675625183175 7.5756448121112
1.48858 47.5489457878395 10.250547373412
1.49121 33.9519430998298 8.66126893732819
1.49384 108.540664030101 15.4852434065478
1.49647 7.89829711672441 4.17696774511789
1.4991 14.1317236700235 5.58679382329287
1.53066 16.1195755663569 5.96022452512133
1.53329 31.5547747379417 8.33831648839126
1.53592 1.96282460592257 2.07944092338459
1.55433 0.129451701005685 0.5336783211556
1.55696 12.6940231847486 5.28427331253804
1.55959 9.20127333210305 4.49851874835501
1.56485 0.277803891182715 0.781510090220398
1.56748 30.2201519297429 8.15030136029693
1.57011 22.0907776493496 6.9677210974277
1.57537 5.91920220952479 3.60609068351635
1.59115 0.120211297058599 0.513614075954938
1.59378 11.7879043024483 5.08560260157473
1.59904 4.81879226212735 3.25096944598348
1.60167 8.7439229825898 4.37876985296138
1.6043 6.94401148431465 3.90149383828341
1.60956 61.4976696519654 11.6066922888943
1.61745 26.4194772467814 7.60363414175301
1.62008 7.86813708702699 4.14879202959337
1.62271 23.1685686106601 7.11806397363209
1.6306 0.137785625712269 0.548648037768484
1.63323 32.6781063691613 8.44786168691533
1.63586 29.8416143305878 8.07153185773504
1.64901 12.8663195216664 5.29546223491186
1.65427 106.674435913949 15.2426146984824
1.6569 36.3811060963855 8.90007156259324
1.66216 17.0821332752572 6.09647836914916
1.66479 25.5238658483203 7.45087694393529
1.67268 43.5427018683634 9.72680568687899
1.67531 15.6516761856834 5.83067801935761
1.68583 11.966243118392 5.0947351134799
1.68846 22.9042978934899 7.04737112971692
1.69109 38.5188126931616 9.13757648649988
1.69372 80.1775954646836 13.1809585971231
1.69635 7.22977960445244 3.95739033446814
1.70424 11.4647429684698 4.98112431357354
1.71476 0.0495767469487017 0.327395346473092
1.71739 5.1941193154976 3.35070724652923
1.72002 32.6438366347276 8.39901088618618
1.72265 4.25089079577188 3.03050168397128
1.73843 53.4225510167498 10.7354103793555
1.74106 44.7110864731417 9.81998602571486
1.77262 3.46376170276491 2.72922455791973
1.78577 5.47253711204335 3.42841385435759
1.7884 4.74773116161524 3.1929243385973
1.79366 0.031813513108433 0.261303189955618
1.79629 3.11943937542617 2.58716314616093
1.81733 9.98443308291851 4.6321378090174
1.82522 51.8006742365274 10.5551852024525
1.82785 0.148910313506906 0.566004611858765
1.83048 14.7645514499951 5.63672857383883
1.83311 15.2776912038845 5.73462804837459
1.85152 25.4808260384637 7.41307621456428
1.85415 19.5063296555341 6.48692326410001
1.85678 0.00969826853783113 0.144662955744124
1.85941 1.53547251727707 1.82049919090421
1.86204 30.1920371454671 8.07374249039128
1.86467 26.7014655822826 7.59373499625387
1.8673 38.9395782507972 9.17154910180831
1.86993 45.8054414771549 9.94866439093846
1.88308 0.483981051286109 1.02333076909694
1.88834 34.8786280526149 8.68959791373983
1.89886 3.20427314488096 2.63524391361347
1.90412 16.232738303958 5.93512977722255
1.90675 30.1344941324447 8.08999706378502
1.93305 23.9053171436555 7.23562699098305
1.93568 17.7729595263392 6.24150341274944
1.94357 10.0477523547958 4.69876973957453
1.9462 17.8057871544684 6.25763336453291
1.94883 1.90801274256355 2.04927308181049
1.95146 44.4743936263364 9.89791554671057
1.95409 0.379832903083046 0.915091234574155
1.95935 20.6303603235824 6.74962776016507
1.96198 1.38603493643845 1.7502191793507
1.96461 0.575369533333258 1.12812589433691
1.96724 58.0453103535 11.3356478513185
1.9725 17.2052730015109 6.17661313608639
1.97513 0.0575940627829878 0.357508749178114
1.97776 3.07752621859547 2.6144283948315
1.98039 30.9878692211027 8.29945618059445
1.98302 29.2514971686802 8.06687990123399
1.98565 39.4049041724327 9.36665008975204
1.98828 28.5723808767296 7.97920909806869
1.99091 33.0017812496957 8.57892060049537
1.99617 5.39799202124784 3.47243637622222
2.01458 3.68210484903818 2.87657348133751
2.03562 1.99240482602954 2.12334567044844
2.03825 14.0966620637754 5.65037648534428
2.04088 8.28411572595708 4.33340711250799
2.04351 16.6975172707387 6.15487694294863
2.04614 0.239723140081271 0.737794225945268
2.04877 23.5317900936414 7.3129809977794
2.0514 0.140530352045662 0.565377547587648
2.05403 13.7947711881726 5.60398687746073
2.06981 0.0465474716588976 0.326364393620178
2.07244 4.56917968585809 3.23488686945454
2.10137 0.100390568575824 0.481624207956678
2.104 9.84803692865291 4.77066858247071
2.11715 0.0412356773378438 0.30885430921893
2.11978 29.6341678752047 8.28048889993489
2.12504 10.8203746427579 5.00455837384549
2.12767 10.9639382355117 5.03814181143938
2.1303 23.2884687750291 7.34344833351911
2.13293 0.634089649202759 1.21184584722727
2.16712 0.181754145423538 0.649629252283023
2.16975 82.3063918916198 13.8255541200064
2.17238 15.4093638163243 5.98274462958733
2.17501 89.9359072424687 14.4549638271574
2.17764 14.2468659298723 5.75376934064684
2.18027 43.0971446072189 10.0082777440497
2.1829 4.93813753376766 3.38812172407997
2.19342 21.2725984662746 7.03488263356148
2.19605 60.3586661917075 11.8511003137133
2.19868 1.97129013668869 2.14193553329107
2.20131 20.6537748052184 6.93089808532216
2.20394 5.76222338363751 3.65930091218443
2.21183 15.7472680433409 6.04149717848231
2.21446 24.228660055069 7.49064655464608
2.21709 36.2136343475836 9.15383629960288
2.21972 16.2878652953715 6.13636926735653
2.22761 21.962348816558 7.11630851117508
2.23024 4.96637543983082 3.3825701657956
2.23813 26.325185896322 7.77762101072805
2.24076 10.7785985508819 4.97454325525214
2.25654 22.8917139750391 7.23059119659349
2.29862 4.32245262808872 3.11987523294042
2.30914 18.8833531893816 6.50163022523693
2.31703 37.3901090345194 9.12693859898438
2.32492 17.0713290588924 6.15232854339456
2.33544 41.1434701073311 9.52051898460033
2.33807 16.5491742234584 6.0332038595365
2.3407 30.2245820661577 8.14683825431076
2.34333 6.16540171648721 3.67653046536822
2.34596 2.37024427008738 2.27772873235595
2.35122 37.4732468910643 9.04191310256252
2.36437 27.2538841904563 7.67961266100532
2.367 2.83888366406791 2.47652235765889
2.37489 0.465201557757158 1.00003576919245
2.37752 45.5506687933347 9.88742760161852
2.38015 0.13210537704367 0.532030554013824
2.38278 13.1069706009115 5.2950160625748
2.38541 31.9799153605153 8.26406964058612
2.38804 18.3324906236315 6.25179375921902
2.39067 1.89451971939824 2.00808209098331
2.39593 0.242026627055393 0.716535379038271
2.39856 23.6977504307457 7.08428128197002
2.41434 29.8727171829999 7.91500540009024
2.4196 14.7353811530036 5.54987514265588
2.42486 24.1344957715942 7.09100802268086
2.42749 0.165916358617447 0.587456552393403
2.43012 26.8917488946478 7.47278295301928
2.43275 15.8988806471725 5.74112791635767
2.43538 26.8119155357101 7.4493500072513
2.43801 14.8416952227157 5.5377854652549
2.44064 22.7677550970677 6.85320611815461
2.44327 38.4243364607737 8.89560708739963
2.4459 32.9730644202484 8.23360774368557
2.44853 10.5064216863184 4.64382067448025
2.45379 20.2994438241926 6.44411518780792
2.45642 20.0430974832072 6.39792772282656
2.45905 27.2927519572894 7.45960183293043
2.46168 2.70683367973954 2.34723853803574
2.46431 9.457925687657 4.38387570191855
2.46694 0.177980688013047 0.600869205959785
2.46957 95.6872282442809 13.9204443025765
2.48798 0.0564662724055386 0.336148622673861
2.49061 5.64729817266071 3.35880427966249
2.49324 11.6856322629774 4.82744537407723
2.49587 6.34581183301825 3.55435773015164
2.50113 3.25168941641955 2.54037671554216
2.50376 5.3255256453154 3.24910782840984
2.51165 13.9216317128626 5.24377369026472
2.5248 37.139985330939 8.53899422206375
2.52743 15.6135643455067 5.53316124210451
2.53006 4.03034993307271 2.80950491739441
2.53532 0.375087259946584 0.856043540708878
2.53795 36.7429697695275 8.46743714806039
2.54058 12.297720201679 4.89566835958343
2.54321 6.05135523520501 3.43210462834793
2.54847 42.0625064026553 9.0375311983788
2.57214 69.8745243833329 11.5838144512177
2.57477 9.26312665599797 4.2150382135586
2.5774 39.2554856093675 8.67167739163006
2.58003 33.8651672607011 8.04932444380516
2.58266 34.3225319906008 8.09845228994292
2.58529 5.63033275318757 3.27799744784321
2.58792 0.144470621239684 0.524759395437717
2.59055 14.299394134523 5.21744410797613
2.59318 14.4686221735839 5.24494295600877
2.60107 5.33835765840971 3.18011108803158
2.6037 20.872189349012 6.28561221753774
2.60633 5.21962490133404 3.14201469143138
2.63526 24.2515920119475 6.74254936521959
2.64841 0.117032147731874 0.46743531661492
2.65104 11.4689037601849 4.62543348630701
2.65893 3.27335508236885 2.46805496935001
2.66156 36.6307967826054 8.25283992042218
2.66419 13.8589740772801 5.07420026041558
2.67208 5.4406909087417 3.17536519875421
2.67471 19.0396731108206 5.93769156720354
2.67734 0.0539939629960041 0.31606876710232
2.67997 5.58481201890813 3.21317368761157
2.6826 56.6200272448185 10.226705585579
2.70364 18.3898201720026 5.81000680858548
2.70627 17.2961571137497 5.63316936196941
2.7089 0.512568525365781 0.969491502652217
2.71416 0.0939899310814926 0.414943171499659
2.71679 9.34953738030976 4.13745127463293
2.71942 13.3187227794136 4.9369523964814
2.72205 0.11355657962124 0.455746733113901
2.72468 11.6025792217423 4.6055806401721
2.72731 46.1547756464548 9.18343365034994
2.72994 0.0101676643757251 0.136268967798915
2.73257 0.996717100609124 1.34884441635285
2.73783 0.134592654738193 0.495410824851662
2.74046 13.1938556717842 4.90376947994022
2.74309 0.0536580518207155 0.312644609730005
2.74572 12.4340850438353 4.75805731043672
2.75098 2.43105503002524 2.10280253123899
2.75361 2.7309700281349 2.22817168158344
2.75624 5.41540666689751 3.1368572212342
2.76413 9.30144551643093 4.10791253463601
2.77991 29.6781071943113 7.32649112516588
2.78517 4.53312015639394 2.86189309871173
2.7878 20.6192231296024 6.10209952882748
2.80095 42.03731228172 8.70187786204176
2.80358 18.4304450002444 5.76100184121621
2.80621 27.0022974884104 6.97212288479026
2.80884 31.0566112380799 7.47611990461312
2.81673 23.0141391597061 6.43280116235904
2.82462 4.6738370372423 2.89762980416311
2.82725 57.4433214266889 10.1568795335448
2.82988 17.9383094724767 5.67499755662444
2.83251 66.4077190518601 10.9173837859108
2.83514 14.3887972782201 5.08107840028599
2.83777 16.2988724556683 5.40700489972464
2.84566 24.2817584679461 6.59661185408214
2.8667 30.5616420684701 7.39167185564864
2.89826 14.1863656837207 5.02687074997311
2.90352 0.19271438538216 0.585749114011567
2.90615 18.8974450077047 5.7998235515836
2.92456 24.6601037200554 6.62096214770455
2.92719 9.62546825567379 4.13612055314281
2.92982 3.88534700270151 2.62757882459103
2.94297 0.0492127502020646 0.295578272262583
2.9456 15.9382605318716 5.31878816412435
2.94823 0.0378465380102356 0.259157539974592
2.95086 3.71120416011381 2.56605949369513
2.95612 9.90358438891443 4.19104703523078
2.95875 15.8101539337787 5.29484054327462
2.96138 24.2360132022728 6.55501852815271
2.96401 4.26798590342212 2.7505105213414
2.96927 0.0215456338758348 0.195388237075614
2.9719 2.11274866628408 1.93464444148542
2.98768 12.0097702650301 4.60993939451752
2.99031 19.8410220179328 5.92472633560136
