0.000000000000000000e+00 0.000000000000000000e+00 4.019801980198020042e-01
2.662037037037037202e-01 0.000000000000000000e+00 1.833053986501431976e-01
2.662037037037037202e-01 1.158682723272728143e-01 1.162359171705306532e-01
5.324074074074074403e-01 0.000000000000000000e+00 2.188015080678436600e-02
5.324074074074074403e-01 1.158682723272728143e-01 1.145035040538731896e-02
5.324074074074074403e-01 2.317365446545457397e-01 4.588867375019231760e-03
7.986111111111111605e-01 0.000000000000000000e+00 1.201343005755433138e-02
7.986111111111111605e-01 1.158682723272728143e-01 9.577473330235496476e-03
7.986111111111111605e-01 2.317365446545457397e-01 6.873527080733510958e-03
7.986111111111111605e-01 3.476048169818186651e-01 3.591902441857642170e-03
1.064814814814814881e+00 0.000000000000000000e+00 3.956008457031391645e-02
1.064814814814814881e+00 1.158682723272728143e-01 1.944340779692958418e-02
1.064814814814814881e+00 2.317365446545457397e-01 1.019582055487667366e-02
1.064814814814814881e+00 3.476048169818186651e-01 5.918522573479194533e-03
1.064814814814814881e+00 4.634730893090914794e-01 3.041209047291192676e-03
