0.000000000000000000e+00 0.000000000000000000e+00 4.301884412521241430e+00
2.662037037037037202e-01 0.000000000000000000e+00 9.233866485113069178e-01
2.662037037037037202e-01 1.158682723272728143e-01 3.719926798233912368e-01
5.324074074074074403e-01 0.000000000000000000e+00 1.458109588048565712e-02
5.324074074074074403e-01 1.158682723272728143e-01 3.944803143145086261e-03
5.324074074074074403e-01 2.317365446545457397e-01 6.308936513042419760e-04
7.986111111111111605e-01 0.000000000000000000e+00 4.846143082096382448e-03
7.986111111111111605e-01 1.158682723272728143e-01 3.056654580329256233e-03
7.986111111111111605e-01 2.317365446545457397e-01 1.558378415177858042e-03
7.986111111111111605e-01 3.476048169818186651e-01 4.207059899871597999e-04
1.064814814814814881e+00 0.000000000000000000e+00 5.836262579284590135e-02
1.064814814814814881e+00 1.158682723272728143e-01 1.371356657045199982e-02
1.064814814814814881e+00 2.317365446545457397e-01 3.681390936631997318e-03
1.064814814814814881e+00 3.476048169818186651e-01 1.218878182580641640e-03
1.064814814814814881e+00 4.634730893090914794e-01 3.167984089660456784e-04
