0.000000000000000000e+00 0.000000000000000000e+00
1.000000000000000000e+00 1.973309575897126775e-03
2.000000000000000000e+00 2.644234831702149680e-01
3.000000000000000000e+00 2.246731350733433441e+00
4.000000000000000000e+00 7.444574944726167764e+00
5.000000000000000000e+00 1.364419326315122127e+01
6.000000000000000000e+00 1.084388279939278910e+01
7.000000000000000000e+00 5.846750608495216106e+00
8.000000000000000000e+00 3.496175441406450535e+00
9.000000000000000000e+00 2.520056537049023326e+00
1.000000000000000000e+01 1.484910280942922878e+00
