0.000000000000000000e+00 0.000000000000000000e+00 1.519801980198019764e-01
2.662037037037037202e-01 0.000000000000000000e+00 7.066095897288583727e-02
2.662037037037037202e-01 1.158682723272728143e-01 4.403768553490361448e-02
5.324074074074074403e-01 0.000000000000000000e+00 1.157583866814050969e-02
5.324074074074074403e-01 1.158682723272728143e-01 6.437248744541074208e-03
5.324074074074074403e-01 2.317365446545457397e-01 2.590511108810794778e-03
7.986111111111111605e-01 0.000000000000000000e+00 1.182206296067629669e-02
7.986111111111111605e-01 1.158682723272728143e-01 9.497587153864547882e-03
7.986111111111111605e-01 2.317365446545457397e-01 6.844404532925089588e-03
7.986111111111111605e-01 3.476048169818186651e-01 3.582675619050700033e-03
1.064814814814814881e+00 0.000000000000000000e+00 3.955936304241601531e-02
1.064814814814814881e+00 1.158682723272728143e-01 1.944135586977905825e-02
1.064814814814814881e+00 2.317365446545457397e-01 1.019103193455057899e-02
1.064814814814814881e+00 3.476048169818186651e-01 5.918849680876537775e-03
1.064814814814814881e+00 4.634730893090914794e-01 3.041208813711151517e-03
