-0.198911953511333 330.291147732017 24.6104275558895
-0.196241953511333 631.899345207419 34.0534411401455
-0.193571953511333 932.450366224751 41.3824449915876
-0.190901953511333 533.53139610038 31.3147811251702
-0.188231953511333 613.229773483468 33.585126231168
-0.185561953511333 5.6211811403412 3.21673297278666
-0.182891953511333 955.066369138511 41.9453402885479
-0.180221953511333 718.309159966422 36.3905187889067
-0.177551953511333 979.196786250951 42.5043135917597
-0.174881953511333 559.740149937616 32.1481950006419
-0.172211953511333 160.179907733379 17.2041256012259
-0.169541953511333 1177.5536499704 46.6642222301315
-0.166871953511333 655.656706517508 34.8334831791459
-0.164201953511333 965.557138091189 42.287546082356
-0.161531953511333 241.675917675423 21.1643484131367
-0.158861953511333 449.858003078454 28.8862080222741
-0.156191953511333 1792.29305474879 57.6795402285189
-0.153521953511333 219.128416221229 20.1758097695937
-0.145511953511333 356.760635443667 25.7728461130275
-0.142841953511333 338.042292711018 25.097085201719
-0.140171953511333 253.283418272869 21.7322589456147
-0.137501953511333 686.528884296018 35.7927033827779
-0.134831953511333 461.780786826775 29.3661155666419
-0.132161953511333 93.4618005182633 13.2162730310313
-0.129491953511333 514.940619041575 31.0337129981875
-0.126821953511333 952.957779666378 42.2333085244847
-0.124151953511333 532.539316629709 31.5832706581111
-0.121481953511333 473.328198527851 29.7869008174312
-0.118811953511333 818.825103588757 39.192453244329
-0.116141953511333 761.357753486491 37.8062745947987
-0.113471953511333 157.962215728131 17.2269584479328
-0.110801953511333 723.88135172925 36.8916492846624
-0.108131953511333 1900.46493965204 59.7979871993092
-0.105461953511333 799.515104294123 38.8000341654339
-0.102791953511333 739.472046482022 37.328597078603
-0.100121953511333 411.816780389756 27.8680728271749
-0.0974519535113334 1302.66201419681 49.5849565895556
-0.0947819535113334 986.951102958582 43.1778366348238
-0.0921119535113334 2023.31730877504 61.8477506251141
-0.0894419535113334 2386.18582914516 67.1928009264428
-0.0867719535113334 3594.76692561592 82.5058112028637
-0.0841019535113334 3451.56847994305 80.8790100090471
-0.0814319535113334 6150.58206688569 108.009996337008
-0.0787619535113334 6026.45299799307 106.958387322023
-0.0760919535113334 5870.31497310155 105.606982111018
-0.0734219535113334 6888.16443498911 114.443599333683
-0.0707519535113334 8508.38827472923 127.245105151444
-0.0680819535113334 10034.7816103987 138.244840461204
-0.0654119535113334 10186.2270499632 139.341035761335
-0.0627419535113334 11847.3446131646 150.335003972727
-0.0600719535113334 14221.806345003 164.779842338478
-0.0574019535113334 15912.0335185388 174.367885373818
-0.0547319535113334 18600.9653138184 188.602832664408
-0.0520619535113334 23170.0312593954 210.581612669801
-0.0493919535113334 27295.6696392764 228.654913402958
-0.0467219535113334 31709.264398719 246.548932071754
-0.0440519535113334 36249.6242411673 263.716943835071
-0.0413819535113334 42758.7127207277 286.533025280687
-0.0387119535113334 44280.4262628312 291.705234610077
-0.0360419535113334 46557.7150603152 299.23332925143
-0.0333719535113334 49332.3511753037 308.14541487568
-0.0307019535113334 50864.9549250897 313.021854385088
-0.0280319535113334 52852.8158606302 319.208741951526
-0.0253619535113334 52361.6240378282 317.850213403044
-0.0226919535113334 54405.007138948 324.123477460517
-0.0200219535113334 55735.4882787584 328.194968386346
-0.0173519535113334 54087.9245921544 323.437961257923
-0.0146819535113334 54061.614789657 323.489372120737
-0.0120119535113334 54357.4279770981 324.503583677861
-0.00934195351133337 54235.2992263766 324.269024840074
-0.00667195351133337 53263.1624794318 321.478680575975
-0.00400195351133337 52236.5400676914 318.493095754702
-0.00133195351133337 49557.1217589486 310.341486680364
0.00133804648866663 49127.8620589504 309.113424965936
0.00400804648866663 51555.8605220139 316.731692301399
0.00667804648866663 50693.3259331674 314.142297661858
0.00934804648866663 50529.6640886361 313.70591371587
0.0120180464886666 47233.9396097956 303.371666774061
0.0146880464886666 47607.1912497227 304.636965237311
0.0173580464886666 48339.4204928567 307.040301419927
0.0200280464886666 47054.7218590606 303.001353199543
0.0226980464886666 44075.9769742988 293.320347505544
0.0253680464886666 41678.1937140394 285.294810173664
0.0280380464886666 38824.8187339977 275.417994067436
0.0307080464886666 36212.7971367981 266.052135716388
0.0333780464886666 34156.9085195858 258.447936370567
0.0360480464886666 31466.9680862805 248.118571950622
0.0387180464886666 26390.1815683608 227.274651514286
0.0413880464886666 25066.0768734304 221.549584128206
0.0440580464886666 21073.9825949559 203.188425036548
0.0467280464886666 19152.0924324839 193.745500744145
0.0493980464886666 17539.9743737992 185.453827250562
0.0520680464886666 15454.0571265913 174.116667945593
0.0547380464886666 14829.7769264934 170.602002188331
0.0574080464886666 14374.9022532987 168.002964249987
0.0600780464886666 12823.3309577442 158.713020108461
0.0627480464886666 11208.2602355258 148.415351566653
0.0654180464886666 10715.0604618524 145.145836734462
0.0680880464886666 11595.6888952365 151.026463254239
0.0707580464886666 12304.6728034301 155.609916666145
0.0734280464886666 12286.5860570142 155.530391618861
0.0760980464886666 14360.1914623813 168.181081315331
0.0787680464886666 12383.8505337073 156.214810250169
0.0814380464886666 13680.3307873848 164.225253165282
0.0841080464886666 15924.1714993082 177.221866465746
0.0867780464886666 16127.5311710377 178.389803397878
0.0894480464886666 17338.8410916022 185.009176648325
0.0921180464886666 16014.468272072 177.842932433861
0.0947880464886666 15303.3520970936 173.88843660615
0.0974580464886666 17597.5170446921 186.509148758748
0.100128046488667 16740.0163301835 181.941589315693
0.102798046488667 19370.8819536702 195.669078774952
0.105468046488667 22771.8463547167 212.099688564606
0.108138046488667 22491.7831977913 210.739626332017
0.110808046488667 25996.3281135548 226.50801116965
0.113478046488667 30013.3370786505 243.320081318576
0.116148046488667 29703.4670668348 242.001232472195
0.118818046488667 33495.8050225212 256.922629759359
0.121488046488667 38189.3057554779 274.265462056814
0.124158046488667 42276.939835214 288.499489401791
0.126828046488667 44525.4338947222 295.999066986463
0.129498046488667 45396.2487318042 298.80590636093
0.132168046488667 50032.5822052543 313.616231974383
0.134838046488667 55094.0665132234 329.016224800794
0.137508046488667 65710.8436312553 359.232975501064
0.140178046488667 76369.7610576809 387.178390996706
0.142848046488667 87186.8057991403 413.588491880443
0.145518046488667 100057.634866771 442.956208912746
0.148188046488667 114876.007800834 474.50730834327
0.150858046488667 126028.574969478 496.884282932531
0.153528046488667 138578.349402888 520.907840153893
0.156198046488667 148064.365465711 538.308055182854
0.158868046488667 157054.027548273 554.271427161905
0.161538046488667 163879.083209072 566.046370486702
0.164208046488667 170163.889170555 576.655170278335
0.166878046488667 173377.950922826 581.93115640074
0.169548046488667 178470.327207346 590.268790632883
0.172218046488667 182869.878974863 597.351530880354
0.174888046488667 183007.500027848 597.427712051139
0.177558046488667 184888.980766422 600.341557040729
0.180228046488667 185932.705298806 601.883873164047
0.182898046488667 188486.280450051 605.852007076675
0.185568046488667 187746.652696517 604.511535062614
0.188238046488667 185868.899373169 601.33102687666
0.190908046488667 184816.23217076 599.47628777374
0.193578046488667 185886.858010744 601.060165712337
0.196248046488667 185932.449240827 600.983840306537
0.198918046488667 186039.444552677 601.006623763422
0.201588046488667 185730.517331918 600.32175477459
0.204258046488667 183894.060676727 596.953022728516
0.206928046488667 179565.926553454 589.497202760507
0.209598046488667 176015.990261781 583.255637751446
0.212268046488667 175705.04284002 582.354878152191
0.214938046488667 174532.030101542 580.023400520886
0.217608046488667 170091.43525553 572.217488223729
0.220278046488667 165512.196172727 564.087506004056
0.222948046488667 160194.249668394 554.582465080812
0.225618046488667 153548.551240096 542.595692942229
0.228288046488667 139899.063264597 517.57263468294
0.230958046488667 127191.770556866 493.177715866983
0.233628046488667 113517.194848556 465.601543779487
0.236298046488667 98232.5898135036 432.83327672085
0.238968046488667 86065.5487083664 404.870734699196
0.241638046488667 77582.483974273 384.142212576481
0.244308046488667 71003.2559321865 367.246285661322
0.246978046488667 68385.4657333722 360.170283787685
0.249648046488667 63562.7060148232 347.00398490211
0.252318046488667 61467.0832998602 341.005576126876
0.254988046488667 58878.1210463255 333.521363230498
0.257658046488667 56722.5597424264 327.137784407558
0.260328046488667 59079.6626420642 333.639539974914
0.262998046488667 62013.0184262116 341.590087292574
0.265668046488667 65845.9509565029 351.749326126674
0.268338046488667 67540.8649253774 356.005377015489
0.271008046488667 72381.4713091717 368.29096169646
0.273678046488667 75684.1868660074 376.342822136134
0.276348046488667 80617.4915399651 388.149475197903
0.279018046488667 87477.3400286413 404.049935430129
0.281688046488667 94492.5029395487 419.651153363615
0.284358046488667 100725.479295439 432.973678226089
0.287028046488667 109230.612685336 450.573534092487
0.289698046488667 117234.046468749 466.467757779003
0.292368046488667 127812.357023243 486.723172085378
0.295038046488667 140679.579939464 510.283549073415
0.297708046488667 150115.777795309 526.755680497713
0.300378046488667 157819.479878972 539.724231304711
0.303048046488667 164614.718102301 550.810828642061
0.305718046488667 173734.127824009 565.440290201558
0.308388046488667 182724.514401799 579.452910898343
0.311058046488667 187359.668838774 586.317516920879
0.313728046488667 192581.644335218 593.986871843515
0.316398046488667 195600.0636526 598.174637933249
0.319068046488667 200492.313320044 605.154088004957
0.321738046488667 206417.049628 613.568433670191
0.324408046488667 207809.100118048 615.169974964897
0.327078046488667 209409.33267414 617.067958376407
0.329748046488667 210203.100984388 617.769087861327
0.332418046488667 215014.515821686 624.326315669248
0.335088046488667 217499.172791242 627.447211736697
0.337758046488667 218818.683390174 628.869782339287
0.340428046488667 218039.856753218 627.272295657595
0.343098046488667 216715.165556575 624.887658292297
0.345768046488667 219525.891017647 628.447202438617
0.348438046488667 218265.887160831 626.162387506925
0.351108046488667 218317.342114764 625.757084511493
0.353778046488667 216734.386552439 623.006634526955
0.356448046488667 214341.969053647 619.083118625335
0.359118046488667 209495.42032013 611.573558358107
0.361788046488667 206868.658889695 607.259543162556
0.364458046488667 201274.108326624 598.530111697116
0.367128046488667 194078.924380072 587.280754810084
0.369798046488667 186256.823612066 574.879325446549
0.372468046488667 179932.616158569 564.59760798778
0.375138046488667 169565.535197599 547.666087325293
0.377808046488667 159236.143039692 530.310624370767
0.380478046488667 152707.345335336 518.92116877227
0.383148046488667 143553.164696704 502.735094355143
0.385818046488667 133697.406084904 484.791696789681
0.388488046488667 122216.00888426 463.1461572552
0.391158046488667 113126.782544987 445.24242176465
0.393828046488667 106843.601747257 432.36183044966
0.396498046488667 98280.3486210111 414.347920769031
0.399168046488667 92415.8733896554 401.479432359646
0.401838046488667 86129.1144518873 387.304650225413
0.404508046488667 81247.1067617149 375.94514144168
0.407178046488667 76070.0609719487 363.554818683775
0.409848046488667 70538.5692892899 349.879534184075
0.412518046488667 66439.745541152 339.360337581962
0.415188046488667 63916.684177073 332.656336905321
0.417858046488667 58618.7847098818 318.381892026749
0.420528046488667 56054.2766007931 311.153931790133
0.423198046488667 52638.2070018488 301.343698668992
0.425868046488667 49098.0417873221 290.859999959219
0.428538046488667 47232.7490911348 285.110727680903
0.431208046488667 45715.4497461776 280.325861889391
0.433878046488667 42240.587313486 269.299812122301
0.436548046488667 42014.7705519401 268.417711971047
0.439218046488667 40978.1894480001 264.926460153525
0.441888046488667 39930.4379717164 261.360202308312
0.444558046488667 38134.7137137817 255.261794306523
0.447228046488667 38771.1780604198 257.227801985432
0.449898046488667 38748.3655515215 256.99674386522
0.452568046488667 39363.3501911119 258.871449067174
0.455238046488667 40558.311332721 262.612227058376
0.457908046488667 43207.3648072625 270.888434682603
0.460578046488667 43513.8920009552 271.682573200277
0.463248046488667 44847.6566474059 275.647220472019
0.465918046488667 46974.3776421169 281.935561498476
0.468588046488667 48226.6263768576 285.494707024158
0.471258046488667 50359.0971410563 291.560403788496
0.473928046488667 51937.7659423374 295.914222818238
0.476598046488667 55479.1810630178 305.649391200699
0.479268046488667 57116.4418926775 309.936745398355
0.481938046488667 60726.5823933911 319.385776388318
0.484608046488667 63282.2652577554 325.83706690076
0.487278046488667 65207.1877226291 330.552323860652
0.489948046488667 68738.2453433019 339.175420525321
0.492618046488667 70371.1776734665 342.969028169795
0.495288046488667 72509.258489115 347.925481548812
0.497958046488667 74974.5306600439 353.5721615473
0.500628046488667 75967.3370590417 355.685356614022
0.503298046488667 77818.2429658332 359.846608979882
0.505968046488667 79465.4703529598 363.49006230041
0.508638046488667 79450.2698694037 363.310099831761
0.511308046488667 79982.8783368172 364.380081499847
0.513978046488667 79874.9640336758 363.988484635131
0.516648046488667 81709.9483864591 367.998312876327
0.519318046488667 82434.9401479871 369.479150670259
0.521988046488667 82724.6295428194 369.979330854794
0.524658046488667 82324.7320766721 368.935838001508
0.527328046488667 83050.5281205369 370.409719776197
0.529998046488667 83572.807754322 371.423198192784
0.532668046488667 82493.3691607468 368.86823889067
0.535338046488667 80509.6301996127 364.259367989247
0.538008046488667 80698.2122195364 364.538751409771
0.540678046488667 79524.4713710185 361.732000612863
0.543348046488667 79713.0256893102 362.014386944253
0.546018046488667 78181.8340142833 358.375751790397
0.548688046488667 77494.2775616705 356.652170769548
0.551358046488667 74401.1703805462 349.320570686868
0.554028046488667 71803.2239357096 343.028599068336
0.556698046488667 69596.1551782419 337.578608692216
0.559368046488667 67148.6167228759 331.455038344676
0.562038046488667 64754.8850305831 325.361386125466
0.564708046488667 62096.2792803944 318.4828411309
0.567378046488667 59327.7926709867 311.175724536005
0.570048046488667 56121.3969682341 302.526951802825
0.572718046488667 54599.5144008112 298.275307446862
0.575388046488667 51628.2082674137 289.927473613501
0.578058046488667 47571.4067721265 278.190073875746
0.580728046488667 45719.8005925087 272.611040070898
0.583398046488667 44470.1688326386 268.749808476645
0.586068046488667 41963.5111260856 260.958854225917
0.588738046488667 41528.6816350989 259.497039352469
0.591408046488667 40373.0344684369 255.756154543713
0.594078046488667 38316.1731980005 249.053917333691
0.596748046488667 37201.3410422315 245.303294520875
0.599418046488667 35679.9623163422 240.136347208414
0.602088046488667 33636.6741334462 233.097436784371
0.604758046488667 34552.9793058398 236.192696910384
0.607428046488667 35220.4823560982 238.404282726596
0.610098046488667 35160.1702666292 238.141191873674
0.612768046488667 34193.3052370765 234.785980924585
0.615438046488667 35593.5174500048 239.485709204714
0.618108046488667 34388.7193071865 235.33939109102
0.620778046488667 35571.6354337468 239.293533603578
0.623448046488667 36296.4400637516 241.659254484865
0.626118046488667 38438.4494082709 248.626067650717
0.628788046488667 39096.4202415227 250.682773086087
0.631458046488667 39824.9961147196 252.944984742674
0.634128046488667 40941.6047492438 256.402814212155
0.636798046488667 42901.0557711068 262.401581668292
0.639468046488667 44693.9196378461 267.761867435674
0.642138046488667 47226.6818560196 275.175786927152
0.644808046488667 48076.2502293621 277.570772741673
0.647478046488667 48971.5943633368 280.073777764057
0.650148046488667 49603.8173534225 281.805659165753
0.652818046488667 52373.3977841826 289.493831580709
0.655488046488667 52420.4500140036 289.551645062693
0.658158046488667 54875.3045106494 296.180053161406
0.660828046488667 56677.7938054785 300.929955159135
0.663498046488667 57143.6403869972 302.088690571526
0.666168046488667 60187.1388933324 309.951592907474
0.668838046488667 59828.9496563805 308.95068807288
0.671508046488667 59877.1542125512 308.997846876356
0.674178046488667 62211.811504228 314.885488720118
0.676848046488667 62848.1143213556 316.412505995954
0.679518046488667 63512.6346479813 318.001241597126
0.682188046488667 62879.9011303618 316.333989627012
0.684858046488667 64258.01334188 319.70152553014
0.687528046488667 64067.9313313574 319.148263156626
0.690198046488667 63496.2012877095 317.641344112933
0.692868046488667 64043.6494779853 318.927635289197
0.695538046488667 63727.1295624774 318.058644980207
0.698208046488667 63601.6170225298 317.665432524353
0.700878046488667 63262.8185119877 316.74986489897
0.703548046488667 62108.0354734715 313.797242009405
0.706218046488667 59320.0162257332 306.625939648553
0.708888046488667 59306.4051792778 306.543475181216
0.711558046488667 58391.8965087017 304.123906924484
0.714228046488667 57641.7999849951 302.117589606923
0.716898046488667 55887.9401062979 297.439914972642
0.719568046488667 55342.1346503414 295.938237020651
0.722238046488667 53612.9013939787 291.233074953979
0.724908046488667 52906.0264861517 289.262079121847
0.727578046488667 51877.2701897509 286.391654513323
0.730248046488667 49354.9351473787 279.299361419794
0.732918046488667 47125.0447116766 272.874759499357
0.735588046488667 44508.2025571551 265.149195542525
0.738258046488667 43786.8300238688 262.950999115798
0.740928046488667 42586.8377642515 259.28269685983
0.743598046488667 40312.950320656 252.226594060808
0.746268046488667 39222.6833968386 248.753934847062
0.748938046488667 37218.8432388463 242.278818488502
0.751608046488667 34891.9554772917 234.546711878359
0.754278046488667 33811.6437616859 230.851392270385
0.756948046488667 33703.7865797912 230.447151714617
0.759618046488667 33679.5459990942 230.328527354113
0.762288046488667 32600.4861640409 226.573573266042
0.764958046488667 31112.5810932231 221.308357251688
0.767628046488667 31542.9857387235 222.79926337105
0.770298046488667 31165.0292977926 221.426021442402
0.772968046488667 29588.1912384001 215.718112066826
0.775638046488667 28016.735490934 209.878843021972
0.778308046488667 29333.8722925879 214.722259323595
0.780978046488667 27192.2982502663 206.703475787316
0.783648046488667 28125.1226119617 210.18632915759
0.786318046488667 27351.6739161968 207.243834188869
0.788988046488667 28797.0142489333 212.615921574498
0.791658046488667 28315.2563313457 210.797118234269
0.794328046488667 28023.9023529973 209.677134692876
0.796998046488667 28980.8396624718 213.193802500298
0.799668046488667 29953.8721593049 216.711280886459
0.802338046488667 30604.4157457234 219.031076925183
0.805008046488667 32667.3145444962 226.271085398014
0.807678046488667 32755.2504095677 226.553850633322
0.810348046488667 33222.415333214 228.141988749391
0.813018046488667 33270.0393103182 228.283701489107
0.815688046488667 33277.4239574665 228.287282371075
0.818358046488667 34649.3445581451 232.923330712467
0.821028046488667 33984.0925986536 230.654495113654
0.823698046488667 35965.3036472369 237.260010369357
0.826368046488667 37762.1254809857 243.091337328616
0.829038046488667 38198.7480134287 244.469346606681
0.831708046488667 39760.9984974859 249.394608494423
0.834378046488667 38957.0447338512 246.836844409458
0.837048046488667 40466.7838193233 251.550326093047
0.839718046488667 40982.1351059811 253.122865756617
0.842388046488667 41057.6690650201 253.331837847805
0.845058046488667 41918.6404012171 255.949777023746
0.847728046488667 40464.6178927373 251.447549738806
0.850398046488667 39881.1982948251 249.604437641323
0.853068046488667 40989.109071978 253.023553633163
0.855738046488667 42146.5385085146 256.546543916882
0.858408046488667 43899.4599063646 261.802201362394
0.861078046488667 43970.9991900898 261.990387782919
0.863748046488667 44853.1289705718 264.580016961012
0.866418046488667 43034.8358148133 259.136871776991
0.869088046488667 42719.2601233337 258.160301098494
0.871758046488667 42984.9006503523 258.936941934646
0.874428046488667 41820.5121829349 255.381345034286
0.877098046488667 41839.9769100408 255.416324898635
0.879768046488667 41500.647732975 254.354133967011
0.882438046488667 42076.2366170436 256.087410532987
0.885108046488667 42683.0564620343 257.902738285537
0.887778046488667 41422.9392341983 254.042898490014
0.890448046488667 41492.5414710217 254.231885945753
0.893118046488667 39881.0977625301 249.222324516554
0.895788046488667 38582.9236892505 245.109045579278
0.898458046488667 38584.6862812925 245.091151487717
0.901128046488667 38333.2607495298 244.271160326027
0.903798046488667 36394.3909206175 237.998180414162
0.906468046488667 35338.7277306416 234.505998135416
0.909138046488667 34661.1017033495 232.23184357278
0.911808046488667 34063.6715274219 230.206934160977
0.914478046488667 33022.9170947464 226.648302578352
0.917148046488667 33249.8559100725 227.411129270831
0.919818046488667 31864.6293830146 222.609318677839
0.922488046488667 30045.5814030177 216.14802960201
0.925158046488667 28920.0265690858 212.047123262188
0.927828046488667 28901.7567839918 211.966498176349
0.930498046488667 28222.0946273625 209.445862335402
0.933168046488667 27963.1017969542 208.469195704768
0.935838046488667 26823.2781736911 204.163074826154
0.938508046488667 27261.1494247023 205.809492237954
0.941178046488667 26984.2726381148 204.748497052576
0.943848046488667 27030.6008667434 204.910991925181
0.946518046488667 25156.5803730738 197.667489365748
0.949188046488667 24743.9048711634 196.026865794636
0.951858046488667 23883.2481225193 192.575131579923
0.954528046488667 22966.4755821505 188.830747266172
0.957198046488667 24201.0774688594 193.827283478616
0.959868046488667 24642.2715491307 195.573472688709
0.962538046488667 25432.2308664782 198.670700265544
0.965208046488667 25652.1108567055 199.514819860778
0.967878046488667 25247.2091352505 197.921194783702
0.970548046488667 24629.9654375952 195.474234772131
0.973218046488667 25262.0534897678 197.953847504972
0.975888046488667 25977.2288543245 200.7234118148
0.978558046488667 25586.2863648463 199.194454039813
0.981228046488667 26657.7848425186 203.309482319488
0.983898046488667 27588.0057100993 206.812957923804
0.986568046488667 27562.0111431404 206.702166244032
0.989238046488667 29251.53348006 212.929520088278
0.991908046488667 29802.6022564933 214.91198019779
0.994578046488667 30620.8517332106 217.828217895442
0.997248046488667 29907.6617003083 215.262660700002
0.999918046488667 31497.1906647906 220.894727251499
1.00258804648867 32250.4560719844 223.508557881479
1.00525804648867 32825.7419923426 225.482210718143
1.00792804648867 33629.8915009582 228.216227258862
1.01059804648867 33513.2354608601 227.808930683587
1.01326804648867 34071.5000468282 229.687293235712
1.01593804648867 33592.3916575702 228.055514994938
1.01860804648867 33859.4285221138 228.948973300052
1.02127804648867 33956.754435311 229.266576080698
1.02394804648867 33209.6492478919 226.719340844966
1.02661804648867 34160.5460297543 229.931034611238
1.02928804648867 33438.2539605453 227.476088067657
1.03195804648867 33204.8612359879 226.669742573176
1.03462804648867 33474.8466247118 227.578260676537
1.03729804648867 33852.6998832686 228.847877506521
1.03996804648867 32577.0046035255 224.483571428611
1.04263804648867 32608.1341870981 224.579813311319
1.04530804648867 32816.2258283667 225.284238650851
1.04797804648867 33018.5063103736 225.966445026761
1.05064804648867 32225.9090309377 223.226925185798
1.05331804648867 31285.9870640428 219.936679655379
1.05598804648867 31252.2829504628 219.807420739545
1.05865804648867 30663.0326165621 217.71470809327
1.06132804648867 31495.7934095586 220.640499608095
1.06399804648867 30631.2263415685 217.580456901889
1.06666804648867 30278.3809238488 216.313064923305
1.06933804648867 29134.0500042605 212.1756736116
1.07200804648867 28820.1667112153 211.019278408286
1.07467804648867 28353.7668398981 209.294588461031
1.07734804648867 28198.4005401692 208.71015525171
1.08001804648867 27497.750313219 206.090821158119
1.08268804648867 27119.6312517959 204.658920749644
1.08535804648867 27444.5459744157 205.871170917764
1.08802804648867 27049.809890815 204.375266236188
1.09069804648867 25588.7379978466 198.769331288548
1.09336804648867 24826.4648393949 195.776742365544
1.09603804648867 23885.6345887616 192.021898836649
1.09870804648867 24303.9790546655 193.686686044742
1.10137804648867 24492.1253897969 194.42766937368
1.10404804648867 24142.840737592 193.030420615312
1.10671804648867 22854.7134328696 187.804589261017
1.10938804648867 22530.3899485896 186.461598151597
1.11205804648867 22834.8874561333 187.711647929777
1.11472804648867 22764.2700922589 187.415447994216
1.11739804648867 22639.5851258049 186.895776648546
1.12006804648867 21322.1461016564 181.370832819286
1.12273804648867 20811.0259534159 179.178323436657
1.12540804648867 21074.3768568832 180.302947648172
1.12807804648867 22018.2747047671 184.290874333011
1.13074804648867 20930.1943030814 179.674129161009
1.13341804648867 21240.9586563849 180.997553873732
1.13608804648867 22297.6297782083 185.439278232337
1.13875804648867 23130.6739748136 188.86576856801
1.14142804648867 23423.3549557906 190.051098532221
1.14409804648867 23252.3775499934 189.350407596092
1.14676804648867 23127.7371171454 188.836463555915
1.14943804648867 23098.1696132818 188.709948364188
1.15210804648867 23191.9888609952 189.087027257694
1.15477804648867 22352.3054484974 185.626776363346
1.15744804648867 22577.2198767971 186.552646752646
1.16011804648867 23655.209955007 190.948525612333
1.16278804648867 23587.7580490009 190.670260217539
1.16545804648867 23759.4177698454 191.356951881653
1.16812804648867 24400.5736913643 193.915750686354
1.17079804648867 23087.1228384925 188.618676338331
1.17346804648867 22130.6131981946 184.664420607088
1.17613804648867 24119.8344972563 192.779292857902
1.17880804648867 23871.0496509401 191.776635676716
1.18147804648867 24031.75697232 192.415216956572
1.18414804648867 23582.0937326754 190.600725080005
1.18681804648867 24401.3445047502 193.877298669887
1.18948804648867 24633.8700406747 194.792897572226
1.19215804648867 24578.9823250979 194.569810455855
1.19482804648867 25102.2918175761 196.624171499122
1.19749804648867 25584.8634535629 198.499072165789
1.20016804648867 25563.972667018 198.411943650324
1.20283804648867 24370.1560616927 193.71794062477
1.20550804648867 25658.9698124253 198.769194301701
1.20817804648867 25309.420573629 197.405546687956
1.21084804648867 25371.5382921899 197.64254140537
1.21351804648867 25942.3356119814 199.848248302165
1.21618804648867 24918.4993284451 195.859900755546
1.21885804648867 25479.4999652485 198.047250103331
1.22152804648867 25278.2367499899 197.258411896155
1.22419804648867 23571.7836946877 190.479018447482
1.22686804648867 24130.9938638042 192.720228509002
1.22953804648867 24260.0481668543 193.22988820167
1.23220804648867 24142.0901001109 192.754569207168
1.23487804648867 24150.0393627641 192.781317814318
1.23754804648867 24647.2310197896 194.750627304283
1.24021804648867 23156.5345769229 188.764514037461
1.24288804648867 23895.3250735162 191.747104880569
1.24555804648867 22924.4425426088 187.806451976225
1.24822804648867 25099.9623435052 196.510799719242
1.25089804648867 24243.20225886 193.122845481132
1.25356804648867 21774.8483745503 183.022717642879
1.25623804648867 22486.3173286793 185.983907366134
1.25890804648867 21910.9645759898 183.584376092315
1.26157804648867 20864.7751897496 179.143309575231
1.26424804648867 21989.4679557662 183.903446166541
1.26691804648867 22949.4611967011 187.870037207412
1.26958804648867 22452.000223113 185.817905558215
1.27225804648867 19895.3779749607 174.914134497627
1.27492804648867 20000.7486361323 175.372179831515
1.27759804648867 20692.00297599 178.372379474946
1.28026804648867 19176.1854421371 171.710247809292
1.28293804648867 19059.9189609335 171.184482273057
1.28560804648867 19779.2976546385 174.380559015811
1.28827804648867 19348.0424298397 172.46457842502
1.29094804648867 18600.3818829477 169.095125544743
1.29361804648867 18099.1895567567 166.797095681259
1.29628804648867 17938.6981358672 166.051629703805
1.29895804648867 17943.3360643584 166.068796280441
1.30162804648867 17753.6380312339 165.185108800291
1.30429804648867 16749.3174317436 160.441721924968
1.30696804648867 17813.7979739945 165.458302020546
1.30963804648867 18174.975359432 167.12397666773
1.31230804648867 18735.5007584403 169.678197415353
1.31497804648867 20787.291776233 178.724416672047
1.31764804648867 20922.3557514015 179.300609664736
1.32031804648867 19318.4206891003 172.287523046547
1.32298804648867 19458.3233705219 172.906877510387
1.32565804648867 19848.3182903681 174.62762982846
1.32832804648867 19658.355607377 173.786579963457
1.33099804648867 19482.1477020944 173.002588074097
1.33366804648867 21215.3398385153 180.530556802085
1.33633804648867 21854.8323169467 183.227647245461
1.33900804648867 19945.6458049063 175.038207474913
1.34167804648867 20399.2944419722 177.014123524417
1.34434804648867 21479.1104816392 181.635206176929
1.34701804648867 20771.8862161267 178.616424685537
1.34968804648867 21797.3385239078 182.968655968653
1.35235804648867 21933.1803384462 183.534328270904
1.35502804648867 21206.5818520918 180.465162404937
1.35769804648867 21151.313453766 180.226333965417
1.36036804648867 22598.6436368186 186.286894317396
1.36303804648867 22408.3012936684 185.497098295578
1.36570804648867 21888.4401919604 183.32918034396
1.36837804648867 21432.207857267 181.404970487232
1.37104804648867 22478.7880274033 185.777754172486
1.37371804648867 22764.2965064265 186.950191880418
1.37638804648867 20878.0351863455 179.033848181969
1.37905804648867 20568.5936980612 177.698666572525
1.38172804648867 20875.4244255963 179.015675306718
1.38439804648867 20900.5578191807 179.119916179602
1.38706804648867 22067.6261651255 184.04934749173
1.38973804648867 21470.6560486278 181.539303250291
1.39240804648867 23770.5807544606 191.011465523671
1.39507804648867 22367.8259029523 185.286151417028
1.39774804648867 21998.9945822961 183.748593336115
1.40041804648867 20886.8037907452 179.040062199362
1.40308804648867 20137.7293961647 175.79725013801
1.40575804648867 18958.1447471473 170.567916621437
1.40842804648867 20088.1375242051 175.57467127793
1.41109804648867 20165.4389822657 175.909165215561
1.41376804648867 21051.2025821985 179.727975448866
1.41643804648867 20109.9390566444 175.660940415077
1.41910804648867 20451.5273799737 177.143531831007
1.42177804648867 20939.7893550152 179.242576654137
1.42444804648867 20675.9378514467 178.106689613594
1.42711804648867 21735.6162908407 182.610691186727
1.42978804648867 20713.6896420683 178.263139724411
1.43245804648867 19809.2129279108 174.324740313874
1.43512804648867 19262.8566524399 171.900983230738
1.43779804648867 18168.5313104053 166.943887541928
1.44046804648867 18321.0365436449 167.640222735407
1.44313804648867 17905.0125652988 165.723127468644
1.44580804648867 19545.6046794516 173.146197107362
1.44847804648867 18324.533790764 167.647648201931
1.45114804648867 18245.1931100987 167.281466268904
1.45381804648867 18516.1701063091 168.516244150834
1.45648804648867 17639.9988186161 164.478092808997
1.45915804648867 17064.6051122188 161.770565016943
1.46182804648867 16962.5678547793 161.283438907527
1.46449804648867 16689.5149690024 159.97732419372
1.46716804648867 17342.0434025055 163.071963209206
1.46983804648867 17732.9254005591 164.896695694468
1.47250804648867 18119.4153292882 166.681132855431
1.47517804648867 18507.8486472435 168.455392117432
1.47784804648867 17170.9963722447 162.25470122083
1.48051804648867 18075.964403643 166.472642279724
1.48318804648867 17746.5102106871 164.94577990764
1.48585804648867 17170.4707214345 162.243916134813
1.48852804648867 17241.7475144298 162.577541871842
1.49119804648867 17646.2346543265 164.47069574892
1.49386804648867 18929.1468607435 170.341558698009
1.49653804648867 18118.5073662497 166.651373264293
1.49920804648867 17484.1133547002 163.705053666693
1.50187804648867 18280.9158481649 167.391176400384
1.50454804648867 17654.7759145995 164.497406583904
1.50721804648867 18423.0068368816 168.036091316978
1.50988804648867 19208.3298200932 171.577952076787
1.51255804648867 18237.7184298688 167.184609178295
1.51522804648867 19243.5251019361 171.730612801966
1.51789804648867 18989.1202739131 170.589458252885
1.52056804648867 18643.0768300544 169.025770745323
1.52323804648867 18652.1268714862 169.064596952761
1.52590804648867 17668.85470573 164.545896210598
1.52857804648867 18080.5481414862 166.449699143327
1.53124804648867 18630.6921674733 168.960846056186
1.53391804648867 18522.6827440333 168.468181039667
1.53658804648867 18360.3850928344 167.726311979305
1.53925804648867 18952.0220369282 170.405042902424
1.54192804648867 20093.6686541635 175.460210716886
1.54459804648867 18837.2367016214 169.883808071725
1.54726804648867 20813.796962102 178.572018726612
1.54993804648867 19413.8672603511 172.459904256973
1.55260804648867 19187.7037287816 171.450192043316
1.55527804648867 19905.1421082383 174.623816664221
1.55794804648867 19691.612732176 173.682410836626
1.56061804648867 19281.4699833123 171.861907135618
1.56328804648867 18464.4695992212 168.179220605311
1.56595804648867 18595.9702079013 168.774837443781
1.56862804648867 19239.1324226756 171.666431636825
1.57129804648867 19460.8351338726 172.650457952613
1.57396804648867 20083.2114146325 175.387217433153
1.57663804648867 19009.4486188754 170.631998645229
1.57930804648867 19098.5419388319 171.029168299363
1.58197804648867 18044.6922003545 166.241395626792
1.58464804648867 17295.34578193 162.750908294292
1.58731804648867 17249.1575729627 162.531334193315
1.58998804648867 17301.7366379746 162.776746316544
1.59265804648867 18754.929660898 169.47263951154
1.59532804648867 18837.2157062606 169.841801620626
1.59799804648867 18290.4264980319 167.356470246668
1.60066804648867 19734.9422977927 173.837365469735
1.60333804648867 16875.7046519818 160.749986648739
1.60600804648867 18393.9068739725 167.823110215406
1.60867804648867 17524.9985241578 163.809300191422
1.61134804648867 18123.4761407622 166.580858583076
1.61401804648867 17301.3947375048 162.757004916413
1.61668804648867 15979.8219806062 156.415535581937
1.61935804648867 16214.0958179298 157.55604512931
1.62202804648867 16356.4982106429 158.244510787969
1.62469804648867 16822.6701489443 160.481782326275
1.62736804648867 17777.0766885742 164.96933831809
1.63003804648867 17273.579215319 162.614404340229
1.63270804648867 15773.776413752 155.392648915786
1.63537804648867 16248.0789495619 157.709707009945
1.63804804648867 17066.5432296777 161.631119858964
1.64071804648867 16416.2452944877 158.519940413401
1.64338804648867 15781.134617888 155.421422952444
1.64605804648867 16048.0898555412 156.728590043864
1.64872804648867 17114.1374363887 161.848561909716
1.65139804648867 17425.6695850332 163.313038406437
1.65406804648867 16681.0948328683 159.783960292537
1.65673804648867 15220.7100069788 152.627624571904
1.65940804648867 16290.0989343451 157.896438433701
1.66207804648867 16134.6660420926 157.139456635025
1.66474804648867 16852.2822807714 160.594032296278
1.66741804648867 15849.8503358221 155.742594929465
1.67008804648867 15530.0869371225 154.161721142
1.67275804648867 15451.6681801083 153.770163689258
1.67542804648867 16423.6426531121 158.53089687211
1.67809804648867 16197.4179799916 157.433391278755
1.68076804648867 16352.3492488056 158.182638667284
1.68343804648867 15955.2538934095 156.248328871802
1.68610804648867 17368.2598309109 163.018336719939
1.68877804648867 16476.0119009199 158.773908120436
1.69144804648867 17564.4291126361 163.9324342969
1.69411804648867 18138.1564368115 166.586277000719
1.69678804648867 18437.6114279813 167.953771932306
1.69945804648867 17946.0786196935 165.697897441087
1.70212804648867 16164.7903557642 157.257849730941
1.70479804648867 17454.0117105473 163.406761535337
1.70746804648867 16554.3618263067 159.137931904731
1.71013804648867 16719.7715669448 159.929196221963
1.71280804648867 17528.8408282036 163.751120300399
1.71547804648867 17741.4020131796 164.739121608679
1.71814804648867 17533.2784178847 163.768148215672
1.72081804648867 16691.6752656802 159.787548346574
1.72348804648867 17132.602801017 161.882438991217
1.72615804648867 16643.7221747407 159.554255042669
1.72882804648867 17473.7001396927 163.482284092664
1.73149804648867 17228.0410674235 162.327201798266
1.73416804648867 16916.0016267943 160.848608373947
1.73683804648867 17618.0675915628 164.150677701558
1.73950804648867 16689.2641598753 159.763377742671
1.74217804648867 15981.1478083319 156.33554027738
1.74484804648867 15539.9588909555 154.160731577299
1.74751804648867 15277.9580079366 152.853919988936
1.75018804648867 16398.922305314 158.360430552553
1.75285804648867 17254.9965087889 162.439465713881
1.75552804648867 17555.1478463095 163.844344359473
1.75819804648867 16521.6454261859 158.94649386706
1.76086804648867 16327.9984804983 158.010473245102
1.76353804648867 15886.2808898374 155.856748274701
1.76620804648867 15546.2461284168 154.177981755728
1.76887804648867 15774.1205220261 155.302074924277
1.77154804648867 15522.7031845408 154.057714781581
1.77421804648867 15162.3236269598 152.257168749307
1.77688804648867 15699.9624877344 154.931337419839
1.77955804648867 14918.5778656632 151.024973730345
1.78222804648867 15432.698569182 153.603491135258
1.78489804648867 14885.550171351 150.854298138037
1.78756804648867 15875.7789397579 155.789383253552
1.79023804648867 15332.0159990308 153.09642928188
1.79290804648867 14678.247315011 149.795105539862
1.79557804648867 14405.7345046341 148.396384198977
1.79824804648867 14217.0457770028 147.419654709261
1.80091804648867 15933.1374572721 156.061840091588
1.80358804648867 14225.7326985477 147.461646614716
1.80625804648867 15448.8179986044 153.668577346407
1.80892804648867 15418.2258575673 153.514827484553
1.81159804648867 14889.1127659915 150.856220140115
1.81426804648867 14324.2584512134 147.965535863988
1.81693804648867 15331.5306637081 153.078056559601
1.81960804648867 14031.319579484 146.441822381352
1.82227804648867 14829.9895698034 150.550420907501
1.82494804648867 13942.8636251441 145.976593773158
1.82761804648867 13089.065723716 141.435113875318
1.83028804648867 14242.7239957292 147.53502472236
1.83295804648867 14057.4753502511 146.57096737593
1.83562804648867 14205.5514682425 147.339442444058
1.83829804648867 14272.5138627621 147.684832225304
1.84096804648867 15487.7010535673 153.841965496164
1.84363804648867 14984.9051775704 151.322680168487
1.84630804648867 13857.3888915621 145.516892416155
1.84897804648867 13792.1518278515 145.172517261341
1.85164804648867 14857.7898022925 150.674993519459
1.85431804648867 15417.6859564397 153.486208381096
1.85698804648867 14952.5922514585 151.151927201754
1.85965804648867 14667.6431071862 149.703272505194
1.86232804648867 15832.9745805701 155.5349763918
1.86499804648867 15402.0722187838 153.402370703766
1.86766804648867 15400.2345341346 153.391694194878
1.87033804648867 15236.5199555587 152.57267206208
1.87300804648867 15732.8343100259 155.036168660608
1.87567804648867 14516.0132530782 148.918585963656
1.87834804648867 15648.9127549922 154.619047385679
1.88101804648867 16398.081130418 158.275285912112
1.88368804648867 15781.9923554226 155.272014763607
1.88635804648867 15481.4700730246 153.785027745204
1.88902804648867 15922.6873289535 155.959495816109
1.89169804648867 15792.7952390184 155.320515655136
1.89436804648867 15685.1004720862 154.788487359595
1.89703804648867 16528.6976146612 158.894916534525
1.89970804648867 16303.176030633 157.805684094287
1.90237804648867 15771.8086731517 155.211426780488
1.90504804648867 15665.7517273142 154.687410259494
1.90771804648867 16280.9484097974 157.694158752453
1.91038804648867 15651.4909028365 154.614428953818
1.91305804648867 16123.823268934 156.928775645785
1.91572804648867 15799.7138201692 155.342249413067
1.91839804648867 14209.6548260721 147.317096581407
1.92106804648867 15224.9869037465 152.488207028251
1.92373804648867 15900.632668524 155.833707698767
1.92640804648867 16172.7162365134 157.160025997618
1.92907804648867 14658.2071129118 149.619239447654
1.93174804648867 15162.0196282208 152.167515689732
1.93441804648867 15707.8924325056 154.881230165837
1.93708804648867 13732.5697626185 144.81453168666
1.93975804648867 13557.2595718563 143.886019982159
1.94242804648867 13215.3194382546 142.058715578435
1.94509804648867 14263.4543360853 147.583503514811
1.94776804648867 16580.3147910343 159.11761133292
1.95043804648867 15614.6073070091 154.412980093346
1.95310804648867 14924.6688786135 150.961787784688
1.95577804648867 14841.3336113791 150.53848756976
1.95844804648867 15408.4505528683 153.386442787175
1.96111804648867 15321.242392011 152.950495924472
1.96378804648867 16018.3018352234 156.389841906407
1.96645804648867 15748.6143298349 155.066464228373
1.96912804648867 15382.3210093117 153.251259339285
1.97179804648867 15451.7730503951 153.595567717921
1.97446804648867 15222.5162622161 152.450605162019
1.97713804648867 15214.3068634007 152.408230624054
1.97980804648867 16271.122366417 157.611352969449
1.98247804648867 16049.751320678 156.534222840258
1.98514804648867 15987.745195429 156.230262527715
1.98781804648867 16116.1847674083 156.855256878944
1.99048804648867 15541.74835942 154.033187171867
1.99315804648867 16270.1494909254 157.60011957508
1.99582804648867 15545.0171367366 154.04683480753
1.99849804648867 13369.7385632607 142.861445439459
2.00116804648867 14856.5974062471 150.594752848453
2.00383804648867 16306.7850032772 157.772514885549
2.00650804648867 14883.3536036308 150.728226230208
2.00917804648867 14802.1736318788 150.315563171986
2.01184804648867 15710.7848060564 154.859250841895
2.01451804648867 14632.1347574678 149.447643947895
2.01718804648867 15738.2360157251 154.992351115008
2.01985804648867 16323.4040076756 157.84637650508
2.02252804648867 15006.2013290949 151.342759686489
2.02519804648867 13806.035323979 145.16361242717
2.02786804648867 13996.6605805192 146.161336344869
2.03053804648867 14347.8919480847 147.982837589746
2.03320804648867 13790.9183485604 145.081122812057
2.03587804648867 14805.4100994291 150.321654653348
2.03854804648867 14999.7402034524 151.303929677103
2.04121804648867 14949.0477033574 151.047003931021
2.04388804648867 15277.1343784386 152.694471465256
2.04655804648867 14391.155736797 148.199661749423
2.04922804648867 14365.8044214162 148.068052022603
2.05189804648867 13356.3005643856 142.769846320453
2.05456804648867 13847.3462099526 145.369630836421
2.05723804648867 15273.9109342565 152.673109592653
2.05990804648867 15191.3673682448 152.258963664625
2.06257804648867 14614.8748089958 149.3409804028
2.06524804648867 14847.7871707722 150.525239572605
2.06791804648867 13979.5443804648 146.05686705217
2.07058804648867 14211.4190306037 147.262173623013
2.07325804648867 14862.8866803641 150.598650101773
2.07592804648867 14617.7028829325 149.350290829791
2.07859804648867 15192.9867747875 152.259745359219
2.08126804648867 15381.5560772315 153.200671013154
2.08393804648867 14926.9590497426 150.918754793549
2.08660804648867 13626.889788964 144.195904599851
2.08927804648867 12328.9330328075 137.155842598701
2.09194804648867 13482.0581112493 143.425599742062
2.09461804648867 13370.5332090429 142.830169703037
2.09728804648867 14605.3940786539 149.279179676835
2.09995804648867 15426.0306778126 153.414605229734
2.10262804648867 14875.7260107084 150.652336486956
2.10529804648867 14997.4258823639 151.266379435869
2.10796804648867 13780.1337531625 144.996670633553
2.11063804648867 13135.3040746621 141.562636641617
2.11330804648867 13968.1300180127 145.980543264404
2.11597804648867 13631.6099056113 144.210432535839
2.11864804648867 12753.5818178873 139.487873871057
2.12131804648867 12755.9610958129 139.500005550292
2.12398804648867 13596.9743277605 144.024386580051
2.12665804648867 15092.263975518 151.736252978954
2.12932804648867 15213.0681294468 152.341359676927
2.13199804648867 14132.5598234937 146.830778697332
2.13466804648867 14861.8715642918 150.570780306367
2.13733804648867 15773.6794959002 155.119972325787
2.14000804648867 15454.1855520893 153.540000251392
2.14267804648867 14133.1583725214 146.830186994478
2.14534804648867 13746.5188249558 144.806937202675
2.14801804648867 13373.5368399867 142.828016402862
2.15068804648867 12947.9439356855 140.536111824893
2.15335804648867 14080.1198209652 146.55072362426
2.15602804648867 13183.3800562765 141.806272422804
2.15869804648867 13140.5228908474 141.57469726183
2.16136804648867 12807.150606477 139.766419425277
2.16403804648867 13835.9288422503 145.270691562996
2.16670804648867 13505.8699611376 143.526597369306
2.16937804648867 13783.6356404212 144.994077167687
2.17204804648867 14065.2504708735 146.466858983883
2.17471804648867 14958.9756496455 151.047598001722
2.17738804648867 15122.5758329405 151.870367584495
2.18005804648867 14650.9077417937 149.482271337592
2.18272804648867 14023.6515186882 146.246418684179
2.18539804648867 13993.5186814 146.08829245063
2.18806804648867 13231.3720288851 142.053405594799
2.19073804648867 13631.810871838 144.186051283409
2.19340804648867 13499.2449688573 143.48234770806
2.19607804648867 12294.0668881469 136.926902329887
2.19874804648867 13505.6500647968 143.514590379337
2.20141804648867 12627.8698508911 138.771728805919
2.20408804648867 13645.8345434644 144.255918872679
2.20675804648867 14153.3177635252 146.913045013366
2.20942804648867 14046.0743341275 146.354592068884
2.21209804648867 15041.142204069 151.449178388366
2.21476804648867 14893.208957949 150.701749854746
2.21743804648867 13244.2545700055 142.113571571411
2.22010804648867 12580.3192711933 138.504940934732
2.22277804648867 13470.142672463 143.318803341768
2.22544804648867 14604.1137609005 149.22868763116
2.22811804648867 13534.8230131855 143.660921256817
2.23078804648867 12599.8238244653 138.609256314147
2.23345804648867 13238.5346245822 142.078248740073
2.23612804648867 12985.5106523534 140.713185361816
2.23879804648867 13391.7535757712 142.896516896297
2.24146804648867 12370.9431933945 137.34155654657
2.24413804648867 12741.6396435101 139.383337155688
2.24680804648867 12682.6175097468 139.059379435191
2.24947804648867 13841.7490767992 145.27435833668
2.25214804648867 13607.4351607726 144.038721181965
2.25481804648867 13606.4033130732 144.032477272407
2.25748804648867 12649.0763217108 138.872357178745
2.26015804648867 12448.8033615853 137.767838413363
2.26282804648867 12821.0850043586 139.811878485273
2.26549804648867 13319.5431159808 142.502992761436
2.26816804648867 13265.6719001614 142.2137496163
2.27083804648867 13313.8503558685 142.470988357416
2.27350804648867 12155.0484172786 136.128979284309
2.27617804648867 12053.4392839987 135.55806905037
2.27884804648867 12546.822473303 138.303890889719
2.28151804648867 13118.4974861264 141.418820235783
2.28418804648867 14287.1206569053 147.582600250085
2.28685804648867 12917.5250110699 140.329861696847
2.28952804648867 14464.4189029358 148.493887496904
2.29219804648867 13953.6144748051 145.847530935479
2.29486804648867 13559.9967196267 143.774926284957
2.29753804648867 13120.6317339817 141.425712125143
2.30020804648867 13539.3974773393 143.664212350513
2.30287804648867 12868.6303579243 140.059773401571
2.30554804648867 12441.3566217699 137.714431884429
2.30821804648867 13292.5135578928 142.3467219653
2.31088804648867 14029.5748227159 146.239434279752
2.31355804648867 13792.1866077083 144.996371708035
2.31622804648867 13967.92204984 145.916634079338
2.31889804648867 13241.5411324291 142.071346870022
2.32156804648867 13303.376210991 142.40213354533
2.32423804648867 13306.2591134022 142.417014345978
2.32690804648867 13579.1852849762 143.869612843184
2.32957804648867 13163.8746438474 141.651903792132
2.33224804648867 12961.0688288153 140.55596598781
2.33491804648867 12850.2348735214 139.95316926508
2.33758804648867 12638.9767004789 138.797450972343
2.34025804648867 13458.3441129116 143.225278992379
2.34292804648867 13637.6664483075 144.17575146649
2.34559804648867 13747.8737670366 144.756571479427
2.34826804648867 14142.2148987475 146.817412413851
2.35093804648867 14322.4952614178 147.749670809276
2.35360804648867 13854.036203584 145.312731449314
2.35627804648867 12655.4895202757 138.884349916561
2.35894804648867 12024.5297550039 135.37741453649
2.36161804648867 12603.7671665372 138.599185990788
2.36428804648867 12817.5300608292 139.769044082909
2.36695804648867 12290.4317661665 136.864470459939
2.36962804648867 12264.6847155697 136.720511474851
2.37229804648867 12140.0398683873 136.023474968368
2.37496804648867 13486.5687764469 143.368213484772
2.37763804648867 12803.9342336506 139.692208640291
2.38030804648867 13292.8942872583 142.333972581759
2.38297804648867 13400.709950803 142.909476286193
2.38564804648867 13252.1823238754 142.114749508639
2.38831804648867 13581.0411603406 143.866710697097
2.39098804648867 13855.0854831572 145.310405600246
2.39365804648867 13380.6760425476 142.800414146223
2.39632804648867 13666.3682089866 144.316280233625
2.39899804648867 13531.6701478269 143.602763504543
2.40166804648867 12794.1144594427 139.633746049388
2.40433804648867 12635.2189998916 138.763284599202
2.40700804648867 11680.6159171862 133.417859024058
2.40967804648867 12237.7973691644 136.56224108893
2.41234804648867 13262.4335636336 142.16363775223
2.41501804648867 13432.477372518 143.071419772763
2.41768804648867 13925.8214208064 145.674370405152
2.42035804648867 13728.9354782773 144.640222692389
2.42302804648867 13365.8123122756 142.713888608623
2.42569804648867 13708.5473813301 144.531393568844
2.42836804648867 13183.7728435621 141.737326922772
2.43103804648867 12855.7387332521 139.962216596688
2.43370804648867 12893.8239110966 140.168708284643
2.43637804648867 12189.9318430013 136.288356103785
2.43904804648867 12058.7817080653 135.552565613128
2.44171804648867 12569.9121344628 138.394890636125
2.44438804648867 11013.1907332373 129.541352436743
2.44705804648867 11091.4306356426 130.000056463766
2.44972804648867 11802.5063108919 134.101855949031
2.45239804648867 11543.277755089 132.620344375299
2.45506804648867 11688.3288962118 133.450344982041
2.45773804648867 13343.3587446497 142.585046236527
2.46040804648867 13213.4883536784 141.888779575206
2.46307804648867 11872.9202296946 134.498052405906
2.46574804648867 12932.8321506044 140.37247318257
2.46841804648867 12676.8126332722 138.97544627823
2.47108804648867 11424.2438693704 131.930340929157
2.47375804648867 10967.8781108917 129.267744215478
2.47642804648867 12294.4105688538 136.86128996615
2.47909804648867 12620.3461592312 138.662912184205
2.48176804648867 12690.1713831598 139.045307679012
2.48443804648867 11922.6958899098 134.774502520279
2.48710804648867 12256.6868910481 136.648528814557
2.48977804648867 11963.4140905399 135.003147050476
2.49244804648867 13034.9350564851 140.918713915571
2.49511804648867 12247.5771349059 136.595765725219
2.49778804648867 11979.0695945006 135.089501683952
2.50045804648867 11055.4637441249 129.77663234527
2.50312804648867 12313.7937779826 136.962837209302
2.50579804648867 12104.1752897768 135.791690845918
2.50846804648867 11727.3294894465 133.660765931726
2.51113804648867 13498.0340065505 143.396459581491
2.51380804648867 11804.0948765977 134.096765843588
2.51647804648867 11991.6600830144 135.157577963206
2.51914804648867 11978.4250579934 135.082594634073
2.52181804648867 12356.7627616489 137.198914765551
2.52448804648867 11331.5797650242 131.383957640952
2.52715804648867 12243.2960553243 136.566781167683
2.52982804648867 11984.5569019825 135.115656750246
2.53249804648867 12390.3713159893 137.383834700555
2.53516804648867 13490.7972543516 143.354413848787
2.53783804648867 12747.1215643633 139.346836359799
2.54050804648867 11930.6239863264 134.809785158969
2.54317804648867 12429.153929195 137.597140487413
2.54584804648867 13831.3162427382 145.150711442903
2.54851804648867 13356.1824447626 142.635415817496
2.55118804648867 13309.8848887459 142.387589788305
2.55385804648867 12624.5875882082 138.673148716459
2.55652804648867 11880.8063970044 134.525781670173
2.55919804648867 11606.252442147 132.961944820873
2.56186804648867 11974.1631806658 135.052530689111
2.56453804648867 12053.6926422152 135.499903198072
2.56720804648867 12080.571304045 135.650516821762
2.56987804648867 12674.6829460607 138.945682463459
2.57254804648867 14237.3017277556 147.261471702821
2.57521804648867 12918.2559590474 140.273625663855
2.57788804648867 14126.0204779434 146.684013125614
2.58055804648867 12018.8694834538 135.301765916631
2.58322804648867 11669.6475850102 133.321230578552
2.58589804648867 11550.3246746981 132.637499868882
2.58856804648867 12713.748573892 139.156926498452
2.59123804648867 13009.3960636603 140.765223579363
2.59390804648867 12591.3314979973 138.484581639864
2.59657804648867 12336.4121940911 137.075177877719
2.59924804648867 12996.3259014593 140.693316312642
2.60191804648867 12063.2392816368 135.548208368084
2.60458804648867 11469.9171628572 132.172304273978
2.60725804648867 12491.7309370017 137.933622424591
2.60992804648867 13632.4905458005 144.093683736284
2.61259804648867 13232.3486560957 141.962722581952
2.61526804648867 11605.7350704741 132.950718464389
2.61793804648867 11984.8794109443 135.104466548772
2.62060804648867 12046.9351310956 135.453324610128
2.62327804648867 12736.5469528783 139.275826344846
2.62594804648867 11363.3224403118 131.553094636245
2.62861804648867 10387.0905331509 125.774868665721
2.63128804648867 10245.6151814854 124.914957450965
2.63395804648867 10600.4027003106 127.058907469846
2.63662804648867 9981.86568813372 123.29580653807
2.63929804648867 10549.8467328499 126.754687930794
2.64196804648867 10068.4255825264 123.82839610324
2.64463804648867 10876.123731616 128.698962414469
2.64730804648867 10699.533098166 127.649435702684
2.64997804648867 10510.019186398 126.513465040454
2.65264804648867 9877.37044488278 122.646222779438
2.65531804648867 8994.27670424727 117.034832746452
2.65798804648867 9949.39112018642 123.091702567633
2.66065804648867 10883.2449403129 128.738439011033
2.66332804648867 10724.8940777977 127.797998765712
2.66599804648867 9455.08274325769 119.993777185742
2.66866804648867 8591.81621356969 114.384468066014
2.67133804648867 9321.35286414444 119.141359687026
2.67400804648867 7884.84439077196 109.576683401478
2.67667804648867 7902.58742338133 109.699526380305
2.67934804648867 10258.5237807877 124.985906080646
2.68201804648867 9036.3776279441 117.304400447806
2.68468804648867 9799.01305239593 122.153747904802
2.68735804648867 9412.62405154693 119.720768225575
2.69002804648867 8951.54088628079 116.751252516324
2.69269804648867 8272.24800057118 112.233609849516
2.69536804648867 8879.95829544645 116.282706577381
2.69803804648867 9128.39843593707 117.897737991764
2.70070804648867 9121.23432086797 117.851161652393
2.70337804648867 7975.57681217875 110.201395531451
2.70604804648867 8306.19572178649 112.462078353867
2.70871804648867 8337.3346051683 112.672420104231
2.71138804648867 8284.83086059788 112.316823392846
2.71405804648867 7676.57954144902 108.114973880051
2.71672804648867 8495.00871089357 113.732049845732
2.71939804648867 9371.40313157729 119.454425645501
2.72206804648867 8962.99880094902 116.822255045285
2.72473804648867 9298.72521645311 118.989764512479
2.72740804648867 8418.61266411507 113.218434087364
2.73007804648867 7680.37085372112 108.140147345163
2.73274804648867 7940.62820842102 109.956846106198
2.73541804648867 8577.57659957304 114.281551483029
2.73808804648867 8883.13049013375 116.298959141149
2.74075804648867 8857.21829025791 116.128940257194
2.74342804648867 9308.90402776394 119.052918691365
2.74609804648867 8721.91756617041 115.238007660382
2.74876804648867 8532.86606491107 113.981980431282
2.75143804648867 8070.19660428559 110.848487952569
2.75410804648867 8384.10053602113 112.983477161985
2.75677804648867 7536.52450783386 107.120166076628
2.75944804648867 7095.82910089518 103.940843003948
2.76211804648867 7161.86174051813 104.423106586556
2.76478804648867 6215.12322071133 97.2764014606683
2.76745804648867 7032.07192232414 103.472098836067
2.77012804648867 6767.60913216632 101.507521108628
2.77279804648867 6444.7586568637 99.0564818422586
2.77546804648867 7527.70561047498 107.05571712089
2.77813804648867 7314.16746110373 105.526123139429
2.78080804648867 7022.73198761564 103.402148434536
2.78347804648867 7415.79209590233 106.256197399398
2.78614804648867 7143.13562743182 104.284299122533
2.78881804648867 7289.65318192734 105.348145167001
2.79148804648867 7490.73774671297 106.791020888898
2.79415804648867 7587.57467586137 107.478825731271
2.79682804648867 7367.64572148611 105.909464592964
2.79949804648867 7297.00136827359 105.400240274336
2.80216804648867 7811.57744704777 109.053071584173
2.80483804648867 6814.57507892915 101.856124539287
2.80750804648867 6287.70515763939 97.8392395596578
2.81017804648867 6567.85396818526 99.9949240494336
2.81284804648867 5644.22516429089 92.6974106164236
2.81551804648867 6289.11319464295 97.8496710232059
2.81818804648867 5518.54693387175 91.6592419147789
2.82085804648867 6235.40656096192 97.430628751431
2.82352804648867 5884.45015020028 94.64883833884
2.82619804648867 5286.72511815465 89.7129082641906
2.82886804648867 5432.02018023865 90.9371804577128
2.83153804648867 5747.05602370277 93.5368497810765
2.83420804648867 4942.22104678332 86.740182868432
2.83687804648867 5089.23535307123 88.0206851546336
2.83954804648867 5131.06057400908 88.3814809646199
2.84221804648867 6250.5703742842 97.5476373195459
2.84488804648867 6308.56845291001 97.9989825660633
2.84755804648867 6435.72591784362 98.9815279553354
2.85022804648867 5074.30075970682 87.8906573177992
2.85289804648867 4856.09637175181 85.9800087872363
2.85556804648867 5532.02401754389 91.7688082401418
2.85823804648867 5005.13462222518 87.2891313002952
2.86090804648867 4116.61449299204 79.1628854764822
2.86357804648867 5044.16764752682 87.6285245282305
2.86624804648867 5402.94595786566 90.691227776549
2.86891804648867 5215.54904140206 89.1044128716388
2.87158804648867 4483.69516056389 82.6164370951244
2.87425804648867 4536.2674579058 83.0992254105772
2.87692804648867 5884.09466178016 94.6426084421477
2.87959804648867 6155.57237185807 96.8011068839093
2.88226804648867 5437.55018643368 90.9802169692458
2.88493804648867 4851.75656005607 85.9397441574633
2.88760804648867 4192.81475037033 79.8907722880395
2.89027804648867 4775.09711502978 85.2577982564019
2.89294804648867 4831.70725331246 85.7615342429729
2.89561804648867 4303.12216260514 80.9344276032968
2.89828804648867 4395.3570523417 81.797073979372
2.90095804648867 5383.8215192586 90.5285224699797
2.90362804648867 4649.77787574772 84.1309531781931
2.90629804648867 4273.72502789326 80.6570984806503
2.90896804648867 4743.56176252966 84.9750027566758
2.91163804648867 5148.02552390367 88.5235565699777
2.91430804648867 3953.23195680048 77.5736556132302
2.91697804648867 4039.67239324244 78.4171010404378
2.91964804648867 5246.26311550718 89.3639474696509
2.92231804648867 4585.50593109679 83.5469386835752
2.92498804648867 4979.34509165918 87.060794300929
2.92765804648867 5027.9156189419 87.4842963745281
2.93032804648867 4177.50394830252 79.7432897544689
2.93299804648867 3976.21113351782 77.798286710098
2.93566804648867 4669.71928534659 84.3102354916784
2.93833804648867 3339.19445978672 71.2943923088982
2.94100804648867 2027.39053363785 55.5523997004377
2.94367804648867 2409.15748882034 60.5572734468436
2.94634804648867 2045.49679448864 55.7998099681421
2.94901804648867 2712.83552736273 64.2605815011871
2.95168804648867 3646.49828391506 74.5024451760944
2.95435804648867 3138.44722744557 69.1177410456423
2.95702804648867 2624.03976521911 63.1999780418532
2.95969804648867 3272.74138802161 70.5808958641113
2.96236804648867 3371.33986524012 71.6361423602244
2.96503804648867 5168.07656402869 88.6941534902499
2.96770804648867 4743.92118758375 84.9765034346781
2.97037804648867 4198.72781578283 79.9444991878968
2.97304804648867 3921.39299201204 77.2590760467082
2.97571804648867 4694.89849215312 84.536065332098
2.97838804648867 4361.8643524876 81.4825487488231
2.98105804648867 4627.97292118889 83.9312193761026
2.98372804648867 4666.3382351257 84.2783135121261
2.98639804648867 5230.70055974456 89.2292533723916
2.98906804648867 5544.60632960208 91.8675826127457
2.99173804648867 5259.10303401601 89.4710163633093
2.99440804648867 6871.44828369196 102.27047498408
2.99707804648867 6231.61193797319 97.3925939421486
2.99974804648867 5876.9371166792 94.5803365942068
