-1.000000000000000000e+00 1.306777617835505091e-02
-9.487179487179486781e-01 1.645308675525675515e-02
-8.974358974358974672e-01 2.102410103816268472e-02
-8.461538461538461453e-01 2.732141150497138793e-02
-7.948717948717949344e-01 3.619306297402462291e-02
-7.435897435897436125e-01 4.900807543901736230e-02
-6.923076923076922906e-01 6.800683517800887312e-02
-6.410256410256409687e-01 9.699080304249291240e-02
-5.897435897435897578e-01 1.422525779831644854e-01
-5.384615384615385469e-01 2.149883843960179175e-01
-4.871794871794872250e-01 3.324458342279603684e-01
-4.358974358974359031e-01 5.279503507397383943e-01
-3.846153846153845812e-01 8.398089945804612100e-01
-3.333333333333333703e-01 1.363497570063521458e+00
-2.820512820512820484e-01 2.136113700059058651e+00
-2.307692307692308376e-01 3.378375160814913958e+00
-1.794871794871795156e-01 5.027586780339326822e+00
-1.282051282051281937e-01 7.105651959078498336e+00
-7.692307692307698286e-02 9.847070674402690571e+00
-2.564102564102566095e-02 1.148735151711004043e+01
2.564102564102554993e-02 1.269827108218759548e+01
7.692307692307687184e-02 1.276933479980725039e+01
1.282051282051281937e-01 8.905863218102618717e+00
1.794871794871795156e-01 4.397546537336148198e+00
2.307692307692308376e-01 2.047578606323143813e+00
2.820512820512819374e-01 1.023384830947387414e+00
3.333333333333332593e-01 5.578811070882613299e-01
3.846153846153845812e-01 3.278732410451453139e-01
4.358974358974359031e-01 2.048444606952097014e-01
4.871794871794872250e-01 1.344675244384142820e-01
5.384615384615383249e-01 9.190827803485490666e-02
5.897435897435896468e-01 6.495665036469817910e-02
6.410256410256409687e-01 4.721686558900153180e-02
6.923076923076922906e-01 3.515220596945337755e-02
7.435897435897436125e-01 2.671414494424819916e-02
7.948717948717947124e-01 2.066785178620232644e-02
8.461538461538460343e-01 1.624279159873610878e-02
8.974358974358973562e-01 1.294340076008365648e-02
9.487179487179486781e-01 1.044237014668602734e-02
1.000000000000000000e+00 8.518360957566150499e-03
