0.000000000000000000e+00 0.000000000000000000e+00 1.948999999999999899e-01
2.666666666666668295e-01 0.000000000000000000e+00 1.997158515379258426e-01
2.666666666666668295e-01 1.154700538379251906e-01 1.997597476990050913e-01
5.333333333333334370e-01 0.000000000000000000e+00 1.970839641005338871e-01
5.333333333333334370e-01 1.154700538379251906e-01 1.954078644900817674e-01
5.333333333333334370e-01 2.309401076758502702e-01 1.947642840992991342e-01
8.000000000000000444e-01 0.000000000000000000e+00 1.871406389069600607e-01
8.000000000000000444e-01 1.154700538379251906e-01 1.855351872685398196e-01
8.000000000000000444e-01 2.309401076758502702e-01 1.845742267317833918e-01
8.000000000000000444e-01 3.464101615137754608e-01 1.849571581218751315e-01
8.000000000000000444e-01 4.618802153517005404e-01 1.820929096394318658e-01
1.066666666666666652e+00 0.000000000000000000e+00 1.696358670891414955e-01
1.066666666666666652e+00 1.154700538379251906e-01 1.694971029961050146e-01
1.066666666666666652e+00 2.309401076758502702e-01 1.707363460239758601e-01
1.066666666666666652e+00 3.464101615137754608e-01 1.690852539658651843e-01
1.066666666666666652e+00 4.618802153517005404e-01 1.605739973513332364e-01
1.333333333333333259e+00 0.000000000000000000e+00 1.480278422273781924e-01
