0.000000000000000000e+00 0.000000000000000000e+00 3.888461538461538414e-01
2.222222222222220989e-01 0.000000000000000000e+00 4.230497460656843650e-02
2.222222222222220989e-01 9.622504486493754783e-02 1.874856646629263421e-02
4.444444444444444198e-01 0.000000000000000000e+00 4.483528773453908378e-02
4.444444444444444198e-01 9.622504486493754783e-02 2.952797419338247867e-02
4.444444444444444198e-01 1.924500897298752067e-01 1.385571099699086511e-02
6.666666666666667407e-01 0.000000000000000000e+00 9.238473767885535537e-02
6.666666666666667407e-01 9.622504486493754783e-02 7.475440988235942941e-02
6.666666666666667407e-01 1.924500897298752067e-01 5.466481117111496313e-02
6.666666666666667407e-01 2.886751345948128655e-01 3.091913512835200648e-02
6.666666666666667407e-01 3.849001794597504134e-01 1.345069715116791473e-03
8.888888888888890616e-01 0.000000000000000000e+00 3.255623258686555221e-01
8.888888888888890616e-01 9.622504486493754783e-02 2.507040039508894869e-01
8.888888888888890616e-01 1.924500897298752067e-01 1.855115175594068411e-01
8.888888888888890616e-01 2.886751345948128655e-01 1.226737288942724990e-01
8.888888888888890616e-01 3.849001794597504134e-01 5.818219635559487152e-02
8.888888888888890616e-01 4.811252243246879612e-01 5.502272499250052649e-03
1.111111111111110938e+00 0.000000000000000000e+00 8.109707291756570458e-01
1.111111111111110938e+00 9.622504486493754783e-02 6.003543136548963322e-01
1.111111111111110938e+00 1.924500897298752067e-01 3.003495269684026692e-01
1.111111111111110938e+00 2.886751345948128655e-01 1.196603698192081344e-01
1.111111111111110938e+00 3.849001794597504134e-01 3.951398299994571262e-02
1.333333333333333259e+00 0.000000000000000000e+00 1.805990415335463894e-01
