0.000000000000000000e+00 0.000000000000000000e+00 1.053019256299885464e+00
2.666666666666668295e-01 0.000000000000000000e+00 1.035266419126782189e+00
2.666666666666668295e-01 1.154700538379251906e-01 1.054147372907798585e+00
5.333333333333334370e-01 0.000000000000000000e+00 1.165822284319640634e+00
5.333333333333334370e-01 1.154700538379251906e-01 1.226486353997923162e+00
5.333333333333334370e-01 2.309401076758502702e-01 1.277872976159445173e+00
8.000000000000000444e-01 0.000000000000000000e+00 1.494579235820552965e+00
8.000000000000000444e-01 1.154700538379251906e-01 1.596200415111225457e+00
8.000000000000000444e-01 2.309401076758502702e-01 1.694042498030771560e+00
8.000000000000000444e-01 3.464101615137754608e-01 1.766715241289938287e+00
8.000000000000000444e-01 4.618802153517005404e-01 1.903049009999868257e+00
1.066666666666666652e+00 0.000000000000000000e+00 2.192337529699687426e+00
1.066666666666666652e+00 1.154700538379251906e-01 2.332719773535156804e+00
1.066666666666666652e+00 2.309401076758502702e-01 2.428759454398656370e+00
1.066666666666666652e+00 3.464101615137754608e-01 2.605885123184006780e+00
1.066666666666666652e+00 4.618802153517005404e-01 3.040513146035398240e+00
1.333333333333333259e+00 0.000000000000000000e+00 3.577908629042559241e+00
