-0.198643902414195 9924.42709952952 140.248058470311
-0.195973902414195 10439.0777699762 143.898558041805
-0.193303902414195 10059.4370672951 141.316640370808
-0.190633902414195 9922.82344163459 140.412261982401
-0.187963902414195 9756.63715294451 139.289464498238
-0.185293902414195 7417.89637019819 121.503618061121
-0.182623902414195 9823.5735310293 139.882719505231
-0.179953902414195 8928.35819513654 133.412172736256
-0.177283902414195 7994.310136235 126.293307936977
-0.174613902414195 8612.33707741356 131.13855399256
-0.171943902414195 7685.09930096456 123.929447085573
-0.169273902414195 6805.28643306294 116.668258568675
-0.166603902414195 6270.72250584926 112.03865692035
-0.163933902414195 8313.31174061087 129.055221139762
-0.161263902414195 8783.98861436438 132.713078506684
-0.158593902414195 9105.36205455841 135.174757262939
-0.155923902414195 9635.15711417195 139.109051309016
-0.153253902414195 9165.74163754263 135.733999572959
-0.150583902414195 8961.40679114065 134.267728506369
-0.147913902414195 7322.20656512011 121.418004813825
-0.145243902414195 7875.37493982601 125.972612153164
-0.142573902414195 8947.345089488 134.327791391675
-0.139903902414195 9637.86871781239 139.472119917707
-0.137233902414195 9659.8987759803 139.688662617169
-0.134563902414195 8386.3918752779 130.208781463248
-0.131893902414195 8281.0212901245 129.441140460431
-0.129223902414195 7100.68657149277 119.910741299798
-0.126553902414195 6931.1069163205 118.51862560261
-0.123883902414195 7861.08395541206 126.271043977051
-0.121213902414195 9538.79803768499 139.151048322349
-0.118543902414195 9565.59408934107 139.403149930675
-0.115873902414195 7756.25843986853 125.579735006772
-0.113203902414195 7613.32240103512 124.467855428953
-0.110533902414195 7240.51400950225 121.431489214647
-0.107863902414195 6451.18098477341 114.668100293295
-0.105193902414195 7570.34618809752 124.267372006263
-0.102523902414195 8627.12956808998 132.711482544553
-0.0998539024141954 9549.47548064767 139.687082875112
-0.0971839024141954 10485.332818377 146.43749303828
-0.0945139024141954 10696.1450044046 147.968519355815
-0.0918439024141954 9507.69849222495 139.568601042047
-0.0891739024141954 11760.520663793 155.29499662005
-0.0865039024141954 10746.7468901858 148.517178407588
-0.0838339024141954 11605.7259675368 154.407415197305
-0.0811639024141954 13645.1482504559 167.499984346486
-0.0784939024141954 14123.9928730332 170.489586897998
-0.0758239024141954 15927.671286131 181.129236093152
-0.0731539024141954 17067.0131543379 187.579037429676
-0.0704839024141954 16897.3845283949 186.727482182503
-0.0678139024141954 17811.3968728582 191.796321257643
-0.0651439024141954 19664.5402590844 201.61637188766
-0.0624739024141954 18955.9003885311 198.038007791169
-0.0598039024141954 19596.5901358373 201.446101671176
-0.0571339024141954 20618.4286830252 206.722856760809
-0.0544639024141954 24164.7673298366 223.894774405122
-0.0517939024141954 28181.7659147916 241.895903483022
-0.0491239024141954 34232.972259901 266.721675342299
-0.0464539024141954 35786.2514333679 272.825862091822
-0.0437839024141954 39236.3749068986 285.800593491206
-0.0411139024141954 43083.1032249532 299.61480236945
-0.0384439024141954 47694.9825755692 315.382102957194
-0.0357739024141954 49856.863673424 322.592248610873
-0.0331039024141954 51454.9064994854 327.865282806975
-0.0304339024141954 52412.0580135418 331.045783238486
-0.0277639024141954 54157.9047198547 336.661638010802
-0.0250939024141954 53283.010120799 334.077452878268
-0.0224239024141954 54335.7668729018 337.509194979288
-0.0197539024141954 55107.6801833264 340.046669754258
-0.0170839024141954 54296.8514993642 337.683135502463
-0.0144139024141954 56477.4412362486 344.547399209637
-0.0117439024141954 55241.6277817966 340.905462316433
-0.0090739024141954 58142.9019203872 349.89534918004
-0.0064039024141954 53891.2048527917 337.00604562518
-0.0037339024141954 54875.0685744457 340.216244382088
-0.0010639024141954 53812.0811090647 337.051295855307
0.0016060975858046 53518.6472725093 336.264994125404
0.0042760975858046 54595.035008939 339.713269076249
0.0069460975858046 53783.493836427 337.261859749057
0.0096160975858046 54054.303345524 338.192987768256
0.0122860975858046 50501.0582140123 326.968853438293
0.0149560975858046 50956.4757359534 328.520494884818
0.0176260975858046 49059.137051396 322.425445124609
0.0202960975858046 48150.9002644805 319.505315879664
0.0229660975858046 46837.5505990484 315.195090897563
0.0256360975858046 44362.3986806582 306.82891889883
0.0283060975858046 43147.5581341029 302.672707167083
0.0309760975858046 41549.5000931322 297.087493429909
0.0336460975858046 37755.7572287888 283.269180912325
0.0363160975858046 35721.0415380002 275.597964222906
0.0389860975858046 32605.7025443158 263.37035670145
0.0416560975858046 30901.1005926717 256.456195417125
0.0443260975858046 29635.3296496222 251.210137400804
0.0469960975858046 31109.6151822564 257.445678501065
0.0496660975858046 28037.7354720156 244.464447580938
0.0523360975858046 24834.9240843509 230.134411951433
0.0550060975858046 21449.7163900488 213.92757786727
0.0576760975858046 21674.955523827 215.100244770169
0.0603460975858046 23983.6412684123 226.321131437613
0.0630160975858046 23400.8549094039 223.608910164164
0.0656860975858046 20481.2687911668 209.246073573297
0.0683560975858046 22523.2417958171 219.482517395428
0.0710260975858046 21969.9167883109 216.822442427747
0.0736960975858046 21140.2651099069 212.740772903716
0.0763660975858046 21768.0239137234 215.928745507286
0.0790360975858046 22046.8458344483 217.359977636216
0.0817060975858046 22973.666775133 221.935535351772
0.0843760975858046 24515.2353605286 229.316342930017
0.0870460975858046 25429.9130216773 233.611730867274
0.0897160975858046 26475.3228995801 238.422933874714
0.0923860975858046 25730.842973601 235.103739277636
0.0950560975858046 26494.6230221354 238.625298686034
0.0977260975858046 28901.5409174645 249.289016634505
0.100396097585805 29556.7357691382 252.136044184227
0.103066097585805 32944.0010718587 266.12123374026
0.105736097585805 36139.2409787701 278.65411757897
0.108406097585805 36977.8339613241 281.793660737412
0.111076097585805 37818.2055142722 284.901946110781
0.113746097585805 39822.9794493118 292.278077794307
0.116416097585805 41541.9699312387 298.440157307353
0.119086097585805 44481.0495296485 308.734751645802
0.121756097585805 46255.38899755 314.748304047571
0.124426097585805 48241.4617803629 321.348756255919
0.127096097585805 53056.6521394402 336.915054626529
0.129766097585805 58423.5959339452 353.450563393417
0.132436097585805 63005.2230703647 366.949914901686
0.135106097585805 70595.9019798894 388.322161644696
0.137776097585805 77870.5723312168 407.730282746245
0.140446097585805 90805.9804339196 440.176956221309
0.143116097585805 106159.202197648 475.808975215171
0.145786097585805 120415.141925054 506.614977794019
0.148456097585805 133940.960783362 534.167897883575
0.151126097585805 150178.189204087 565.468027221777
0.153796097585805 161277.57534824 585.834704350885
0.156466097585805 171823.717739676 604.523343986369
0.159136097585805 179532.544761343 617.769508272839
0.161806097585805 182848.45778801 623.280900093541
0.164476097585805 187500.666029576 630.990476712216
0.167146097585805 193150.228292305 640.253818022503
0.169816097585805 196413.326113801 645.465661676846
0.172486097585805 199277.769069441 649.980212035173
0.175156097585805 200021.717329593 651.016899881289
0.177826097585805 200437.753844304 651.517919665216
0.180496097585805 202440.260312266 654.587784918244
0.183166097585805 203304.12208468 655.805921557637
0.185836097585805 206497.729544435 660.758269682623
0.188506097585805 206194.175793909 660.094061202889
0.191176097585805 204298.934699266 656.875823467829
0.193846097585805 201751.011905877 652.590312298121
0.196516097585805 198748.622965539 647.54103776467
0.199186097585805 195556.790969656 642.146457940431
0.201856097585805 195703.50265716 642.143390129314
0.204526097585805 196456.129131861 642.917427934867
0.207196097585805 193498.638952224 637.603379817363
0.209866097585805 192083.058211119 634.811790854411
0.212536097585805 189853.750492477 630.664518799925
0.215206097585805 187184.179773492 625.765022372678
0.217876097585805 184496.568404409 620.809447144441
0.220546097585805 181145.443895936 614.702366082785
0.223216097585805 172813.163684186 599.965312718508
0.225886097585805 159664.677295322 576.272979873419
0.228556097585805 149397.38351516 557.033065931775
0.231226097585805 133494.461320782 526.17025732345
0.233896097585805 117201.838149265 492.659222804922
0.236566097585805 105464.418789971 466.999766660835
0.239236097585805 94333.2270975842 441.34665947212
0.241906097585805 86654.8729141857 422.695230887795
0.244576097585805 81256.8153885476 409.01915247283
0.247246097585805 78291.8715417748 401.194076438042
0.249916097585805 73033.2159596759 387.202676750797
0.252586097585805 69967.847349278 378.711847876992
0.255256097585805 69545.24002216 377.289197328456
0.257926097585805 69754.9497863887 377.579790192525
0.260596097585805 69599.21028141 376.880329711346
0.263266097585805 70709.9477285105 379.595618563265
0.265936097585805 72806.2675173075 384.896942044885
0.268606097585805 75746.8003002159 392.302334603764
0.271276097585805 78177.5598348534 398.252027218195
0.273946097585805 83639.6457544704 411.62405612259
0.276616097585805 89340.8189332858 425.105629917521
0.279286097585805 94683.6639015369 437.306744850142
0.281956097585805 100187.687014579 449.502485658374
0.284626097585805 107026.395541079 464.243854122645
0.287296097585805 117006.828815829 485.044544194196
0.289966097585805 125128.003534444 501.219659359295
0.292636097585805 134828.632534186 519.89571319855
0.295306097585805 143151.565280648 535.299780348724
0.297976097585805 152309.563836956 551.741884941749
0.300646097585805 161338.460946874 567.423471233647
0.303316097585805 169170.548667627 580.561718094802
0.305986097585805 175232.045741594 590.391212054686
0.308656097585805 180995.774163738 599.534065103948
0.311326097585805 187824.844811203 610.242032518427
0.313996097585805 191369.732230818 615.471002986374
0.316666097585805 197445.656121685 624.654045761323
0.319336097585805 197786.652463564 624.681244498398
0.322006097585805 202741.212792334 631.938222588528
0.324676097585805 206580.891528545 637.370149035983
0.327346097585805 208425.733232231 639.682940555826
0.330016097585805 211153.160626653 643.324005515655
0.332686097585805 215484.839749361 649.352620096611
0.335356097585805 215805.725308136 649.298495811754
0.338026097585805 216884.437419211 650.380024667058
0.340696097585805 219465.312825646 653.695400340433
0.343366097585805 222029.350749856 656.956427059693
0.346036097585805 218130.405947392 650.620525122537
0.348706097585805 213029.008511618 642.431326970078
0.351376097585805 213473.45347306 642.563941860261
0.354046097585805 209753.068137443 636.407138226727
0.356716097585805 205449.723797032 629.317082422839
0.359386097585805 202934.808656185 624.928397120018
0.362056097585805 198690.239044613 617.838383856038
0.364726097585805 193657.042813602 609.448882286
0.367396097585805 188183.188725861 600.266971892346
0.370066097585805 179785.01913838 586.223961943304
0.372736097585805 172882.379235323 574.373426210267
0.375406097585805 166610.445785949 563.380252153397
0.378076097585805 155560.307694682 543.914717545757
0.380746097585805 146697.882406755 527.744376822504
0.383416097585805 137233.762628936 510.001936946504
0.386086097585805 128837.026449099 493.73134730064
0.388756097585805 120528.67772289 477.137918591451
0.391426097585805 111863.047099863 459.271822866661
0.394096097585805 104383.25962716 443.270684385744
0.396766097585805 99252.9307177811 431.868685886789
0.399436097585805 93602.5260261878 419.034372736882
0.402106097585805 89020.5169372084 408.336682454548
0.404776097585805 83934.7552406777 396.243939338108
0.407446097585805 77867.4982573941 381.406282133835
0.410116097585805 73500.9373234922 370.317141843672
0.412786097585805 70616.5074245261 362.741941064637
0.415456097585805 67483.8436427674 354.37368978367
0.418126097585805 63800.3206375154 344.341634171042
0.420796097585805 59942.8043581015 333.551427638414
0.423466097585805 57299.5190172798 325.900901480493
0.426136097585805 52185.2182414816 310.813054526275
0.428806097585805 52529.7041859583 311.632704955533
0.431476097585805 50101.9448040888 304.146289006391
0.434146097585805 50057.9781548801 303.81288207065
0.436816097585805 48148.737512017 297.766551054287
0.439486097585805 46915.0370434208 293.733201738377
0.442156097585805 45788.8045860831 289.994546349181
0.444826097585805 46278.6336787567 291.34879966853
0.447496097585805 45961.4272896725 290.156385843177
0.450166097585805 48086.680684383 296.592256957863
0.452836097585805 47112.6558556051 293.378206633879
0.455506097585805 48468.0392309755 297.370610720371
0.458176097585805 50641.6335322997 303.763124669586
0.460846097585805 51656.411472827 306.587051293392
0.463516097585805 51709.0795311095 306.538623350226
0.466186097585805 53989.0038400507 313.014298015296
0.468856097585805 55022.372374304 315.784279246217
0.471526097585805 57234.3602238284 321.853478680518
0.474196097585805 61300.0698092822 332.865531930076
0.476866097585805 63331.5110545216 338.108762430663
0.479536097585805 68142.7027780322 350.480568736924
0.482206097585805 71164.8873434378 357.92705153816
0.484876097585805 74504.2666029637 365.981547715541
0.487546097585805 76628.167978474 370.910749859791
0.490216097585805 79636.4718256601 377.86562843435
0.492886097585805 79319.764442513 376.858120810354
0.495556097585805 82033.1247482641 382.989779977074
0.498226097585805 85006.4723263622 389.604120813819
0.500896097585805 83908.6535493817 386.82383898104
0.503566097585805 84579.7161027694 388.197240181862
0.506236097585805 85278.1183471329 389.625566388474
0.508906097585805 89642.7797491857 399.296443598283
0.511576097585805 89651.5267740248 399.140322668221
0.514246097585805 89071.7391646426 397.672474347896
0.516916097585805 89814.6544639826 399.151536138055
0.519586097585805 89945.5647596041 399.266202270141
0.522256097585805 89388.3154395474 397.851819733412
0.524926097585805 90458.4945000173 400.049544950654
0.527596097585805 90039.4425844591 398.945400849153
0.530266097585805 88525.506188179 395.402184385843
0.532936097585805 88682.4936740981 395.577356424857
0.535606097585805 88904.0999366461 395.89573249781
0.538276097585805 87888.294904782 393.452876046071
0.540946097585805 86796.2022600293 390.827103807886
0.543616097585805 84790.7678089604 386.113986102161
0.546286097585805 84401.1220467154 385.054429841895
0.548956097585805 82729.2161622514 381.051838435861
0.551626097585805 81677.4218681317 378.453073961231
0.554296097585805 77570.6205973707 368.651416623024
0.556966097585805 76741.3030743611 366.511776088947
0.559636097585805 73093.6725507485 357.535476533193
0.562306097585805 70451.7808220347 350.857661671913
0.564976097585805 67361.920524316 342.923905155989
0.567646097585805 64005.6405116137 334.121970172763
0.570316097585805 62089.1140733987 328.934060161698
0.572986097585805 58554.3717324733 319.290360062354
0.575656097585805 55421.5491231865 310.491938476348
0.578326097585805 52405.5890406712 301.789746796205
0.580996097585805 51864.6709507425 300.093088905798
0.583666097585805 51220.3948925785 298.089012612593
0.586336097585805 50163.1421588762 294.863505185657
0.589006097585805 47477.194889852 286.731335230562
0.591676097585805 46001.6052730596 282.112884483014
0.594346097585805 46066.3487087518 282.183712148657
0.597016097585805 44540.5600126147 277.345628445656
0.599686097585805 44547.37261705 277.241218440942
0.602356097585805 43831.2384956022 274.928630373733
0.605026097585805 43394.0604124363 273.47959798891
0.607696097585805 43297.2625917165 273.099958573697
0.610366097585805 43044.652368071 272.227865912402
0.613036097585805 41770.0187233594 268.093823311209
0.615706097585805 42446.3429468223 270.181771570179
0.618376097585805 42969.2017505259 271.76649681551
0.621046097585805 45035.7816628697 278.148952372704
0.623716097585805 45569.5894794636 279.716040506692
0.626386097585805 44887.7901338499 277.539690321655
0.629056097585805 46843.9541167919 283.445044132394
0.631726097585805 48279.8754630634 287.677706590024
0.634396097585805 50215.8126781711 293.308306557278
0.637066097585805 49979.3724822192 292.536746084324
0.639736097585805 51085.4656854699 295.674963623175
0.642406097585805 52601.973064834 299.94917544872
0.645076097585805 53187.495469915 301.531120309319
0.647746097585805 55044.4704604974 306.665464739326
0.650416097585805 55579.8707486928 308.06855564471
0.653086097585805 59094.6841090155 317.57282542736
0.655756097585805 61899.331787116 324.93205622802
0.658426097585805 61020.1413831436 322.52736662239
0.661096097585805 61320.9187379315 323.232196817283
0.663766097585805 61956.7984922278 324.814214816308
0.666436097585805 65274.6434053807 333.305888382839
0.669106097585805 65048.1266588426 332.635236239573
0.671776097585805 65592.7051456481 333.932496058134
0.674446097585805 67322.2404170597 338.212911909509
0.677116097585805 67015.8993058105 337.349252919211
0.679786097585805 67290.0837223327 337.945151560371
0.682456097585805 68488.8240839388 340.847671964929
0.685126097585805 68548.7314562843 340.902285793039
0.687796097585805 68820.2974097571 341.48224889753
0.690466097585805 68076.5663940975 339.537911753907
0.693136097585805 67812.1697396639 338.783926159729
0.695806097585805 67016.540773962 336.697148067752
0.698476097585805 66341.9256489517 334.905177677565
0.701146097585805 66478.8175449984 335.17421619433
0.703816097585805 65275.0185641235 332.069112711438
0.706486097585805 65500.3066867627 332.584987330336
0.709156097585805 66192.7079893565 334.28125121615
0.711826097585805 66263.1263142528 334.401987825522
0.714496097585805 64419.9190581811 329.662005305595
0.717166097585805 62608.6122164259 324.938926534352
0.719836097585805 59627.9123067208 317.055560025622
0.722506097585805 58094.5792801893 312.89903260701
0.725176097585805 56911.9031057994 309.644797307428
0.727846097585805 55387.7621345189 305.418215347314
0.730516097585805 52673.0402533328 297.788544078251
0.733186097585805 51519.7992318457 294.460209198189
0.735856097585805 50051.2417190501 290.183476975142
0.738526097585805 48744.5626437679 286.321547191124
0.741196097585805 48025.13584036 284.15212608739
0.743866097585805 47503.769908338 282.557140973676
0.746536097585805 45215.6595638318 275.620996902612
0.749206097585805 43183.4647678349 269.309823707183
0.751876097585805 42241.4010747645 266.310429188358
0.754546097585805 41409.7236006785 263.630541321865
0.757216097585805 40384.6884097339 260.302558338488
0.759886097585805 37773.4533959522 251.703295254807
0.762556097585805 38293.3524130376 253.386055851909
0.765226097585805 35182.0596315532 242.832652296101
0.767896097585805 34666.279096288 241.004681174987
0.770566097585805 35070.2449977964 242.363183451025
0.773236097585805 37999.2335573061 252.237716481737
0.775906097585805 36599.1597936386 247.504727560751
0.778576097585805 36435.4233932055 246.907998584077
0.781246097585805 34533.1260437505 240.334699012971
0.783916097585805 35628.2678460705 244.073788124154
0.786586097585805 34835.5030244772 241.301521903282
0.789256097585805 34671.3499142391 240.69085984198
0.791926097585805 34822.5895231872 241.173693082335
0.794596097585805 34730.3110253707 240.812425294815
0.797266097585805 35930.6955318685 244.896452965146
0.799936097585805 36437.3863428297 246.578577893123
0.802606097585805 37057.662450741 248.642294461852
0.805276097585805 37364.1185117235 249.641977709723
0.807946097585805 38763.2576333298 254.246286294026
0.810616097585805 38854.8102574973 254.519529027897
0.813286097585805 39982.3082663035 258.158760482294
0.815956097585805 39615.5235597509 256.944808157622
0.818626097585805 41687.26602417 263.550021006797
0.821296097585805 41168.9664844556 261.878908686363
0.823966097585805 42461.4580613783 265.929902266613
0.826636097585805 40698.9335302773 260.324719764973
0.829306097585805 41790.8469945311 263.765897450408
0.831976097585805 43689.8053112827 269.66356132792
0.834646097585805 45017.7702403319 273.702235583683
0.837316097585805 44078.0944783255 270.802016602109
0.839986097585805 45507.4849977319 275.128784719554
0.842656097585805 47774.1153550687 281.867532684519
0.845326097585805 48473.9814693491 283.894630173534
0.847996097585805 48204.8171296073 283.075411046834
0.850666097585805 46369.3547670914 277.604523444464
0.853336097585805 49368.0086769133 286.409812275547
0.856006097585805 50148.4246330698 288.63420799083
0.858676097585805 49222.6324793206 285.927303212151
0.861346097585805 49258.66850281 286.001684159508
0.864016097585805 49654.5768562993 287.11834087865
0.866686097585805 49943.2425399221 287.92122920781
0.869356097585805 48622.2481201922 284.057888854972
0.872026097585805 48718.5482297086 284.308938628809
0.874696097585805 47264.8654424017 280.005495890146
0.877366097585805 44964.9957095925 273.079191863896
0.880036097585805 46648.2112596466 278.113971391521
0.882706097585805 46539.785359041 277.761127010047
0.885376097585805 45870.4452061923 275.72726569607
0.888046097585805 45891.3475748346 275.760838405605
0.890716097585805 44923.2999648193 272.807904849453
0.893386097585805 42952.5584742495 266.728592383245
0.896056097585805 43025.916431217 266.927942295571
0.898726097585805 41824.3399760993 263.146399332631
0.901396097585805 42639.683805009 265.675632689532
0.904066097585805 41077.7473725878 260.745695489712
0.906736097585805 38809.1114256969 253.42519250115
0.909406097585805 36751.4203485548 246.597740373946
0.912076097585805 38908.8305722134 253.714452284201
0.914746097585805 37215.8000519683 248.115491985735
0.917416097585805 37492.3337633022 249.017873034537
0.920086097585805 37252.9125384673 248.203827330261
0.922756097585805 36249.5684044095 244.821102296077
0.925426097585805 36879.0791826673 246.920148891384
0.928096097585805 36204.0612795044 244.632528323213
0.930766097585805 35767.5546508032 243.135985096191
0.933436097585805 34911.6422299739 240.192149657342
0.936106097585805 33808.1287881977 236.34873711746
0.938776097585805 33985.3525256643 236.950513057933
0.941446097585805 34252.3833049043 237.862622005091
0.944116097585805 33043.9386164863 233.612320593725
0.946786097585805 32404.1301576639 231.323127661414
0.949456097585805 32200.6728063709 230.5793294231
0.952126097585805 33352.8412174201 234.651502550943
0.954796097585805 32550.9773091711 231.797077451416
0.957466097585805 33445.5279253614 234.943796025222
0.960136097585805 33378.0931540938 234.690075305101
0.962806097585805 32485.8981489438 231.51567853616
0.965476097585805 33620.8069898518 235.508201269893
0.968146097585805 33294.4429104239 234.345620207689
0.970816097585805 33293.5261533038 234.325662600677
0.973486097585805 32663.320820885 232.080746250574
0.976156097585805 32992.5331241271 233.230722455101
0.978826097585805 33952.5475855154 236.582757046643
0.981496097585805 34372.8137066754 238.02546457073
0.984166097585805 34943.679738236 239.976749836131
0.986836097585805 35415.0896876523 241.572774380761
0.989506097585805 35560.8874347831 242.052219907008
0.992176097585805 35170.3473009665 240.702199897503
0.994846097585805 36679.9264668749 245.79605661875
0.997516097585805 37502.0459418823 248.517577225919
1.00018609758581 39035.2348598454 253.528607811619
1.0028560975858 38785.0249948378 252.70023931803
1.0055260975858 39876.7149683784 256.218094254819
1.00819609758581 39225.2960053245 254.102955250358
1.01086609758581 38347.1708697248 251.228991273812
1.0135360975858 39915.1399974174 256.29988140916
1.0162060975858 38470.6251717283 251.605820016103
1.01887609758581 37490.2381875445 248.3657135606
1.02154609758581 38094.8108191456 250.346734999126
1.02421609758581 37962.6218811021 249.898469972521
1.0268860975858 38488.7039086389 251.61041533127
1.0295560975858 39804.1050634865 255.859987596748
1.03222609758581 38304.9030910848 250.981722305376
1.03489609758581 39200.2245776388 253.884188733614
1.0375660975858 40216.7555900506 257.141016813304
1.0402360975858 42419.254584699 264.07410608847
1.04290609758581 41866.5426671546 262.333835966958
1.04557609758581 40413.4684530746 257.727213937418
1.04824609758581 39707.2366004123 255.451526199183
1.0509160975858 39940.1146385694 256.1856351208
1.0535860975858 39685.8926803785 255.355164520393
1.05625609758581 39335.9011109558 254.212889165973
1.05892609758581 38790.5909999845 252.430981620395
1.0615960975858 37395.9222948489 247.838072540557
1.0642660975858 37777.8817246234 249.08704350297
1.06693609758581 37088.6209148308 246.790884569165
1.06960609758581 35925.797481154 242.878131843232
1.0722760975858 33964.5721915262 236.142800723891
1.0749460975858 34423.8708459959 237.721200670123
1.0776160975858 36065.3311455822 243.30971534085
1.08028609758581 35908.665007021 242.767497191566
1.08295609758581 35570.8295295841 241.609678834692
1.0856260975858 34944.6794587562 239.460717561726
1.0882960975858 33882.3217475489 235.779881526407
1.09096609758581 34008.7640537067 236.20658515237
1.09363609758581 32020.7223934308 229.186244987997
1.0963060975858 32437.0754517947 230.658912053265
1.0989760975858 31598.8422813625 227.646713130514
1.1016460975858 30552.545911675 223.837265795535
1.10431609758581 31419.7621610397 226.984101668446
1.10698609758581 30270.6819512931 222.78728343252
1.1096560975858 29516.5973856362 219.987367432922
1.1123260975858 30165.6506071212 222.385386667705
1.11499609758581 30248.3548508875 222.682493857554
1.11766609758581 30404.768160142 223.249936162701
1.1203360975858 31478.8156496681 227.151173531514
1.1230060975858 29516.9163923581 219.951324623417
1.1256760975858 29945.5530105438 221.535104065852
1.12834609758581 28416.7420311711 215.798698739403
1.13101609758581 28236.8636137577 215.10732559465
1.1336860975858 28397.6021187325 215.711401337225
1.1363560975858 28902.8748145868 217.614624213822
1.13902609758581 29009.4133014474 218.007944398367
1.14169609758581 27955.9060485226 214.005494014898
1.1443660975858 29017.7680895879 218.024564645364
1.1470360975858 30450.4230551438 223.334274467683
1.14970609758581 30823.999690405 224.69245793566
1.15237609758581 31246.8243652448 226.220640623648
1.15504609758581 32810.2968090829 231.803318398314
1.1577160975858 31506.3960218964 227.142926340553
1.1603860975858 30361.6118869144 222.970571769195
1.16305609758581 30673.226669388 224.10427895902
1.16572609758581 31677.0247569618 227.73400791793
1.1683960975858 30083.5208430792 221.924529773416
1.1710660975858 32053.5235042553 229.067852189419
1.17373609758581 31098.8646749048 225.623223785155
1.17640609758581 32185.6381099254 229.523877156276
1.17907609758581 31151.8450374474 225.800017894828
1.1817460975858 31930.4229873633 228.596562537646
1.1844160975858 31797.3934297262 228.112137168564
1.18708609758581 32040.3879517564 228.974325684968
1.18975609758581 31121.7347006303 225.660255429621
1.1924260975858 30894.264622022 224.826437502655
1.1950960975858 31501.0378499855 227.015833493797
1.19776609758581 31398.0745230598 226.636833586282
1.20043609758581 32009.0697316395 228.823582008183
1.20310609758581 32107.6374201429 229.168173127179
1.2057760975858 32367.6221078424 230.087533532778
1.2084460975858 31964.9246284526 228.645203991565
1.21111609758581 32083.196213646 229.061251630807
1.21378609758581 31798.3179992648 228.035494226543
1.2164560975858 32494.6126552408 230.512042996127
1.2191260975858 32736.3310235097 231.361184593986
1.22179609758581 30715.3180588354 224.099333570976
1.22446609758581 28909.1831087957 217.404497902207
1.2271360975858 30550.4251363067 223.484188310964
1.2298060975858 30961.241286355 224.975337356542
1.2324760975858 32757.7430024787 231.403685596695
1.23514609758581 31987.4442076705 228.660217537232
1.23781609758581 30574.373964396 223.546144048972
1.2404860975858 30115.0478609834 221.854238099379
1.2431560975858 30891.2794620881 224.688814206252
1.24582609758581 30897.5975983857 224.705350271841
1.24849609758581 29696.426831726 220.28793264523
1.2511660975858 30382.0861147 222.810141928168
1.2538360975858 31718.8626258565 227.652547040287
1.2565060975858 30715.6952957342 224.017236733906
1.25917609758581 30312.3214615021 222.535042404212
1.26184609758581 30563.4289015805 223.44847557686
1.2645160975858 29682.6544004736 220.198965157872
1.2671860975858 29201.7512430132 218.401643121559
1.26985609758581 28598.5136105347 216.127848375752
1.27252609758581 27623.1973143898 212.404404190328
1.2751960975858 27241.5037169048 210.925762609942
1.2778660975858 27790.765034818 213.035453467978
1.28053609758581 28039.9134304947 213.982132579871
1.28320609758581 26345.7967584653 207.411288054958
1.28587609758581 26946.1204141621 209.755030426386
1.2885460975858 25702.2127379502 204.850515045525
1.2912160975858 26452.5433682806 207.813167221683
1.29388609758581 27610.7733671764 212.307907185722
1.29655609758581 27168.5004412855 210.594612629902
1.2992260975858 27279.4069785616 211.017961745864
1.3018960975858 25719.1444918822 204.889780736887
1.30456609758581 25880.1971305087 205.525850160085
1.30723609758581 26965.7270971207 209.78737809575
1.30990609758581 28573.9087535682 215.947777389397
1.3125760975858 25716.8723836308 204.863038672375
1.3152460975858 26499.3844206293 207.951975876575
1.31791609758581 25539.0842192948 204.144856136874
1.32058609758581 25887.2650588407 205.527286712309
1.3232560975858 25712.3567676388 204.827360427913
1.3259260975858 25385.6958396069 203.51769877481
1.32859609758581 25634.8550624506 204.509601059374
1.33126609758581 26781.8918763101 209.030430659132
1.33393609758581 27410.6936299463 211.465499360305
1.3366060975858 28293.0336225794 214.837399726442
1.3392760975858 28018.3833608854 213.787488606794
1.34194609758581 27928.8487273201 213.441018685224
1.34461609758581 29510.3723115759 219.396316192159
1.3472860975858 27632.6442624193 212.296985854795
1.3499560975858 27115.400346986 210.296107236437
1.35262609758581 25855.895694428 205.349492638031
1.35529609758581 28038.2863787706 213.83568951153
1.3579660975858 28443.9895529611 215.372539861055
1.3606360975858 26413.4302042912 207.538222679806
1.3633060975858 27231.888020415 210.724573206774
1.36597609758581 26760.2578891207 208.887315836943
1.36864609758581 28247.4390538777 214.608578210991
1.3713160975858 27460.8436907838 211.59484840364
1.3739860975858 27711.2387145148 212.55275376318
1.37665609758581 28163.9235535496 214.27719787846
1.37932609758581 29054.1963882195 217.632838968014
1.3819960975858 29265.6251982444 218.418544992682
1.3846660975858 29746.5269233227 220.201033268125
1.3873360975858 29009.2103859611 217.450186902868
1.39000609758581 28711.5048816994 216.326847464249
1.39267609758581 29034.4202552789 217.535246390167
1.3953460975858 29452.5861445833 219.091426563778
1.3980160975858 29445.2428093539 219.059376037479
1.40068609758581 28397.8603577368 215.123528107831
1.40335609758581 27818.6900392063 212.914497808745
1.4060260975858 26565.6112889041 208.060001730254
1.4086960975858 27015.1223563777 209.808922897202
1.4113660975858 27161.553016229 210.372795164533
1.41403609758581 26587.144966692 208.132510814791
1.41670609758581 26591.8691619444 208.147067749827
1.4193760975858 26876.7040094747 209.254912056627
1.4220460975858 25193.4475921779 202.592447320439
1.42471609758581 24518.4810374712 199.856382504233
1.42738609758581 25669.3089661677 204.489080405156
1.4300560975858 25726.4749468608 204.712784759096
1.4327260975858 24220.0526889165 198.625113090677
1.43539609758581 23655.423024143 196.292526946225
1.43806609758581 23898.8464972417 197.296175543076
1.44073609758581 24915.8483688689 201.446546606732
1.4434060975858 25112.8047875478 202.237359955494
1.4460760975858 24338.2274372958 199.090271597118
1.44874609758581 25865.0931829479 205.236395820128
1.45141609758581 25740.2111951487 204.736463631769
1.4540860975858 24751.7604476988 200.763140097485
1.4567560975858 24583.5417012449 200.075977309884
1.45942609758581 23387.1819822777 195.14321554776
1.46209609758581 23997.3757558065 197.668821509486
1.46476609758581 25259.2265867663 202.795404276869
1.4674360975858 22946.0619685385 193.28313119143
1.4701060975858 24001.8911681463 197.676202493172
1.47277609758581 23635.3163063156 196.157155017867
1.47544609758581 24325.5131736917 198.996865777739
1.4781160975858 25322.0909752903 203.028403214336
1.4807860975858 25269.2293804801 202.81253851503
1.48345609758581 24515.5887303834 199.761481769988
1.48612609758581 23518.989089309 195.65533635798
1.48879609758581 24239.7224919795 198.626860626113
1.4914660975858 24512.8032967436 199.738797562833
1.4941360975858 24406.6413655236 199.302035715981
1.49680609758581 24680.0098633822 200.411285151781
1.49947609758581 25803.5606194507 204.918472980181
1.5021460975858 25290.8187719666 202.868917044724
1.5048160975858 24179.739391174 198.359782252723
1.50748609758581 25773.0601813634 204.788025023947
1.51015609758581 26525.0314903622 207.751068638818
1.5128260975858 25726.9311662134 204.59878623803
1.5154960975858 25168.6323379971 202.363702715186
1.5181660975858 25931.3803901965 205.404226163847
1.52083609758581 25777.0084151489 204.788969881769
1.52350609758581 25437.6987735586 203.43373023681
1.5261760975858 26187.7186447155 206.408051014271
1.5288460975858 26118.5023894999 206.132126178908
1.53151609758581 26982.4471631909 209.51058138656
1.53418609758581 26246.3751206944 206.630157679131
1.5368560975858 26373.235524553 207.125941094837
1.5395260975858 26778.0339479983 208.70645363566
1.5421960975858 25521.2003550037 203.746815488146
1.54486609758581 25420.0046594542 203.339541613821
1.54753609758581 25361.4627825504 203.102337995351
1.5502060975858 26625.6349570543 208.099724815924
1.5528760975858 26935.9053230134 209.305698902558
1.55554609758581 25450.6827202558 203.450484684354
1.55821609758581 25832.0896891568 204.966330316601
1.5608860975858 26075.6443794791 205.927347548454
1.5635560975858 25401.7602487343 203.246067844412
1.56622609758581 25438.5957604513 203.390450209327
1.56889609758581 24954.2659539583 201.442051126196
1.57156609758581 25467.025913243 203.498210592447
1.5742360975858 24693.811626092 200.382268687872
1.5769060975858 26208.0223499772 206.431559340996
1.57957609758581 25890.7031952874 205.175091067244
1.58224609758581 24822.8844987842 200.896596303931
1.5849160975858 25111.1062981066 202.056637876866
1.5875860975858 24907.412429922 201.232558271008
1.59025609758581 25141.8278837915 202.17437537598
1.59292609758581 23550.2449170368 195.667701113178
1.59559609758581 23246.1125220012 194.397349446584
1.5982660975858 23907.5713590303 197.140858877859
1.6009360975858 24997.6137877939 201.582236755963
1.60360609758581 24717.2021757606 200.445751107706
1.60627609758581 23835.4518924904 196.835356798016
1.6089460975858 22634.5042391724 191.809947650684
1.6116160975858 22716.7820857257 192.155693099427
1.61428609758581 22527.3347032523 191.350222838147
1.61695609758581 20862.8468680022 184.142937952651
1.61962609758581 22954.3391281382 193.150081469423
1.6222960975858 22610.9535299854 191.697369522826
1.6249660975858 22247.4032776106 190.14748881041
1.62763609758581 22628.7829993521 191.767826123956
1.63030609758581 23146.4715284626 193.946416561029
1.6329760975858 21707.4591734434 187.81837275204
1.6356460975858 20765.9139157545 183.697530048202
1.63831609758581 23303.9938511071 194.597468290903
1.64098609758581 23023.9979132282 193.422321185807
1.6436560975858 21150.1625565854 185.381884091172
1.6463260975858 21694.7838305345 187.751024294354
1.6489960975858 20854.6605136101 184.077381606955
1.65166609758581 22463.0187462335 191.041245080433
1.65433609758581 20935.3517571685 184.428241529658
1.6570060975858 20708.9453664202 183.42583272063
1.6596760975858 21799.9936106147 188.193190537704
1.66234609758581 20864.0696129304 184.106637918195
1.66501609758581 20746.0987086036 183.582960483347
1.6676860975858 21351.0103447504 186.237690729513
1.6703560975858 23297.6715360862 194.539965556887
1.6730260975858 22575.1246193125 191.496952451166
1.67569609758581 22766.5688792379 192.304653338927
1.67836609758581 23015.2476335694 193.34949418832
1.6810360975858 24612.3149973578 199.942749119778
1.6837060975858 23814.5054207508 196.672855096255
1.68637609758581 22848.6416121035 192.640698504407
1.68904609758581 23187.8904365035 194.062974343275
1.6917160975858 23645.7951723786 195.967132190988
1.6943860975858 25164.6081489262 202.160160350345
1.6970560975858 24386.933535726 199.009265245994
1.69972609758581 24573.3146439942 199.765643085554
1.70239609758581 24765.5991784026 200.543184832955
1.7050660975858 22957.1563183385 193.079912922232
1.7077360975858 23673.1549900181 196.065273684132
1.71040609758581 22886.2000178778 192.776465918175
1.71307609758581 23532.2956879469 195.476195733284
1.7157460975858 22891.8413378861 192.795393865174
1.7184160975858 22670.3167446444 191.857881350117
1.72108609758581 23057.7829458416 193.488065955758
1.72375609758581 24201.823261885 198.227549669569
1.72642609758581 23900.3017834862 196.986390337804
1.7290960975858 25019.5543926492 201.543536311715
1.7317660975858 24498.6229076269 199.431834916774
1.73443609758581 23718.3327700176 196.22768797492
1.73710609758581 22895.2209027236 192.790303081399
1.7397760975858 23290.6310208493 194.445525406019
1.7424460975858 22351.7273114671 190.483529713306
1.74511609758581 21456.530699198 186.62773905108
1.74778609758581 22171.4159374612 189.70890480131
1.75045609758581 22237.3983641693 189.988602685769
1.7531260975858 21590.4696123569 187.202292663689
1.7557960975858 22326.5594869619 190.364331844719
1.75846609758581 24532.7992929673 199.545890374321
1.76113609758581 20792.0767482045 183.701510667602
1.7638060975858 22259.7637588771 190.072210785181
1.7664760975858 22366.3375286279 190.524287238531
1.76914609758581 20663.9624992821 183.127795893165
1.77181609758581 20975.9769097877 184.502867943534
1.77448609758581 20234.7659646829 181.211465748573
1.7771560975858 20981.9452994358 184.524489577329
1.7798260975858 20989.6546119437 184.556072935794
1.78249609758581 21600.4687226325 187.219826665793
1.78516609758581 22030.7904389914 189.073144707247
1.7878360975858 20346.5176452082 181.699783177552
1.7905060975858 21972.3440835999 188.817444918743
1.79317609758581 21329.7862724752 186.033745031755
1.79584609758581 21193.8586988387 185.437707831183
1.7985160975858 20473.4624452599 182.256588656476
1.8011860975858 20379.0023488222 181.833530253262
1.8038560975858 21992.5752455706 188.892957853063
1.80652609758581 20591.1356625462 182.773440458199
1.80919609758581 22361.1862448817 190.465170258418
1.8118660975858 21735.6768967948 187.780264928101
1.8145360975858 22513.905469786 191.110256087325
1.81720609758581 22246.0913264103 189.968085439689
1.81987609758581 20715.4015066133 183.314018548355
1.8225460975858 20859.5380556654 183.948629291751
1.8252160975858 18606.3608340135 173.728129811799
1.8278860975858 18780.5965864543 174.537732335965
1.83055609758581 20313.100349463 181.51727209187
1.83322609758581 20657.0130378656 183.045401507077
1.8358960975858 20796.141679148 183.658763782522
1.8385660975858 21685.1519277336 187.541212413407
1.84123609758581 22716.9056332401 191.948747808419
1.84390609758581 21588.8515006634 187.120201887521
1.8465760975858 20753.2698999871 183.461266113625
1.8492460975858 21620.488246205 187.253127141643
1.85191609758581 20598.6003920448 182.772308837548
1.85458609758581 21641.3234069396 187.339199628933
1.85725609758581 22433.5110365887 190.735085658063
1.8599260975858 22592.5362524565 191.407816339383
1.8625960975858 22242.8721783205 189.91873924453
1.86526609758581 20813.0986145531 183.71134095191
1.86793609758581 21826.4388447184 188.128350764531
1.8706060975858 21478.1584080664 186.619292148929
1.8732760975858 22588.5610203777 191.380423102994
1.87594609758581 21413.4647018264 186.333914970891
1.87861609758581 21769.7908112896 187.875771043675
1.88128609758581 21899.315742912 188.431771334464
1.8839560975858 23213.1784866736 193.999840714145
1.8866260975858 21074.1419085927 184.843519000296
1.88929609758581 22778.9532186803 192.172557042013
1.89196609758581 21934.0135065965 188.572670069743
1.8946360975858 22163.3417588605 189.553814472916
1.8973060975858 22644.9707912869 191.600217837566
1.89997609758581 22900.0809691388 192.674436960544
1.90264609758581 21211.2239014894 185.431908502859
1.90531609758581 21931.3637688366 188.551693578316
1.9079860975858 20915.5025488142 184.131370096143
1.9106560975858 21022.4942537033 184.60003034488
1.91332609758581 21787.0742005432 187.925241592146
1.91599609758581 21780.6471415362 187.89579661642
1.9186660975858 22350.7039489676 190.337031630739
1.9213360975858 22003.7484195805 188.852195614064
1.92400609758581 21381.3173876837 186.160247184877
1.92667609758581 21134.9061969471 185.082728331818
1.9293460975858 20338.9164539929 181.562289448149
1.9320160975858 20303.9133612702 181.404323521394
1.9346860975858 21231.3265820791 185.499326344539
1.93735609758581 20863.1677509533 183.882292647323
1.94002609758581 19776.377596287 179.027262563756
1.9426960975858 20546.9888510315 182.4802655449
1.9453660975858 19065.2645971588 175.775864829163
1.94803609758581 19564.0088318636 178.058521597956
1.95070609758581 21173.8894560462 185.238037769837
1.9533760975858 19412.0550879451 177.362426498946
1.9560460975858 22008.1182027398 188.848409764344
1.9587160975858 20735.8573903968 183.306932006958
1.96138609758581 22838.3656432696 192.374017026008
1.96405609758581 22730.0849715893 191.915673843602
1.9667260975858 21565.997395787 186.93503450366
1.9693960975858 20542.4253581052 182.443249837888
1.97206609758581 21254.1502160913 185.575152545279
1.97473609758581 20854.9397322235 183.822401443055
1.9774060975858 20833.4085352059 183.725798409242
1.9800760975858 20536.9746445409 182.412343957431
1.9827460975858 22470.9921972593 190.80648327837
1.98541609758581 21158.3699888932 185.148039823052
1.98808609758581 20149.6308818544 180.678956793359
1.9907560975858 20166.1250816557 180.751232481621
1.9934260975858 20662.2047611912 182.959254272003
1.99609609758581 21054.4565262297 184.686044770848
1.99876609758581 21177.8893999529 185.2249185686
2.00143609758581 21321.6377590208 185.850882703745
2.0041060975858 21608.7637805693 187.096642610817
2.00677609758581 21405.3825999566 186.212665258665
2.0094460975858 20880.2881765588 183.913093012752
2.01211609758581 20697.9663607697 183.106991866444
2.01478609758581 20367.7179711782 181.638941038256
2.0174560975858 20022.6757544066 180.092454611471
2.02012609758581 21326.7513389677 185.863237636796
2.0227960975858 20735.3315886211 183.266600068822
2.0254660975858 20764.8909595301 183.395782097626
2.02813609758581 22774.4870379198 192.063793615218
2.0308060975858 22778.4222559707 192.078920162812
2.03347609758581 23478.6182949465 195.007286154484
2.0361460975858 24227.9341847487 198.093145565089
2.0388160975858 22590.3316049268 191.279859259781
2.04148609758581 21270.2426238443 185.605502510134
2.0441560975858 21016.2049128171 184.49239014112
2.04682609758581 21745.8548062662 187.666276346003
2.04949609758581 21842.0370698477 188.079408139862
2.0521660975858 21994.7320601944 188.734242345237
2.05483609758581 21704.4004515055 187.48302214652
2.0575060975858 21237.1332950159 185.452494642792
2.0601760975858 20356.7397396138 181.566419692353
2.06284609758581 20234.7558677756 181.020219263927
2.0655160975858 20418.7159349323 181.83982305262
2.06818609758581 18793.8988605967 174.453590982034
2.0708560975858 18108.4958762353 171.241626533651
2.0735260975858 18616.8486695046 173.627264712542
2.07619609758581 20948.22334504 184.176884059059
2.0788660975858 20506.1681743257 182.221855634819
2.08153609758581 18700.9969766681 174.015234697497
2.08420609758581 18808.1297563328 174.511632710498
2.0868760975858 20516.6979808598 182.26445959168
2.08954609758581 20133.0002319261 180.550706731354
2.0922160975858 18980.6383050463 175.306102341152
2.09488609758581 20996.2305403977 184.377948089849
2.09755609758581 22247.4917308524 189.790959710575
2.1002260975858 19250.9591215005 176.54599279661
2.10289609758581 19447.4656783819 177.443493195753
2.1055660975858 20149.0913691281 180.614772546445
2.1082360975858 19798.0438482574 179.033227117231
2.11090609758581 20126.3882497514 180.51046537927
2.1135760975858 19264.4240078109 176.601521383326
2.11624609758581 20594.5717124997 182.595374718639
2.1189160975858 20537.1473978191 182.339354718023
2.1215860975858 19787.1963120391 178.977916546905
2.12425609758581 19983.7939253224 179.863587601292
2.1269260975858 20161.4522811707 180.660059922171
2.12959609758581 21476.3499386267 186.456892977812
2.13226609758581 19793.4353656102 179.001124447911
2.1349360975858 18692.0505939837 173.948467811313
2.13760609758581 19168.4584622206 176.150017657984
2.1402760975858 19655.428498892 178.372261371013
2.14294609758581 19183.8254965768 176.218147332762
2.14561609758581 19622.686079952 178.221138851648
2.1482860975858 19623.7240673001 178.224606204651
2.15095609758581 19828.3518997203 179.150168701578
2.1536260975858 20533.7554001541 182.307723369865
2.1562960975858 21067.4888931001 184.660592742242
2.15896609758581 19980.441726398 179.832153090556
2.1616360975858 19225.0667660622 176.398826871574
2.16430609758581 19346.2134912861 176.952504994324
2.1669760975858 19624.2094540345 178.218085944495
2.1696460975858 20050.8505127272 180.14368902164
2.17231609758581 19821.9487136693 179.111218840331
2.1749860975858 18887.6971554622 174.838101960599
2.17765609758581 18910.817772528 174.943856217408
2.18032609758581 20073.7713939455 180.241581737484
2.1829960975858 17998.8430967527 170.671010956782
2.18566609758581 17816.2638025345 169.801978106497
2.1883360975858 18736.0830232485 174.128873913792
2.19100609758581 19084.5815622663 175.739616320604
2.19367609758581 19236.5043080249 176.436482988812
2.1963460975858 20511.0229733115 182.186393139075
2.19901609758581 20488.5008913701 182.085107969993
2.2016860975858 19035.0214087537 175.506579932995
2.2043560975858 18883.2768010382 174.804569055042
2.20702609758581 19683.3605457556 178.468307954483
2.2096960975858 20382.8180061936 181.610509822561
2.21236609758581 19107.354037574 175.835484073906
2.21503609758581 19535.8287523801 177.795001734169
2.2177060975858 19316.730806144 176.794122744692
2.22037609758581 20067.8454781397 180.197501708443
2.2230460975858 18821.919969992 174.512979885192
2.22571609758581 17447.1820404339 168.017996218678
2.22838609758581 16620.3914222338 163.987656752926
2.2310560975858 18189.1669991439 171.55142237114
2.23372609758581 18515.6312882796 173.08305878185
2.2363960975858 18698.0738921392 173.93265130483
2.2390660975858 20785.5704661477 183.383829209996
2.24173609758581 21439.9244717185 186.246907274578
2.2444060975858 20550.8220147468 182.343138107176
2.24707609758581 18348.4846024349 172.294854652316
2.2497460975858 18411.2668956864 172.588329590277
2.2524160975858 17767.8046911756 169.544558507814
2.25508609758581 17401.7435708407 167.787936726263
2.2577560975858 18197.8508247429 171.582022566922
2.26042609758581 16969.5187362916 165.689076257416
2.26309609758581 16748.0935008032 164.603544728504
2.2657660975858 18518.8857360216 173.085745242714
2.26843609758581 19204.2961074747 176.258656030456
2.2711060975858 17838.1894197335 169.872870011204
2.27377609758581 18830.214463949 174.531432373086
2.27644609758581 19859.014569761 179.234763879669
2.2791160975858 18360.1269860967 172.337037151891
2.28178609758581 18199.88410071 171.582295652587
2.2844560975858 16352.7941245193 162.64155896935
2.2871260975858 17033.2921397376 165.99011370201
2.28979609758581 16285.1515901666 162.302873381751
2.2924660975858 17624.1673331217 168.842584164252
2.29513609758581 17036.8832695984 166.004607229018
2.2978060975858 17332.831633631 167.439225932295
2.3004760975858 18569.392727803 173.308185015557
2.30314609758581 18671.6241229174 173.783851151491
2.3058160975858 17436.9114426524 167.938896766299
2.30848609758581 18456.0031228584 172.77602898476
2.31115609758581 18661.7537039044 173.73568583367
2.3138260975858 17643.0520569523 168.926510036642
2.31649609758581 20151.2602047403 180.534498183213
2.3191660975858 19354.5589047353 176.928942751755
2.32183609758581 18423.1142502199 172.618330373895
2.32450609758581 18998.3197053961 175.291610216817
2.3271760975858 17960.916064281 170.43780082818
2.32984609758581 16996.8206623086 165.799673814104
2.3325160975858 15528.8829329864 158.477670694825
2.3351860975858 17811.9587960007 169.727399742572
2.33785609758581 18408.8421299238 172.547034281519
2.3405260975858 17452.8092830789 168.006111196934
2.34319609758581 17174.8244527028 166.662045138912
2.34586609758581 17992.9333905841 170.584546421199
2.3485360975858 18153.7776342666 171.344571653001
2.35120609758581 17035.7592320615 165.983812850169
2.3538760975858 16088.7631048594 161.303749940903
2.35654609758581 18996.1063555355 175.27241755077
2.35921609758581 18721.8227180664 174.001699610942
2.3618860975858 17999.4403487473 170.611017290594
2.36455609758581 17546.2609045857 168.448833689203
2.3672260975858 17687.8159700266 169.12622989253
2.3698960975858 18753.5799191065 174.146238961223
2.37256609758581 18023.5131395808 170.72215208119
2.3752360975858 18897.2532568848 174.810550319518
2.37790609758581 17582.76094549 168.620347252771
2.3805760975858 19347.78787201 176.880618210297
2.3832460975858 18714.1987264645 173.959580869232
2.38591609758581 15536.9950559211 158.505520703139
2.3885860975858 17287.3419697155 167.194942463785
2.39125609758581 16110.4416873406 161.402736433762
2.39392609758581 16745.7874387777 164.553870619434
2.3965960975858 18719.4386999284 173.980218295148
2.39926609758581 19004.0315511943 175.29699721403
2.4019360975858 17679.185055475 169.075490839735
2.40460609758581 16850.2834473454 165.063413862132
2.40727609758581 18609.0222725117 173.46292966922
2.4099460975858 18094.5338820418 171.047322700929
2.41261609758581 18024.5558440524 170.715340337221
2.4152860975858 19678.2301682581 178.373757867683
2.4179560975858 18569.9498024509 173.277027912053
2.42062609758581 17591.5490023723 168.649612635791
2.4232960975858 17250.5099970927 167.00595522715
2.42596609758581 18610.3295266616 173.462539911485
2.4286360975858 18292.7830467338 171.975366199092
2.4313060975858 19055.5854323103 175.523463653134
2.43397609758581 18563.5186056079 173.241470969455
2.4366460975858 18042.4343145834 170.791778722774
2.43931609758581 18212.5331013108 171.59406137317
2.44198609758581 16760.8331876901 164.612404820801
2.4446560975858 16046.8104401311 161.067085455011
2.44732609758581 16765.3535958787 164.632843353565
2.4499960975858 16503.1906214487 163.339702168626
2.45266609758581 17126.6562232987 166.395574963118
2.45533609758581 18721.4206784547 173.969279468002
2.4580060975858 16990.5977568492 165.731543070503
2.46067609758581 18823.0448668739 174.43895029542
2.4633460975858 16802.9126290863 164.811871711307
2.4660160975858 16383.4836622128 162.741012707135
2.46868609758581 17922.3960798877 170.211776500107
2.4713560975858 16404.6685880566 162.844457071818
2.47402609758581 16176.7241270678 161.708266157901
2.4766960975858 17597.764108349 168.660490057841
2.4793660975858 18431.21336157 172.607338547383
2.48203609758581 17133.043189609 166.41682369351
2.4847060975858 17053.631855638 166.029819734716
2.48737609758581 15382.1644539903 157.682704660255
2.49004609758581 15203.1393844242 156.761588245218
2.4927160975858 15910.1200391996 160.364201193671
2.49538609758581 15897.1179184678 160.297805094016
2.4980560975858 16447.1610562594 163.046519034255
2.5007260975858 16039.4901328383 161.012344646733
2.50339609758581 15732.0588248285 159.461311103795
2.5060660975858 16744.940051813 164.514053502564
2.50873609758581 15440.9926754013 157.978311614896
2.5114060975858 15175.1779797692 156.612135360478
2.5140760975858 17531.410267824 168.331578462405
2.51674609758581 17708.1532804159 169.177444480987
2.5194160975858 17252.6242292164 166.986768589094
2.52208609758581 17818.6200413499 169.703253056567
2.52475609758581 18392.4554375025 172.413649579866
2.5274260975858 18222.3286130842 171.613868256844
2.53009609758581 17781.0368764292 169.522613676623
2.5327660975858 16256.3591362017 162.091184420426
2.53543609758581 15141.6818021106 156.434833985203
2.53810609758581 15311.2640969805 157.307919215028
2.5407760975858 15534.4278158122 158.449673348769
2.54344609758581 15830.1200056257 159.950085249634
2.5461160975858 15499.5533481682 158.270734812661
2.5487860975858 16529.4576113418 163.444000390363
2.55145609758581 16940.8663821006 165.465000555473
2.5541260975858 16012.8248030878 160.868483344212
2.55679609758581 17695.5858210511 169.109543980723
2.5594660975858 17723.2290402714 169.241055716018
2.5621360975858 15797.8700533248 159.78360820407
2.56480609758581 15555.3575374001 158.55195780771
2.5674760975858 15580.8309627481 158.681235359995
2.57014609758581 14358.073886523 152.327042994575
2.57281609758581 14591.9730425139 153.562291311381
2.5754860975858 15919.0228549273 160.392638647168
2.57815609758581 15498.8817314084 158.261422792727
2.5808260975858 15977.2341821025 160.684630595767
2.58349609758581 16419.130089415 162.891065781125
2.58616609758581 17122.0689662036 166.340869998983
2.5888360975858 16368.5307641102 162.63887131909
2.59150609758581 15848.120676133 160.032076918857
2.5941760975858 15341.6825100766 157.453858214278
2.5968460975858 15402.7141669318 157.766246878191
2.59951609758581 16947.5170215187 165.488248727167
2.6021860975858 16297.2740643826 162.28189312184
2.60485609758581 15381.0897447776 157.653813632984
2.6075260975858 14403.5464256902 152.561163728007
2.6101960975858 15642.4439628778 158.986381539054
2.61286609758581 15491.766228578 158.218198528909
2.6155360975858 15096.9606512097 156.188507956721
2.61820609758581 16541.9668238974 163.4918974109
2.62087609758581 17244.4225925851 166.926518879881
2.6235460975858 16582.5829660769 163.691242087695
2.62621609758581 15901.1314458324 160.29195109239
2.6288860975858 15481.4122905715 158.161704376009
2.6315560975858 15176.5694301149 156.596193531349
2.63422609758581 15680.4456776196 159.173931217108
2.6368960975858 14112.9753936766 151.008147581403
2.63956609758581 13923.2514952993 149.989123932337
2.6422360975858 13235.5721107862 146.237630116887
2.6449060975858 14200.4373981936 151.473614412074
2.64757609758581 13601.6296099455 148.244963134959
2.6502460975858 13456.0163171831 147.448742608159
2.65291609758581 11635.8461116025 137.113479456381
2.65558609758581 12107.9055815127 139.866602878191
2.6582560975858 12562.9298014137 142.469968067552
2.66092609758581 13094.1828002127 145.450563033184
2.6635960975858 13089.6664819248 145.424923489339
2.66626609758581 12896.4220971568 144.346919296204
2.66893609758581 13160.7498255051 145.818143009509
2.6716060975858 12667.0652453577 143.056500377415
2.67427609758581 13073.9275062626 145.335254524877
2.6769460975858 12447.7246670845 141.811441784927
2.6796160975858 13767.2077077332 149.137742366145
2.68228609758581 14565.9341248732 153.40239824479
2.6849560975858 14362.6973915585 152.327856229245
2.68762609758581 13283.7998725486 146.494335911365
2.6902960975858 12389.6677283211 141.477653254872
2.6929660975858 11317.3305896858 135.216087419168
2.69563609758581 12667.1363644247 143.05199976027
2.6983060975858 12168.9002304964 140.209913678599
2.70097609758581 14513.5413235552 153.122343040039
2.70364609758581 13865.5972508325 149.664924059438
2.7063160975858 14105.5352863523 150.953919830011
2.70898609758581 12939.9156828098 144.581991399091
2.7116560975858 13499.8338822639 147.676557923318
2.71432609758581 12142.5861346396 140.05603115147
2.71699609758581 11933.8276169161 138.846510324673
2.7196660975858 12906.0046802807 144.390914806415
2.72233609758581 12881.4925302489 144.253354705838
2.7250060975858 14693.634839552 154.065827190106
2.7276760975858 15223.9139786092 156.820823202382
2.73034609758581 13759.1799080547 149.085605385024
2.7330160975858 12080.4696890507 139.694792990693
2.73568609758581 12969.6939439741 144.744490624696
2.7383560975858 13156.4576157703 145.782547042965
2.7410260975858 11838.3253623443 138.286585726518
2.74369609758581 11758.4532436237 137.818933976947
2.7463660975858 11034.0909935066 133.506047454588
2.74903609758581 10582.7098612876 130.746470101743
2.75170609758581 10683.3103614759 131.366104110974
2.7543760975858 10453.9435799718 129.947923325988
2.75704609758581 11235.5211326243 134.717727383926
2.7597160975858 11675.5487945065 137.330075521875
2.76238609758581 10266.6530789382 128.777598122815
2.76505609758581 11972.7915977898 139.066478865902
2.7677260975858 11176.6084602098 134.362673075219
2.77039609758581 12326.5104183978 141.105051058328
2.7730660975858 11223.2423874003 134.641991817216
2.7757360975858 11278.3344663877 134.971697896058
2.77840609758581 10998.6107540267 133.287067307781
2.7810760975858 11720.8121153932 137.593151508215
2.78374609758581 11563.5032342973 136.666335257612
2.78641609758581 13192.3696854588 145.974538873097
2.7890860975858 11170.1602064335 134.321111323257
2.79175609758581 11513.0098933094 136.366559685781
2.7944260975858 11417.5493547739 135.799685366136
2.79709609758581 10565.7579171252 130.635590481173
2.79976609758581 9354.26553396955 122.91783475117
2.8024360975858 11319.2139200916 135.212631597723
2.80510609758581 11066.2697199443 133.693070816392
2.8077760975858 12282.7306489938 140.849360324336
2.8104460975858 12045.658858428 139.483178770491
2.81311609758581 12689.7270865826 143.163345665342
2.8157860975858 10093.2958859419 127.679549647774
2.81845609758581 10063.1978574286 127.488786466223
2.8211260975858 10979.3695155223 133.165530591552
2.8237960975858 10108.4674285427 127.774715501245
2.82646609758581 10838.480200879 132.30784644072
2.8291360975858 12172.154362343 140.211705982102
2.83180609758581 10896.4422744148 132.66062855528
2.83447609758581 9977.36741799686 126.942431824909
2.8371460975858 11070.3802765773 133.714727133046
2.83981609758581 11167.1750514931 134.297762252407
2.8424860975858 9167.19156694151 121.678657466821
2.84515609758581 8771.82481946311 119.025598078763
2.84782609758581 10451.7396903396 129.923835033716
2.8504960975858 9337.34009133372 122.801951738589
2.85316609758581 8427.76216015324 116.667249074751
2.8558360975858 10287.8503562367 128.900405343281
2.8585060975858 10010.9734103808 127.153775310642
2.86117609758581 11346.3296204757 135.368602352858
2.8638460975858 9919.46160346399 126.570774862358
2.86651609758581 10443.5913220027 129.87138271924
2.8691860975858 11011.0883811297 133.353001714114
2.8718560975858 9661.14416240763 124.911117725398
2.87452609758581 9660.78705070474 124.908562215265
2.8771960975858 10885.8668041922 132.591781055478
2.87986609758581 9159.16317183281 121.621998615126
2.88253609758581 8920.44736096655 120.026376915777
2.8852060975858 8330.29895354034 115.987934502672
2.88787609758581 8096.85701232296 114.350981708649
2.8905460975858 8340.17865550943 116.056235925388
2.89321609758581 8895.72964483807 119.859022993301
2.89588609758581 9006.37879447823 120.601911546844
2.8985560975858 8454.03173209052 116.845008739563
2.90122609758581 8296.89356522334 115.753833436333
2.9038960975858 10540.9220696473 130.471748103527
2.9065660975858 9516.2749008377 123.968180332921
2.90923609758581 9242.00813981451 122.168563433468
2.9119060975858 9786.35597004348 125.714784436404
2.91457609758581 9867.04522037574 126.231855727038
2.91724609758581 8529.36788077433 117.363590556086
2.9199160975858 9206.80318333894 121.935159553033
2.92258609758581 10235.3818662409 128.565991440146
2.9252560975858 8123.51176692598 114.536930977132
2.92792609758581 7641.49703767996 111.086789753916
2.93059609758581 7704.98950312106 111.547225989152
2.9332660975858 7561.11879458742 110.500778163413
2.93593609758581 8919.21357614466 120.014893566632
2.9386060975858 7593.44782354424 110.736533958433
2.9412760975858 8021.36451482526 113.813846853536
2.94394609758581 6374.3681243814 101.45865565413
2.9466160975858 6727.18355173132 104.228557884743
2.94928609758581 7577.7887557222 110.621844130275
2.9519560975858 7473.83101481262 109.8603152393
2.9546260975858 7281.02100070012 108.433856151345
2.95729609758581 6843.73217071593 105.127132879056
2.9599660975858 6566.50427120544 102.975756224276
2.96263609758581 8433.58792263277 116.700742646799
2.96530609758581 6020.20280417282 98.5990087876381
2.9679760975858 5440.27771415785 93.7296682890781
2.97064609758581 6401.31936145361 101.67187885863
2.9733160975858 7685.99948439819 111.407860560538
2.97598609758581 6973.40558143927 106.117663261557
2.97865609758581 5988.13474664006 98.3355507959115
2.9813260975858 5371.81872708289 93.1375916598023
2.98399609758581 8377.40082574871 116.310395857475
2.9866660975858 8623.54725399674 118.006632375584
2.9893360975858 7846.72157348119 112.56597083426
2.99200609758581 7621.38631270227 110.937798846335
2.9946760975858 9525.29239232962 124.022725638881
2.99734609758581 6931.27623316211 105.795762772075
