-0.195996277011745 280.684621411683 21.5928469627332
-0.193326277011745 170.444371206069 16.8320608406181
-0.190656277011745 374.431710367054 24.9561471133554
-0.187986277011745 615.490317194347 32.0071501626887
-0.185316277011745 215.541004068189 18.9472601133691
-0.182646277011745 1190.17864674002 44.5381853555669
-0.179976277011745 76.9150977726795 11.3260146101542
-0.177306277011745 650.39021330613 32.9460307592524
-0.174636277011745 942.260616493849 39.66854811592
-0.169296277011744 516.400156574973 29.3861742483452
-0.166626277011745 312.506372068823 22.8677640096905
-0.163956277011745 612.621830220175 32.0283671127731
-0.161286277011745 1294.11869663796 46.5660954457962
-0.158616277011745 1089.58243098475 42.7422049991416
-0.155946277011744 520.806242133451 29.560309763713
-0.153276277011745 455.244599507776 27.6463122884258
-0.150606277011745 534.209403576006 29.9581088886693
-0.139926277011745 182.48675878316 17.532693831759
-0.137256277011745 162.651773617187 16.5579176994902
-0.131916277011745 109.071635449184 13.5680877148344
-0.126576277011745 416.455585006502 26.5297471066936
-0.123906277011745 162.491504993078 16.5770394706138
-0.121236277011745 857.72469381415 38.0985441175114
-0.118566277011745 33.0403157313137 7.47995880580854
-0.115896277011745 72.3707336693611 11.0739152160871
-0.110556277011745 539.181167123516 30.2462803024671
-0.107886277011745 526.021648633515 29.8846888732422
-0.105216277011745 162.386945146982 16.6098116172283
-0.102546277011745 82.6472574028537 11.853469926883
-0.0998762770117445 285.839989091836 22.0519473161907
-0.0972062770117446 537.643769533214 30.2544976491684
-0.0945362770117446 303.752217276779 22.748849464386
-0.0918662770117446 41.2397314352849 8.38522228820218
-0.0891962770117446 585.457433150337 31.6053913293899
-0.0865262770117445 1310.31734211108 47.2997107746778
-0.0838562770117446 1060.1522687594 42.5609175347672
-0.0811862770117446 537.492060931059 30.3158249186342
-0.0785162770117446 1685.5418550787 53.7043576159706
-0.0758462770117446 1764.81426465319 54.9725063118915
-0.0731762770117446 1473.62645099639 50.2511385947669
-0.0705062770117446 765.747194486695 36.2368939069329
-0.0678362770117446 825.611689681058 37.6402168634293
-0.0651662770117446 400.405220231362 26.2222465648174
-0.0624962770117446 489.416880148439 29.001150203184
-0.0598262770117445 1794.14156682521 55.5468853782114
-0.0571562770117446 2905.7862291431 70.7161624903936
-0.0544862770117446 1431.26690118893 49.6480909080606
-0.0518162770117446 3331.19017936886 75.7699894916258
-0.0491462770117446 5046.98675855678 93.2972319610322
-0.0464762770117446 5078.45885770396 93.6210909392004
-0.0438062770117445 4354.42242773347 86.7217331795951
-0.0411362770117446 5093.59907316594 93.8274427186277
-0.0384662770117446 5533.18694635063 97.8272608141856
-0.0357962770117446 6491.93324815488 106.00195006834
-0.0331262770117446 7762.47784353682 115.952874491937
-0.0304562770117446 8835.663095105 123.752874993694
-0.0277862770117446 8666.61435792724 122.606851546699
-0.0251162770117445 8669.25263695417 122.669050942631
-0.0224462770117446 8104.46294993103 118.647982630522
-0.0197762770117446 8906.47361219917 124.424264817226
-0.0171062770117445 10528.9600149523 135.331461671766
-0.0144362770117446 10941.3798350197 138.005316260435
-0.0117662770117446 12080.5594307632 145.063088058615
-0.00909627701174455 12562.376799327 147.979931014073
-0.00642627701174455 12740.5428573089 149.078250778806
-0.00375627701174455 12227.9387340732 146.100011292545
-0.00108627701174455 11298.6086052371 140.488021798021
0.00158372298825545 11660.5508381014 142.766869686502
0.00425372298825545 13261.7102685434 152.284071286685
0.00692372298825545 12535.1642440064 148.083441301283
0.00959372298825545 11743.5759075281 143.360135151736
0.0122637229882554 12200.6847039278 146.152762153077
0.0149337229882554 11897.6712664558 144.355247921833
0.0176037229882554 10341.9492348715 134.613752061926
0.0202737229882555 10357.5455126318 134.742081936304
0.0229437229882554 11068.0472449275 139.314684458781
0.0256137229882555 10873.4951705337 138.112347523377
0.0282837229882555 11699.1431206133 143.288536621644
0.0309537229882554 13689.6764244833 155.030616363145
0.0336237229882554 12736.9244016884 149.568312947832
0.0362937229882555 13139.9795278103 151.946621044478
0.0389637229882554 12728.1056837991 149.576011163155
0.0416337229882554 13208.966072546 152.405555324017
0.0443037229882555 12840.9896645293 150.297557740016
0.0469737229882555 11109.1230589441 139.82306564311
0.0496437229882555 9450.69273597069 128.990276668459
0.0523137229882554 8593.75266640123 123.027660322719
0.0549837229882554 8778.36266200444 124.36674053876
0.0576537229882554 8178.06532272063 120.06291939896
0.0603237229882555 8906.29564194988 125.319383596441
0.0629937229882555 7213.59448276008 112.805846614088
0.0656637229882554 6731.65147610646 108.993995928726
0.0683337229882554 6299.76229980154 105.460500378651
0.0710037229882555 6695.61983337582 108.744947526302
0.0736737229882554 6074.33053804107 103.597391225652
0.0763437229882555 5148.80041580038 95.3978348596664
0.0790137229882554 4988.20043414086 93.9167993979887
0.0816837229882554 6293.14024766622 105.509327197387
0.0843537229882555 7118.13197159844 112.234388568369
0.0870237229882554 7837.56698426501 117.79295172567
0.0896937229882555 7034.56065384775 111.617649374216
0.0923637229882554 7723.95023741435 116.982202435017
0.0950337229882555 8671.12631891285 123.971957837344
0.0977037229882554 9166.69867016261 127.490490109211
0.100373722988256 9236.0433805155 127.987634755335
0.103043722988255 10127.7574876506 133.994712090595
0.105713722988256 12195.9193951691 147.009102786514
0.108383722988255 12483.5110643488 148.700089548565
0.111053722988255 12260.8054751552 147.335776237076
0.113723722988256 12851.4591362394 150.810212911224
0.116393722988255 15136.0578403194 163.631420492617
0.119063722988256 16695.3306705146 171.815982876872
0.121733722988255 19686.2269328432 186.531845876519
0.124403722988255 21103.6964074206 193.088613836899
0.127073722988256 22632.8075474001 199.918152130208
0.129743722988256 25735.3318725701 213.134361993536
0.132413722988255 27084.6179735299 218.602676932579
0.135083722988255 29207.8016790838 226.959854916242
0.137753722988255 32669.4865513695 239.9806436625
0.140423722988256 37874.1483458378 258.334200645747
0.143093722988256 43815.1873985096 277.797396988218
0.145763722988255 52112.9898857158 302.896431391459
0.148433722988255 60171.2820860613 325.402644978486
0.151103722988256 67909.4794888287 345.618427884801
0.153773722988256 76133.5517003621 365.86843008475
0.156443722988256 83044.7353750244 382.030559982783
0.159113722988255 87756.5775188134 392.633191604733
0.161783722988255 92502.7888607091 403.0228432089
0.164453722988256 98809.5815418409 416.44419780801
0.167123722988256 100984.369020131 420.910110960273
0.169793722988256 102753.782381151 424.488708106884
0.172463722988255 105420.447711469 429.867461732775
0.175133722988255 107204.552438899 433.394732633742
0.177803722988256 107933.602371068 434.770610355433
0.180473722988256 109563.757369703 437.945519941753
0.183143722988255 108942.843311649 436.607032604726
0.185813722988255 108876.51536532 436.378337164068
0.188483722988255 109316.135864216 437.162472529483
0.191153722988256 108024.773009185 434.477247115244
0.193823722988256 107937.732853235 434.206759443618
0.196493722988255 107590.722928256 433.412948647103
0.199163722988255 107970.192456333 434.081123386394
0.201833722988255 108034.125282552 434.077045092149
0.204503722988256 107514.560890927 432.780852566547
0.207173722988256 106182.662309751 429.842113626235
0.209843722988255 105150.343952313 427.498874926338
0.212513722988255 104028.704233104 424.965228900856
0.215183722988255 102558.21239329 421.705149566649
0.217853722988256 101183.275217047 418.624493253838
0.220523722988256 100919.492168845 417.834297408559
0.223193722988255 98961.3712111689 413.518936125511
0.225863722988255 95207.3782686005 405.362479357641
0.228533722988255 90724.9316377835 395.473116215541
0.231203722988256 82809.8926898829 377.60683773179
0.233873722988256 73050.3984960153 354.449878583256
0.236543722988255 65082.2887623832 334.363947522422
0.239213722988255 56869.7692518017 312.372623575903
0.241883722988256 50087.8399508794 292.982903707165
0.244553722988256 44237.5616474945 275.179014305509
0.247223722988256 40680.0562323501 263.726506748959
0.249893722988255 37684.5348350665 253.680786386455
0.252563722988256 35123.3030161153 244.76332960107
0.255233722988255 34173.239975035 241.28711538221
0.257903722988255 33837.629175434 239.956813790457
0.260573722988255 33904.1699588058 240.049853247614
0.263243722988255 34634.3801106581 242.476721810376
0.265913722988255 34611.7740377079 242.253142786783
0.268583722988256 35960.568539223 246.780933902113
0.271253722988256 36716.7903256771 249.213297977978
0.273923722988256 39896.4666389973 259.624871028156
0.276593722988256 41567.0526991839 264.846110827614
0.279263722988256 42983.2074759216 269.158431876698
0.281933722988255 47044.8643322925 281.41936094089
0.284603722988255 49741.270416913 289.197988775011
0.287273722988255 54495.6569523531 302.521631087235
0.289943722988255 59419.0056687362 315.701407016257
0.292613722988255 66893.2008881075 334.767154696388
0.295283722988256 72575.2847856964 348.484876068754
0.297953722988256 76716.2767624501 358.072287105885
0.300623722988256 82808.6941063888 371.789076001885
0.303293722988256 88395.1358365209 383.874939701787
0.305963722988256 92251.6503191167 391.903552581117
0.308633722988255 96250.358830112 400.045590029773
0.311303722988255 99159.1332049679 405.779851035533
0.313973722988255 102725.367744766 412.741754825928
0.316643722988255 105900.616034581 418.7972876104
0.319313722988255 108728.815819889 424.073988387385
0.321983722988256 108740.949953726 423.818763766383
0.324653722988256 109969.590581498 425.925713979229
0.327323722988256 112436.613704696 430.392796855357
0.329993722988256 114498.513410806 434.034469382126
0.332663722988255 116113.052950267 436.794962283504
0.335333722988255 114480.227132616 433.425802122578
0.338003722988255 114864.58460182 433.865016854826
0.340673722988255 116469.395986035 436.595374277576
0.343343722988255 116201.685775545 435.803493350669
0.346013722988256 117108.109751365 437.208773597905
0.348683722988256 117014.408520018 436.742603237572
0.351353722988256 117582.761828028 437.509849049246
0.354023722988256 118087.155387696 438.154288578816
0.356693722988256 116946.425000373 435.7411282379
0.359363722988255 115124.757148732 432.044414148845
0.362033722988255 113580.976550736 428.849977992311
0.364703722988255 109893.919267674 421.548544750671
0.367373722988255 106576.988655209 414.858758397177
0.370043722988255 101884.590369822 405.349999030627
0.372713722988256 97897.3968767354 397.071288651821
0.375383722988256 94294.5250426116 389.432995306704
0.378053722988256 88017.4125033272 375.993208963673
0.380723722988256 84680.3134016106 368.546871223898
0.383393722988256 80661.5782162457 359.451463876906
0.386063722988255 76116.9713222601 348.941519069229
0.388733722988255 71854.383886689 338.799787951889
0.391403722988255 65469.9334356384 323.177888718579
0.394073722988255 61608.5396526803 313.288849867971
0.396743722988255 56919.542662245 300.925207595572
0.399413722988256 51464.8851710163 285.947532248839
0.402083722988256 47989.6671877801 275.956247979724
0.404753722988256 45459.0613556848 268.443682257166
0.407423722988256 41865.1225759626 257.481186530318
0.410093722988256 39803.3600461815 250.931578217929
0.412763722988255 37421.318343927 243.181701920717
0.415433722988255 35689.9597112519 237.366841219789
0.418103722988255 33715.061989964 230.586799058899
0.420773722988255 31857.536625605 224.028752317593
0.423443722988255 31419.247788494 222.367098152982
0.426113722988256 28610.3824191418 212.084635579963
0.428783722988256 26904.8687037054 205.559389596291
0.431453722988256 25811.0313179093 201.232827908261
0.434123722988256 25565.0164888204 200.167343597901
0.436793722988255 23962.9966228976 193.693278735211
0.439463722988255 23646.5961642747 192.310000570749
0.442133722988255 23328.7456537716 190.91347117009
0.444803722988255 23385.7300077908 191.046654429775
0.447473722988255 23572.2889127967 191.706881536755
0.450143722988256 23647.4266336087 191.911669855884
0.452813722988256 23575.5525946293 191.519394109937
0.455483722988256 23080.9287831098 189.4002717763
0.458153722988256 24417.7392248905 194.705662685756
0.460823722988256 24840.3631835825 196.280197805004
0.463493722988255 25403.5238518799 198.388236782102
0.466163722988255 25826.402196253 199.927285264543
0.468833722988255 25717.4214150148 199.399819828912
0.471503722988255 26643.2536219905 202.850169707371
0.474173722988255 29420.2716879829 213.047056401594
0.476843722988256 30930.3839621198 218.330829090146
0.479513722988256 32007.0263597756 221.980608939545
0.482183722988256 34231.4563750645 229.442985651825
0.484853722988256 36250.0776651902 235.985894957515
0.487523722988256 37407.0877613741 239.59500357518
0.490193722988255 38849.2084989539 244.039925017838
0.492863722988255 39971.9038911294 247.409262117921
0.495533722988255 40707.0482247899 249.540957683857
0.498203722988255 41719.3243278617 252.489843118595
0.500873722988255 42913.2110489859 255.943532039059
0.503543722988255 44890.8657744188 261.684532377446
0.506213722988256 46623.6806189697 266.595397013495
0.508883722988255 47910.3167736634 270.15567424031
0.511553722988255 47319.5593844166 268.392279307074
0.514223722988255 48527.1714228383 271.701576176241
0.516893722988255 49648.2866452213 274.727221946749
0.519563722988255 50835.8187989055 277.897258341131
0.522233722988255 51241.3515269781 278.906941756848
0.524903722988255 49158.8317654857 273.085972944385
0.527573722988255 48640.0164818047 271.546962806874
0.530243722988256 49883.6592985102 274.901188376355
0.532913722988255 48532.4974146869 271.058513746594
0.535583722988255 47468.7839233946 267.978497927066
0.538253722988255 47534.5855570371 268.070984571909
0.540923722988255 46990.3301305885 266.439220655693
0.543593722988255 45891.0232506446 263.212569722665
0.546263722988255 46271.5135726585 264.209451798589
0.548933722988255 44328.5839600278 258.512807010473
0.551603722988255 42604.5654996275 253.347565909716
0.554273722988256 41593.8010789376 250.236926297296
0.556943722988255 40611.5992703839 247.178366437565
0.559613722988256 38673.2247425408 241.123100304336
0.562283722988255 37490.2602258084 237.323618162045
0.564953722988255 36293.5572074572 233.423460414223
0.567623722988255 35074.121544162 229.388177608662
0.570293722988255 33643.6676801693 224.583106816419
0.572963722988255 31317.4972651475 216.604075528972
0.575633722988255 29849.8484251297 211.39355363988
0.578303722988255 29547.6657820289 210.246962954918
0.580973722988255 27728.5072164389 203.600456442806
0.583643722988256 26159.84618098 197.688018570803
0.586313722988255 25676.4272326836 195.784000206533
0.588983722988255 23926.8911597699 188.929630774473
0.591653722988255 22728.5490744241 184.072845126449
0.594323722988255 22435.1194466033 182.816286876108
0.596993722988255 20892.1768800891 176.355598754446
0.599663722988255 21383.5568206127 178.354463646877
0.602333722988255 22036.9169504334 181.019939305162
0.605003722988255 20692.2097799524 175.37279133185
0.607673722988256 20699.5630388597 175.366691491416
0.610343722988255 20592.7149947563 174.876328364917
0.613013722988256 21057.1342667131 176.799697749376
0.615683722988255 19862.9445482264 171.676687075822
0.618353722988255 21158.9287263071 177.15113171202
0.621023722988255 20735.1732011782 175.330904035885
0.623693722988255 21693.5551476806 179.298852139827
0.626363722988255 23185.8379430189 185.323719697907
0.629033722988255 24726.8738901096 191.34258825761
0.631703722988256 24175.7794360962 189.157979806403
0.634373722988255 24490.7893239113 190.345740968182
0.637043722988256 25039.7761079397 192.426243436037
0.639713722988255 27332.9762141688 201.001737417849
0.642383722988255 27649.3360020684 202.118437353452
0.645053722988255 26583.8118834649 198.143301861945
0.647723722988255 26690.5654456819 198.498306231875
0.650393722988255 28109.0553472439 203.661132046418
0.653063722988255 28975.6458800213 206.732454575489
0.655733722988255 30465.0121080613 211.933595705454
0.658403722988255 32020.570177191 217.230424144747
0.661073722988256 32501.5336974752 218.808907694274
0.663743722988255 33705.3635714118 222.776557977458
0.666413722988255 33585.694500613 222.333046638312
0.669083722988255 33785.0829907143 222.944200109343
0.671753722988255 34440.1301678858 225.046812881344
0.674423722988255 35702.8137300632 229.085946524148
0.677093722988255 35461.1146803153 228.260165758136
0.679763722988255 35394.598491624 227.996984360944
0.682433722988255 36006.3634873603 229.909474710342
0.685103722988256 36491.4191832014 231.403117734554
0.687773722988255 36811.5911131332 232.366049334462
0.690443722988256 36413.6716715255 231.056997578724
0.693113722988255 35513.6277829802 228.134453649785
0.695783722988255 35648.1315345684 228.516821660411
0.698453722988255 35551.820836733 228.15873632439
0.701123722988255 35700.2314703502 228.593914470323
0.703793722988255 35624.0529533774 228.319710286994
0.706463722988255 35764.1089006918 228.737843436324
0.709133722988255 34348.9817439258 224.137133464864
0.711803722988255 33040.8561582917 219.798676268924
0.714473722988256 33028.8975561853 219.729818448079
0.717143722988255 31931.5237771123 216.020166235521
0.719813722988255 31917.8767249771 215.945407157315
0.722483722988255 32444.3662744849 217.690315488873
0.725153722988255 31440.708026001 214.268382061045
0.727823722988255 29788.9064381433 208.536301585845
0.730493722988255 28007.5821751708 202.178344607094
0.733163722988255 27716.9915447638 201.100104530686
0.735833722988255 28222.6610354653 202.899343143728
0.738503722988256 26592.9121572495 196.927789016127
0.741173722988255 25177.0661229125 191.588304759642
0.743843722988256 23893.6039357072 186.616323115821
0.746513722988255 23750.0411376401 186.030147127438
0.749183722988255 23232.5028263918 183.967657668994
0.751853722988255 21862.296125268 178.436494844963
0.754523722988255 20918.6776024034 174.520003476849
0.757193722988255 21212.7525321174 175.719071373917
0.759863722988255 20386.1032255563 172.238314908394
0.762533722988256 18569.4038869071 164.362938101716
0.765203722988255 18028.4384235776 161.929588150484
0.767873722988256 17519.9993138041 159.60864987257
0.770543722988255 19509.9727554355 168.406916180526
0.773213722988255 18826.8097585652 165.41014934675
0.775883722988255 17924.2665972223 161.375151718191
0.778553722988255 16611.9363460704 155.334620040585
0.781223722988255 16246.858629424 153.597794502671
0.783893722988255 15741.9387220332 151.172056461331
0.786563722988255 16789.4480262263 156.099941146873
0.789233722988255 16318.3434584575 153.873795855839
0.791903722988256 15457.3580140241 149.739490983143
0.794573722988255 17228.0943827489 158.062705828063
0.797243722988256 17979.7849231488 161.452618621611
0.799913722988255 16774.4072982422 155.927842107736
0.802583722988255 17145.2874968207 157.629344194423
0.805253722988255 17959.6752966768 161.316400635556
0.807923722988255 18480.7426792123 163.626479897398
0.810593722988255 19337.0958087084 167.360933908429
0.813263722988255 19318.4366391764 167.266526363848
0.815933722988256 19320.436303922 167.261539971517
0.818603722988255 20981.0118080274 174.287167411714
0.821273722988256 21028.4921197759 174.470027340271
0.823943722988255 21331.3167243851 175.707441484587
0.826613722988255 22256.9696140372 179.46464050727
0.829283722988255 22148.1758744928 179.010871482201
0.831953722988255 23116.6635312975 182.867927709443
0.834623722988255 23000.9310307997 182.394698958289
0.837293722988255 22652.8111995955 180.994379062535
0.839963722988256 22662.7110027002 181.019137121586
0.842633722988255 24239.2038134951 187.194142255441
0.845303722988256 24589.6389829526 188.527048766989
0.847973722988255 24175.8054323498 186.91862442924
0.850643722988255 23887.9222479784 185.787200488667
0.853313722988255 24530.7119203228 188.254850319399
0.855983722988255 23828.1353687138 185.524221507287
0.858653722988255 24226.5919696242 187.053670829138
0.861323722988255 25155.2558620974 190.589478236748
0.863993722988255 24802.6249952589 189.233424138605
0.866663722988255 23930.3185016045 185.860769494953
0.869333722988256 24591.4796662708 188.395395031715
0.872003722988255 24622.3982722814 188.498363398352
0.874673722988256 24563.0753467677 188.255740353392
0.877343722988255 24994.7650396776 189.887261173132
0.880013722988255 24678.7610644648 188.667639462216
0.882683722988255 23844.7015085072 185.436882012826
0.885353722988255 23446.2742874414 183.86603810349
0.888023722988255 23062.1202391378 182.338607547677
0.890693722988255 23774.2743283994 185.117325571129
0.893363722988256 23489.9780287311 183.992087393667
0.896033722988255 22599.3413965183 180.455505143232
0.898703722988256 21758.0425969043 177.05025336109
0.901373722988255 21415.1779940859 175.637772390484
0.904043722988255 22502.1719356495 180.030227311035
0.906713722988255 21273.706408 175.037427885619
0.909383722988255 19408.5386752624 167.179064232681
0.912053722988255 18917.8414418771 165.043106077847
0.914723722988255 19097.7291468317 165.816821688042
0.917393722988256 18354.7725222452 162.550513638479
0.920063722988255 17935.3503327775 160.673736576794
0.922733722988256 18096.2446493578 161.383937377477
0.925403722988255 17567.466847124 158.999867409844
0.928073722988256 16519.2378268416 154.174768309908
0.930743722988255 15797.426441468 150.760503977888
0.933413722988255 17053.9296213297 156.632813276086
0.936083722988255 16126.6687749953 152.306679864255
0.938753722988255 14964.3655065819 146.70734981535
0.941423722988255 15028.320018259 147.012422162515
0.944093722988255 15676.7223589974 150.142120132391
0.946763722988256 16085.9997234673 152.081025197663
0.949433722988255 16017.3245624305 151.747687197676
0.952103722988256 14509.3425562187 144.419902316155
0.954773722988255 13785.7468209812 140.764912062877
0.957443722988255 15057.5510894991 147.106722182188
0.960113722988255 14353.9483475999 143.620724988634
0.962783722988255 14196.0128362972 142.82054741357
0.965453722988255 14619.4558815366 144.926959175632
0.968123722988255 14420.8155443167 143.931071225634
0.970793722988256 14767.2178188915 145.641470689857
0.973463722988255 14373.1964045585 143.677400340748
0.976133722988256 14891.5853728495 146.237351337693
0.978803722988255 16570.3794858549 154.251761639317
0.981473722988256 17116.4594326775 156.764214604244
0.984143722988255 16696.4898284018 154.820550527261
0.986813722988255 17258.1486938064 157.394363206019
0.989483722988255 16820.6729284913 155.378099402637
0.992153722988255 17202.900437511 157.124897406525
0.994823722988255 17485.8257260239 158.402957841555
0.997493722988255 16375.8830894623 153.284633853107
1.00016372298825 16950.6087271119 155.942662661886
1.00283372298826 17138.4994963563 156.797592651719
1.00550372298826 16507.3937074318 153.877142760901
1.00817372298826 17320.6974206898 157.615676775788
1.01084372298825 19072.3870695459 165.386902296853
1.01351372298825 19471.5449487035 167.10161774423
1.01618372298826 18629.2853818255 163.440772660033
1.01885372298826 18542.5078534637 163.052853446737
1.02152372298826 18834.376152615 164.324244666361
1.02419372298825 19078.0686811113 165.376990502822
1.02686372298826 19576.9857452907 167.51845039573
1.02953372298826 18943.5286723367 164.779062316992
1.03220372298826 19415.240062593 166.811051853839
1.03487372298825 18823.2639501301 164.241443822199
1.03754372298825 19073.9427042558 165.324559063877
1.04021372298826 19878.7859581196 168.769479722513
1.04288372298826 19631.3784913105 167.70894463875
1.04555372298825 18666.3621244703 163.528146702838
1.04822372298825 18297.3616783974 161.896980838611
1.05089372298826 18941.7578903879 164.71626828328
1.05356372298826 18401.2815666934 162.342499519041
1.05623372298826 17755.6400085209 159.462363235942
1.05890372298825 18617.7784871327 163.281054249132
1.06157372298825 18461.0630276806 162.585590755453
1.06424372298826 18609.6471466682 163.231737367721
1.06691372298826 17921.1866655359 160.177218158994
1.06958372298825 17089.2251252605 156.408510626306
1.07225372298825 16277.6473044116 152.642981568369
1.07492372298826 15822.2688500999 150.486392087265
1.07759372298826 16146.7532449276 152.015292601697
1.08026372298826 16621.3968778627 154.226946117447
1.08293372298825 16007.4841816433 151.345621907546
1.08560372298826 14454.5384777597 143.811049990739
1.08827372298826 14632.9357705128 144.689726186834
1.09094372298826 14775.4971073116 145.386750525092
1.09361372298825 15230.9328141959 147.604244667302
1.09628372298825 15369.2649639208 148.2668152554
1.09895372298826 14975.1746848034 146.347454148058
1.10162372298826 14511.3035081307 144.058600544061
1.10429372298826 13935.1302420084 141.166018964063
1.10696372298825 14979.0867223949 146.354469816061
1.10963372298826 15183.3540358205 147.345152951822
1.11230372298826 13774.4575928747 140.338851638232
1.11497372298826 13474.9998826696 138.801359708695
1.11764372298825 13494.4014969997 138.897624676264
1.12031372298825 13070.7147192163 136.696168571194
1.12298372298826 11764.3271511642 129.681757926756
1.12565372298826 12030.7238616203 131.138402712286
1.12832372298826 13178.2798724296 137.246741028767
1.13099372298825 11952.9440563663 130.706982163007
1.13366372298826 12574.650842488 134.059618016361
1.13633372298826 12159.6048517717 131.825190185406
1.13900372298826 12387.3054627625 133.05027115984
1.14167372298825 12949.1197287854 136.03044785214
1.14434372298825 12877.7352796361 135.651442075361
1.14701372298826 12407.7546187375 133.149619427716
1.14968372298826 12605.2955713785 134.201852460736
1.15235372298826 13334.040115625 138.023022784483
1.15502372298825 13256.5909845357 137.618001129602
1.15769372298826 13573.2916811661 139.248513831766
1.16036372298826 13880.3269892163 140.810968805724
1.16303372298826 14426.9681036676 143.553185215498
1.16570372298825 15115.9995390223 146.937413686912
1.16837372298825 15603.0651889541 149.282045129152
1.17104372298826 15001.497719979 146.372194000286
1.17371372298826 14362.238784499 143.215822351679
1.17638372298825 15224.3606656248 147.447739243259
1.17905372298825 15163.1339029921 147.147106719264
1.18172372298826 15357.1428664964 148.08160391575
1.18439372298826 15095.659356999 146.81167574656
1.18706372298826 14373.9723485963 143.255600339997
1.18973372298825 13799.3337900575 140.359211559923
1.19240372298825 13653.8907509912 139.61392119787
1.19507372298826 14952.9157033571 146.100636496179
1.19774372298826 14617.8487611045 144.450666298776
1.20041372298825 15089.2084514181 146.757294753956
1.20308372298825 15230.3239476237 147.438241634527
1.20575372298826 15269.5286127592 147.624625027919
1.20842372298826 15360.4628402502 148.060278890403
1.21109372298826 14547.4444067144 144.085468975771
1.21376372298825 13818.5305096475 140.426212024204
1.21643372298826 13546.6524298631 139.034846760086
1.21910372298826 12773.295275141 135.004909572771
1.22177372298826 12734.0501337887 134.794378806623
1.22444372298825 12907.1095547387 135.70424065216
1.22711372298825 13673.6877619787 139.672905350653
1.22978372298826 13324.9092946956 137.877018880983
1.23245372298826 13875.8251495784 140.695296540523
1.23512372298826 15046.637078388 146.507652023487
1.23779372298825 15170.704852445 147.107183247382
1.24046372298826 15149.6216937048 147.001683646436
1.24313372298826 14576.0382278641 144.188816874988
1.24580372298826 14910.7149331225 145.831544814738
1.24847372298825 14566.0776217406 144.133179145735
1.25114372298825 13890.5607971468 140.748235405002
1.25381372298826 13521.7895785269 138.864286798375
1.25648372298826 13521.3813493448 138.85912495034
1.25915372298826 13319.6060779612 137.816112564192
1.26182372298825 13208.7062816849 137.238150822424
1.26449372298826 13340.4982110541 137.918063739176
1.26716372298826 12630.8414316994 134.196651306382
1.26983372298826 12615.4451271361 134.111875689347
1.27250372298825 12876.8599625697 135.491279181413
1.27517372298825 12250.9060779139 132.154169828439
1.27784372298826 11920.9117857412 130.359267498646
1.28051372298826 12085.0192476645 131.250587416168
1.28318372298826 12463.6803660259 133.288027751416
1.28585372298825 12511.1561354785 133.538692516418
1.28852372298826 12756.7422123954 134.839984640586
1.29119372298826 12252.9786639957 132.147834217026
1.29386372298826 10591.2592425247 122.85799301693
1.29653372298825 11099.0109862684 125.765685870866
1.29920372298825 11239.0582200382 126.553857855069
1.30187372298826 10076.6350560714 119.828613267142
1.30454372298826 11161.350452555 126.111276736679
1.30721372298826 10833.0629607612 124.240721634211
1.30988372298825 11469.2205061227 127.834496191662
1.31255372298826 10946.7213282522 124.886623838657
1.31522372298826 12083.3939370512 131.208249650852
1.31789372298826 11762.650860583 129.452981853685
1.32056372298825 12459.8775946707 133.232176775161
1.32323372298826 12873.5469770282 135.423528962987
1.32590372298826 12165.5420201666 131.644744845266
1.32857372298826 11474.0771830327 127.846681208057
1.33124372298825 12592.0424560981 133.928018730734
1.33391372298825 11441.6586992059 127.66170134662
1.33658372298826 11742.6216216039 129.327667817687
1.33925372298826 13117.3234374884 136.686085058834
1.34192372298826 12831.8598768307 135.18835196373
1.34459372298825 12107.0678540134 131.31270140187
1.34726372298826 11877.2974095648 130.058530066704
1.34993372298826 12267.0029791825 132.172784248408
1.35260372298826 11888.1814264638 130.113779652323
1.35527372298825 11618.7847329865 128.628945867823
1.35794372298825 12480.5518609011 133.311627196192
1.36061372298826 12793.120534504 134.968417986599
1.36328372298826 12768.1695152093 134.834493458242
1.36595372298826 12708.1014519452 134.514716557743
1.36862372298825 13521.8305446217 138.752234150642
1.37129372298826 12669.2162990438 134.304291881463
1.37396372298826 13418.6337155701 138.217152197412
1.37663372298826 13052.5649531057 136.316522426736
1.37930372298825 13260.8968697377 137.397803685465
1.38197372298825 12527.0441572406 133.539707521505
1.38464372298826 12968.327160533 135.869153678634
1.38731372298826 12929.9662375905 135.665793975676
1.38998372298826 12454.3326094333 133.144940970992
1.39265372298825 12209.4314961788 131.82717170069
1.39532372298826 12216.4722694624 131.862982253085
1.39799372298826 12921.1845038434 135.61068952802
1.40066372298826 11942.6738792696 130.372645503345
1.40333372298825 10699.5607808566 123.399202067644
1.40600372298825 11696.948424319 129.020686477139
1.40867372298826 12771.5577475212 134.815144273309
1.41134372298826 13788.3027410395 140.076678238118
1.41401372298826 14027.5145881552 141.284486541038
1.41668372298825 13153.0466480731 136.807837156915
1.41935372298826 12410.108844845 132.886014306811
1.42202372298826 11614.519466876 128.554056974479
1.42469372298826 11884.4994128451 130.037704270202
1.42736372298825 12535.1521554623 133.547983531662
1.43003372298825 11791.9627359757 129.526688314657
1.43270372298826 12205.2647305245 131.775143313345
1.43537372298826 10186.6524456383 120.384153217417
1.43804372298826 10359.215387701 121.39776510265
1.44071372298825 12457.1528293187 133.12215470551
1.44338372298826 11166.5142135306 126.035658734393
1.44605372298826 11196.5390383185 126.203152959027
1.44872372298826 12497.4762402217 133.331617327799
1.45139372298825 12673.8370321893 134.267136804167
1.45406372298826 12188.4058771073 131.668777638235
1.45673372298826 10559.6111366425 122.553859708406
1.45940372298826 10283.6171453213 120.939915661093
1.46207372298825 9646.5006702362 117.131927925389
1.46474372298825 9500.97321655012 116.243350580362
1.46741372298826 9908.92012124926 118.710987193328
1.47008372298826 9519.76383032383 116.354857894613
1.47275372298826 8904.31577545906 112.529240922985
1.47542372298825 10163.6872064348 120.222135461317
1.47809372298826 10176.4883362402 120.29607058538
1.48076372298826 9735.72811727532 117.660413376357
1.48343372298826 9628.21931814463 117.007262199324
1.48610372298825 9659.49690039814 117.195453279941
1.48877372298825 8323.54156635294 108.788068103412
1.49144372298826 8246.88433802202 108.284381071225
1.49411372298826 9989.46184022205 119.175118169436
1.49678372298826 10784.9535695671 123.827573657584
1.49945372298825 10169.9821368267 120.243607255443
1.50212372298826 9567.91247106685 116.628563370384
1.50479372298826 8998.79743492151 113.105508757583
1.50746372298826 8939.66110256079 112.732006659096
1.51013372298825 9215.06266511328 114.454018831584
1.51280372298825 9215.48375091845 114.455366197876
1.51547372298826 9873.04464019028 118.467120022523
1.51814372298826 10599.5088921724 122.746846120833
1.52081372298826 11664.3640819297 128.763624703123
1.52348372298825 11418.7120091006 127.399114600177
1.52615372298826 10479.7454695222 122.047364822135
1.52882372298826 10376.0729090451 121.440832665072
1.53149372298826 10494.2088870157 122.128850832519
1.53416372298825 12226.263348884 131.821266737394
1.53683372298825 11810.8941113486 129.561266518856
1.53950372298826 11613.7789800094 128.474153329599
1.54217372298826 11269.5189961339 126.554288004778
1.54484372298826 10560.7850344244 122.508850532599
1.54751372298825 10998.1277485948 125.018398838959
1.55018372298826 10923.5856358453 124.592629022871
1.55285372298826 10847.1017580664 124.154306052234
1.55552372298826 11287.3623072988 126.647421116154
1.55819372298825 11434.2132645915 127.467201312878
1.56086372298825 10102.0640404387 119.810685577044
1.56353372298826 9881.83562093377 118.496219652401
1.56620372298826 10143.4009133074 120.052903026109
1.56887372298826 10839.9828721008 124.105307971301
1.57154372298825 11774.8037239269 129.34453525128
1.57421372298826 11225.988858855 126.292842333328
1.57688372298826 10983.3044466454 124.918894644767
1.57955372298826 11948.5927663313 130.291231498731
1.58222372298825 11880.9293324092 129.920356285301
1.58489372298826 11224.4071520885 126.278347409671
1.58756372298826 11036.4153211938 125.215008882879
1.59023372298826 10799.1879318395 123.860579469815
1.59290372298825 11382.8898796595 127.162486713191
1.59557372298825 11961.1501678704 130.351010779392
1.59824372298826 11757.2457610742 129.233741110275
1.60091372298826 10397.201603148 121.528121717929
1.60358372298826 9759.69712755674 117.742234914827
1.60625372298825 10173.0602228733 120.208579242763
1.60892372298826 9834.89786621961 118.192558837147
1.61159372298826 9663.12988386487 117.154686966116
1.61426372298826 9390.19857764924 115.487159339571
1.61693372298825 8400.17400002334 109.228508401152
1.61960372298825 9027.0629106472 113.2297758945
1.62227372298826 10688.413200191 123.208191146756
1.62494372298826 11118.5358342753 125.66152192874
1.62761372298826 10119.7989025536 119.883663873144
1.63028372298825 9555.8021334726 116.493901685384
1.63295372298826 9068.43047664945 113.483110634958
1.63562372298826 9155.9470836348 114.02822270202
1.63829372298826 9257.21979605016 114.655939272496
1.64096372298825 8018.15276048672 106.706034907634
1.64363372298825 8387.38815864947 109.134167676782
1.64630372298826 9057.6649213535 113.409920231885
1.64897372298826 8810.3175348458 111.849552418519
1.65164372298826 9671.53819583453 117.187636605765
1.65431372298825 9510.2464809555 116.205171619744
1.65698372298826 9281.24688320021 114.796403591183
1.65965372298826 7831.80186299608 105.451197396927
1.66232372298826 9407.48559668641 115.572098857886
1.66499372298825 9010.30583263691 113.104929952042
1.66766372298825 9370.27082565357 115.340914417457
1.67033372298826 9855.71950530435 118.289728605957
1.67300372298826 9690.29335565778 117.291591622131
1.67567372298826 10166.9043357926 120.140195705748
1.67834372298825 10572.9075115272 122.51428568472
1.68101372298826 10355.6300994262 121.24764981891
1.68368372298826 9898.88802179952 118.542428313996
1.68635372298826 10707.1433209887 123.285775279226
1.68902372298825 10843.4835260071 124.066954992888
1.69169372298825 10962.7329224964 124.746013835605
1.69436372298826 10009.8585530439 119.200143701422
1.69703372298826 10040.022196629 119.378383453661
1.69970372298826 10564.9203457975 122.45796259957
1.70237372298825 10201.4474974344 120.331860785887
1.70504372298826 10272.0708349777 120.746500575682
1.70771372298826 9945.90513337278 118.812880083295
1.71038372298826 9838.47306070669 118.168312756414
1.71305372298825 9663.32255731864 117.110608941043
1.71572372298826 10140.8318053393 119.968052164846
1.71839372298826 9991.17775591762 119.078396350751
1.72106372298826 10118.4502945651 119.833281555147
1.72373372298826 8881.37338876485 112.268089459026
1.72640372298825 9786.27586692453 117.847618603774
1.72907372298826 9474.97585224575 115.95699608185
1.73174372298826 10212.1135365902 120.381994336054
1.73441372298826 10231.0804048438 120.492573903323
1.73708372298825 10735.5345335809 123.426150902788
1.73975372298826 9703.12952632084 117.340268953058
1.74242372298826 9696.72116624461 117.300384203682
1.74509372298826 10079.9518565348 119.594725316376
1.74776372298825 9575.52943682797 116.562810504838
1.75043372298825 9782.7590627429 117.81622602689
1.75310372298826 9820.19110539516 118.040275262415
1.75577372298826 10179.2503484135 120.177719115764
1.75844372298826 10429.6514713906 121.645703057495
1.76111372298825 11189.3605181801 125.997034541784
1.76378372298826 10906.1148294903 124.390879520506
1.76645372298826 10404.3497192647 121.494548540677
1.76912372298826 9109.43515245937 113.681778731192
1.77179372298825 9049.37795240239 113.305323357845
1.77446372298825 9174.01276416553 114.08181866369
1.77713372298826 9187.16528403495 114.162467157506
1.77980372298826 9923.75171491538 118.64961700405
1.78247372298826 10323.248321166 121.013103090549
1.78514372298825 10187.2639020702 120.212271469906
1.78781372298826 9640.86774609191 116.942911524918
1.79048372298826 8892.61958035055 112.312090530204
1.79315372298826 9115.78933516963 113.711557641195
1.79582372298825 9084.95760695951 113.518001169583
1.79849372298825 8593.73460283047 110.405336521742
1.80116372298826 7865.80313205677 105.625000658605
1.80383372298826 9387.76562069784 115.391183335997
1.80650372298826 9481.51908222063 115.964961760968
1.80917372298825 8825.90556890032 111.882918114885
1.81184372298826 7787.09760363271 105.091665605041
1.81451372298826 7894.44925334888 105.812677538022
1.81718372298826 7815.43029737743 105.280890998064
1.81985372298825 7254.88915854736 101.434294898288
1.82252372298826 7390.75357989566 102.378816345276
1.82519372298826 7925.42215148369 106.016451599495
1.82786372298826 8339.36984901437 108.748931490855
1.83053372298826 8088.63978980073 107.100734091814
1.83320372298825 7796.5693707777 105.148429979093
1.83587372298826 8780.40438175479 111.584686189255
1.83854372298826 9084.25255928573 113.498012407744
1.84121372298826 9046.03542902455 113.258059669229
1.84388372298825 8625.09038138299 110.590576197586
1.84655372298826 8536.18298882358 110.018183536828
1.84922372298826 7766.5524624651 104.94048586145
1.85189372298826 7532.0810974441 103.343399251243
1.85456372298826 7631.04411165506 104.019209561437
1.85723372298825 8726.84581732735 111.236300608462
1.85990372298826 8842.69149956822 111.971227862153
1.86257372298826 8486.61916300595 109.692738471802
1.86524372298826 7750.43457624585 104.826205944868
1.86791372298825 7873.77072883773 105.656091372208
1.87058372298826 8486.67401657954 109.690303063783
1.87325372298826 8775.31978568421 111.53913440208
1.87592372298826 8628.15371091651 110.598961367742
1.87859372298825 7838.66147573773 105.416692086586
1.88126372298825 9190.13210406675 114.142038483317
1.88393372298826 9924.33096170196 118.612834510519
1.88660372298826 9724.82112558028 117.413543064725
1.88927372298826 10014.2561720933 119.146982655679
1.89194372298825 9014.47288966248 113.0420919841
1.89461372298826 8250.18764755687 108.142958934422
1.89728372298826 8487.13477161978 109.683980192417
1.89995372298826 9393.67420613279 115.392322494327
1.90262372298825 8957.69890131925 112.681944786077
1.90529372298825 9062.49720134392 113.338375279716
1.90796372298826 9504.81974515009 116.070516931061
1.91063372298826 8995.55038586296 112.917377312167
1.91330372298826 9693.87939886586 117.217553936533
1.91597372298825 8972.40092434867 112.77039975045
1.91864372298826 8579.48954752405 110.272810859857
1.92131372298826 7806.09687170461 105.184470323253
1.92398372298826 8656.8466981675 110.767270826057
1.92665372298825 10378.3259421004 121.280835685245
1.92932372298825 9091.2196120114 113.510631032841
1.93199372298826 7915.39119434786 105.915273258423
1.93466372298826 7968.94828355176 106.272241097029
1.93733372298826 8447.15261915348 109.413633603375
1.94000372298825 8893.29491810365 112.265044683387
1.94267372298826 8935.82931403076 112.532398156837
1.94534372298826 9142.45834758151 113.825239442702
1.94801372298826 9851.33855447861 118.154872277827
1.95068372298825 10378.4241020426 121.273707603732
1.95335372298826 9568.73017991343 116.446124169841
1.95602372298826 7656.10436345061 104.159465219992
1.95869372298826 8362.31763903133 108.856679907731
1.96136372298826 9097.31661121708 113.539073087456
1.96403372298825 9402.02920845251 115.424080318642
1.96670372298826 9331.520943756 114.989656746558
1.96937372298826 9101.28852687834 113.561451893288
1.97204372298826 8902.05484940049 112.310810957745
1.97471372298825 8186.51990415555 107.701816039665
1.97738372298826 7336.0946835462 101.953646682044
1.98005372298826 7757.30965585791 104.838982959903
1.98272372298826 6822.06629507087 98.3155329745166
1.98539372298826 7634.27575443525 104.002798752576
1.98806372298825 8271.38007100377 108.254766714388
1.99073372298826 9160.54549316164 113.924109509104
1.99340372298826 9977.27965943323 118.893464441687
1.99607372298826 10383.4455319477 121.288489828712
1.99874372298825 9138.30041033379 113.783291867665
2.00141372298825 8497.44286680442 109.720312700058
2.00408372298826 9659.67568410534 116.982698526536
2.00675372298826 9271.74701406285 114.608967908689
2.00942372298826 8663.16616411898 110.783119400901
2.01209372298826 9101.90922092109 113.553093412689
2.01476372298825 9720.37854514893 117.34693789494
2.01743372298826 8651.14370714691 110.704273912121
2.02010372298826 8328.80712334515 108.621670978154
2.02277372298825 8886.02546498784 112.195724164834
2.02544372298826 7601.98471759804 103.77278629769
2.02811372298825 7331.97861512835 101.912634533554
2.03078372298826 6476.48431185956 95.7821419850648
2.03345372298826 6810.24771299627 98.218612058035
2.03612372298825 8663.72635692314 110.780202259399
2.03879372298826 8856.9278046879 112.007936101225
2.04146372298825 7956.29099477573 106.159783451881
2.04413372298826 7901.45512862413 105.79269624566
2.04680372298826 7559.08209399073 103.47468897997
2.04947372298825 7997.57489853991 106.432976732841
2.05214372298826 8128.3961283026 107.299310904778
2.05481372298826 9036.26917688418 113.132278602818
2.05748372298825 8750.01379479457 111.32527469355
2.06015372298826 8656.25489943429 110.726577607269
2.06282372298825 9437.96467308356 115.617475943974
2.06549372298826 9934.47641947531 118.618998719047
2.06816372298826 8749.23110307759 111.317682950183
2.07083372298825 7921.6139345805 105.921348737462
2.07350372298826 8032.94329531133 106.662428638436
2.07617372298825 8394.95227914633 109.038705017183
2.07884372298826 8300.08052613634 108.420192429428
2.08151372298826 7412.58532621952 102.459286032013
2.08418372298825 7543.95760355302 103.362628203904
2.08685372298826 6926.97527937995 99.0451455533766
2.08952372298825 8326.09877648318 108.58744302427
2.09219372298826 8190.48801615906 107.698875397321
2.09486372298826 8813.1390122244 111.716942287946
2.09753372298825 9677.84174130073 117.068604032608
2.10020372298826 8859.52003631521 112.009209053567
2.10287372298826 9640.03210751781 116.838368483192
2.10554372298825 10435.0638112159 121.560216517625
2.10821372298826 8953.55756079099 112.600259654492
2.11088372298825 8549.12649772305 110.027213721436
2.11355372298826 9399.52439427226 115.369191697722
2.11622372298826 9447.06414567744 115.659952308857
2.11889372298825 8630.05290705813 110.544966498481
2.12156372298826 7579.30558836313 103.596389220994
2.12423372298825 6444.90507030125 95.5291335537822
2.12690372298826 7582.38004165643 103.616284903445
2.12957372298826 7515.28774288087 103.156290351258
2.13224372298825 7809.90567237244 105.158278992329
2.13491372298826 7579.60654094081 103.595662705658
2.13758372298826 7690.79705369732 104.352193874275
2.14025372298826 7411.39153687402 102.438557276452
2.14292372298826 6911.29156893776 98.9215353904151
2.14559372298825 7163.607986076 100.710514179372
2.14826372298826 7424.02495220558 102.524175411917
2.15093372298826 7487.37859524657 102.960142878866
2.15360372298825 7798.76017049852 105.078699351056
2.15627372298826 7553.44362730169 103.412269272605
2.15894372298825 8172.80417474162 107.56792346259
2.16161372298826 7082.83372078634 100.137888030011
2.16428372298826 7262.12866214492 101.396867907468
2.16695372298825 7978.96010827599 106.282896979377
2.16962372298826 8107.44503474479 107.134638678411
2.17229372298825 7105.69375622826 100.297200667719
2.17496372298826 8221.38525655366 107.88367566397
2.17763372298826 7769.98261638674 104.879576340206
2.18030372298825 7937.74576807276 106.005197446148
2.18297372298826 8753.51835160172 111.318553906295
2.18564372298826 8369.71930650095 108.850228555846
2.18831372298825 7338.37279059561 101.922824308252
2.19098372298826 7252.00555868129 101.320726343439
2.19365372298825 7644.61644264051 104.026681919895
2.19632372298826 7572.70508030105 103.535690377367
2.19899372298826 7905.46171504428 105.785445501212
2.20166372298825 7070.13163881658 100.040081709616
2.20433372298826 7924.69896132037 105.913095876262
2.20700372298825 8731.31146057737 111.172149961456
2.20967372298826 7844.68609069251 105.376079683365
2.21234372298826 7138.13832651632 100.518204083318
2.21501372298825 8005.9620255414 106.452776184035
2.21768372298826 8243.43146759508 108.019517502858
2.22035372298825 7794.29349490578 105.0351313656
2.22302372298826 8661.38024753021 110.722974958922
2.22569372298826 8902.06659151422 112.250323419186
2.22836372298825 9342.36867626785 114.992276199284
2.23103372298826 7688.43880428007 104.317516410343
2.23370372298826 7520.89809303616 103.174173363628
2.23637372298825 8747.66994234311 111.270573936603
2.23904372298826 7222.3929613585 101.105010611135
2.24171372298825 8158.42866937043 107.456668130365
2.24438372298826 8161.28861591345 107.475003098344
2.24705372298826 7653.81515056993 104.079469673455
2.24972372298825 7193.94993608976 100.903859865333
2.25239372298826 6524.20865567246 96.0917235076268
2.25506372298825 7206.53054235202 100.991114667714
2.25773372298826 7322.95522029455 101.803152537027
2.26040372298826 6580.95784202069 96.5073921199111
2.26307372298825 7329.39908261166 101.846989989735
2.26574372298826 8178.45244931788 107.583970386851
2.26841372298826 7524.75238157978 103.194391799983
2.27108372298826 6599.29344926419 96.639950155027
2.27375372298826 7246.50595188978 101.26754729333
2.27642372298825 7138.5416272725 100.509867579463
2.27909372298826 6907.0094760684 98.866000642302
2.28176372298826 6513.4430887653 96.0075173700805
2.28443372298825 7486.50637229497 102.92894352165
2.28710372298826 8192.51395204385 107.672425999619
2.28977372298825 8708.77008762776 111.012607564855
2.29244372298826 7674.26707999001 104.210225010281
2.29511372298826 6938.62876654351 99.0892845487557
2.29778372298825 6351.04597417264 94.8004682459512
2.30045372298826 7160.96050190213 100.66344262633
2.30312372298825 7707.81094309238 104.436002986725
2.30579372298826 7992.54383447079 106.347137294822
2.30846372298826 8259.34165343252 108.107190608926
2.31113372298825 8310.45692510082 108.440844850691
2.31380372298826 7755.09886199463 104.754499365064
2.31647372298826 7634.51714713961 103.936569632825
2.31914372298825 6846.11784250191 98.4233974228544
2.32181372298826 6310.12456427022 94.4917100049482
2.32448372298825 6761.44284266303 97.812195678961
2.32715372298826 6956.41460828772 99.2120953359052
2.32982372298826 6946.7318694307 99.1426986323885
2.33249372298825 7198.17156322851 100.920673456263
2.33516372298826 7191.56358125547 100.87400887229
2.33783372298825 6518.63628411812 96.0383231264231
2.34050372298826 6625.7423625989 96.8237817071809
2.34317372298826 7149.7245061912 100.579158545343
2.34584372298825 6749.47114316366 97.7230001660483
2.34851372298826 5669.52537568356 89.5640752396616
2.35118372298825 5348.43805667101 86.9906457538621
2.35385372298826 6191.74003589409 93.5974467335938
2.35652372298826 7224.4921611703 101.10203144247
2.35919372298825 7656.59040541127 104.081250724618
2.36186372298826 7552.12644968049 103.368448218186
2.36453372298826 7259.25234816303 101.343965096902
2.36720372298825 7301.34766273318 101.637046100507
2.36987372298826 7297.61844039805 101.610753433703
2.37254372298825 7695.04905902061 104.340608958744
2.37521372298826 7079.45898596945 100.07976586816
2.37788372298826 7084.62936942079 100.115976641258
2.38055372298825 6966.83415134599 99.2798544571276
2.38322372298826 6176.44162980959 93.4783722971774
2.38589372298825 5572.7249419754 88.7921045472503
2.38856372298826 6562.22665125461 96.3528874920946
2.39123372298826 7230.91603472634 101.142656285258
2.39390372298825 6329.57371870318 94.6288368994567
2.39657372298826 6552.81821109791 96.2828431007963
2.39924372298826 7160.09244102105 100.645123158861
2.40191372298826 6905.29245915416 98.8377550617333
2.40458372298826 6347.43298347218 94.7608865308261
2.40725372298825 6601.91030130061 96.6413707939891
2.40992372298826 7077.76932151612 100.063270331387
2.41259372298826 6921.59224379063 98.9527151007106
2.41526372298825 7099.63269826435 100.216877881358
2.41793372298826 7677.51358068635 104.215290574184
2.42060372298825 8494.35049258836 109.618651273754
2.42327372298826 7243.9283511241 101.228932651177
2.42594372298826 7465.31217777301 102.763713602164
2.42861372298825 7213.59247679598 101.015920116923
2.43128372298826 6986.96744064958 99.4160721706323
2.43395372298825 6093.29538614454 92.840308650072
2.43662372298826 6760.69696898748 97.7922443554702
2.43929372298826 6197.21490862587 93.6278769012638
2.44196372298825 7368.77837697183 102.094621428527
2.44463372298826 7380.32337011281 102.174149132314
2.44730372298826 7578.88411377561 103.539052449886
2.44997372298825 6946.94766430363 99.1281006874685
2.45264372298826 6802.41766443452 98.0911073000927
2.45531372298825 7173.74554611309 100.732402659297
2.45798372298826 6951.01727093438 99.1559114898821
2.46065372298826 6795.98588531088 98.0435165974849
2.46332372298825 7073.85214438605 100.027370774703
2.46599372298826 7528.57531338674 103.191870004549
2.46866372298825 7455.74924136063 102.691133597679
2.47133372298826 6312.05383391826 94.486740434187
2.47400372298826 6572.51029604018 96.4160590723975
2.47667372298825 7383.48343176162 102.190990666436
2.47934372298826 7275.16899147571 101.438243028561
2.48201372298825 6883.81501997995 98.6717861165052
2.48468372298826 6589.06853087293 96.5358499346092
2.48735372298826 6343.60301044265 94.7202485604272
2.49002372298825 6008.39874333198 92.1833363880843
2.49269372298826 6154.73024181606 93.2987400712233
2.49536372298826 7041.53604042138 99.7937147355092
2.49803372298825 7200.42610750293 100.912927022768
2.50070372298826 6767.39830795853 97.8310928653417
2.50337372298825 7081.4985414366 100.075458270958
2.50604372298826 5576.91314120645 88.8098035676194
2.50871372298826 5418.94353800351 87.5427628609541
2.51138372298825 5568.44649215347 88.7419419110885
2.51405372298826 5987.48109534879 92.020152122249
2.51672372298825 5336.55010566961 86.8740626474064
2.51939372298826 6037.19117368387 92.4009139389572
2.52206372298826 5308.37055669987 86.6439783439351
2.52473372298825 4942.37724938009 83.6035428596651
2.52740372298826 5853.26798792794 90.9818800515557
2.53007372298826 5845.54725362139 90.9216392373556
2.53274372298826 5057.61527242468 84.5719863266183
2.53541372298826 4479.49234105404 79.5915572122249
2.53808372298825 5458.97978143651 87.8632598430258
2.54075372298826 4864.22165762939 82.9386981949666
2.54342372298826 5945.19515145996 91.6922352464575
2.54609372298825 6301.67480025793 94.4009713145815
2.54876372298826 6629.8017540688 96.8272743605129
2.55143372298825 7085.38155117962 100.098604623435
2.55410372298826 6183.22991242685 93.5089255012124
2.55677372298826 6908.01972523241 98.8373562285996
2.55944372298825 6799.62662960486 98.0586331358699
2.56211372298826 5982.92153200609 91.9811684667361
2.56478372298825 5320.36031418099 86.7384701509727
2.56745372298826 5383.55400384623 87.2518690560266
2.57012372298826 6502.6172689771 95.8921961476354
2.57279372298825 7403.32780171253 102.317901600711
2.57546372298826 6909.27457862976 98.8446863719606
2.57813372298826 6991.69438452517 99.4322544775354
2.58080372298826 6729.42550980213 97.5492713796898
2.58347372298826 6007.58520701083 92.1688080207969
2.58614372298825 5675.73710003053 89.5868163442205
2.58881372298826 5481.93396558349 88.0438113105836
2.59148372298826 6976.04702835391 99.3197461464263
2.59415372298825 7474.86348319712 102.809086486928
2.59682372298826 7256.41654875997 101.295449655268
2.59949372298825 7637.88734531825 103.923657958178
2.60216372298826 7121.91176508182 100.351741635901
2.60483372298826 6035.02529336845 92.3772218565507
2.60750372298825 5490.14430211199 88.108125088929
2.61017372298826 6354.00486992801 94.7865206173832
2.61284372298825 8069.13941134444 106.815714403832
2.61551372298826 7855.45577388752 105.39159180536
2.61818372298826 7473.49550610937 102.797106149059
2.62085372298825 6009.06780820393 92.1767268572943
2.62352372298826 4946.1674105721 83.6278373640286
2.62619372298826 5422.0598826343 87.5583048700367
2.62886372298825 5245.63850176596 86.1218002057063
2.63153372298826 4124.96047469969 76.3699569719943
2.63420372298825 4476.95699099655 79.5614778042552
2.63687372298826 5670.70737970485 89.5423996370546
2.63954372298826 6199.17141605525 93.6215145946566
2.64221372298825 5293.36933697 86.5114654428264
2.64488372298826 6336.45568450562 94.6519359052365
2.64755372298825 7199.76605401764 100.893740315629
2.65022372298826 5867.57068910529 91.0820769163633
2.65289372298826 3943.66391197971 74.6710809005244
2.65556372298825 4387.43627890322 78.7601674484454
2.65823372298826 4823.80642238243 82.5838043434756
2.66090372298826 5921.41966766577 91.4979998645621
2.66357372298826 5054.59881436435 84.5358171627794
2.66624372298826 5074.18267991013 84.6991766659235
2.66891372298825 4534.61989694754 80.0691676665322
2.67158372298826 5203.08779289472 85.7677814111085
2.67425372298826 5042.96909875467 84.4375225936393
2.67692372298825 5108.8582937089 84.987095526896
2.67959372298826 5521.68780195231 88.3538976438951
2.68226372298825 4648.60895280068 81.0681058367878
2.68493372298826 4498.40953424272 79.7474388033393
2.68760372298826 4209.69429998003 77.1456172135537
2.69027372298825 4832.59240257051 82.6560774779973
2.69294372298826 4950.8805817931 83.6613105532337
2.69561372298825 4862.53101393835 82.9112303778447
2.69828372298826 5319.50658572147 86.7194616416642
2.70095372298826 5102.53937888425 84.9323546502733
2.70362372298825 5134.32501846522 85.1963114937594
2.70629372298826 5632.25814354755 89.2317729107976
2.70896372298826 6066.45711369906 92.60724063618
2.71163372298826 6230.52884803173 93.8510132366679
2.71430372298826 6469.86042911629 95.6363732085687
2.71697372298825 6259.36122968516 94.067538955616
2.71964372298826 4788.16651489839 82.2732263932334
2.72231372298826 4634.87120274868 80.9453440356818
2.72498372298825 5485.47013899987 88.0600844892303
2.72765372298826 7328.32819998409 101.782650884255
2.73032372298825 5583.68031614046 88.8445326047047
2.73299372298826 4242.25804281073 77.4404926294774
2.73566372298826 4001.69879966468 75.2126510442308
2.73833372298825 3681.38913359381 72.1395938992881
2.74100372298826 4762.00023067711 82.0468039438172
2.74367372298825 4094.0759116156 76.0753641051154
2.74634372298826 3754.32340285518 72.8502533444242
2.74901372298826 3514.50943083286 70.485001704298
2.75168372298825 3677.38868357779 72.0996667978351
2.75435372298826 3550.90078357016 70.8487008273013
2.75702372298826 3370.68611135435 69.0273037241107
2.75969372298825 3912.44147635771 74.3677792764079
2.76236372298826 4255.79284540334 77.5622248025603
2.76503372298825 4864.47489968399 82.923406230215
2.76770372298826 4292.80720047809 77.8984782264833
2.77037372298826 4265.16605908728 77.6471260785401
2.77304372298825 5154.64151380125 85.3602698204668
2.77571372298826 4605.61484761902 80.6862415158932
2.77838372298825 3638.6993120794 71.7179544180277
2.78105372298826 4214.63586763265 77.1851888085996
2.78372372298826 4599.73108660339 80.6342024197096
2.78639372298825 4164.27913246624 76.7223897249389
2.78906372298826 3970.72547228982 74.9180160736556
2.79173372298826 3981.41855360418 75.018674631852
2.79440372298826 3544.75408769743 70.7852315521131
2.79707372298826 3402.56507038144 69.3508762326218
2.79974372298825 3219.92434141629 67.4637842553904
2.80241372298826 3736.33133648113 72.6724573084686
2.80508372298826 4329.01588421004 78.2241917815538
2.80775372298825 4050.78520193998 75.668555443381
2.81042372298826 4415.55589761532 79.0019607054236
2.81309372298825 4681.07129397326 81.342430508791
2.81576372298826 3184.61261290674 67.0922201400807
2.81843372298826 3447.48720162732 69.8062856201771
2.82110372298825 3307.15247865576 68.3706405494765
2.82377372298826 3492.72618078454 70.262589227356
2.82644372298825 4172.29780707961 76.7942795745995
2.82911372298826 3611.30534977484 71.4451359652965
2.83178372298826 3265.05061442769 67.933636200936
2.83445372298825 3750.1335531589 72.8052353471363
2.83712372298826 3357.35745539768 68.8870163515461
2.83979372298826 3477.48605985204 70.1084915732742
2.84246372298826 3141.80799471265 66.6387873075663
2.84513372298826 3382.09954993925 69.1400674605391
2.84780372298825 4186.30632262635 76.9221559709941
2.85047372298826 4272.94341845839 77.7139275304049
2.85314372298826 2470.82465718014 59.0956605006682
2.85581372298825 2278.4977605426 56.7490076306708
2.85848372298826 2800.75119445823 62.9173719647657
2.86115372298825 2644.6735602341 61.1390500370965
2.86382372298826 2110.59516738235 54.6178323625962
2.86649372298826 2852.26149945717 63.4930224162148
2.86916372298825 3565.55343565211 70.9895047733541
2.87183372298826 3473.67877818433 70.0688258728111
2.87450372298825 3524.07655845892 70.5751842229796
2.87717372298826 2782.35416223006 62.7097253638701
2.87984372298826 3109.19139034215 66.290571432429
2.88251372298825 3157.49320890133 66.8034032315393
2.88518372298826 3228.59813666307 67.5513000675243
2.88785372298826 2235.34935694409 56.2080812520188
2.89052372298825 2615.08419571151 60.7950521265015
2.89319372298826 2815.04025184368 63.0764208821332
2.89586372298825 3018.7684683588 65.3189178337682
2.89853372298826 2919.3209742913 64.233907634352
2.90120372298826 2557.31972542779 60.1195146224681
2.90387372298825 2219.1964303176 56.0041852681155
2.90654372298826 1223.38278041811 41.5818160072354
2.90921372298825 1369.29321116851 43.9916405257566
2.91188372298826 2671.07157532578 61.4418597921944
2.91455372298826 2946.90968190859 64.5363891266232
2.91722372298825 2327.32148931337 57.3520702320209
2.91989372298826 1680.73717049125 48.7383106230972
2.92256372298826 1273.84996491051 42.4306190927282
2.92523372298826 902.798342811221 35.7203137628984
2.92790372298826 326.720149520079 21.4885696145254
2.93057372298825 1302.1195971525 42.8987507512182
2.93324372298826 992.202256083802 37.4471674341906
2.93591372298826 1168.98803199546 40.6465378441033
2.93858372298825 1189.18331143541 40.9961043289145
2.94125372298826 819.062433427798 34.0232933814813
2.94392372298825 1373.73593303192 44.0625000912911
2.94659372298826 1985.42706960104 52.9717273647838
2.94926372298826 1561.1274823296 46.9716709648512
2.95193372298825 2187.09395120197 55.5968523983415
2.95460372298826 2224.04611325821 56.0645110012137
2.95727372298825 2432.23891752774 58.6298686199793
2.95994372298826 2600.73585845597 60.6266521605488
2.96261372298826 2062.2135507679 53.9860983888611
2.96528372298825 1745.18846190468 49.6633429923897
2.96795372298826 2305.43767974497 57.0809426429879
2.97062372298826 2227.19970680571 56.1039815508832
2.97329372298826 1361.80402040686 43.8703468799025
2.97596372298826 1455.14675026258 45.3489064505204
2.97863372298825 1441.8238278415 45.1407926610645
2.98130372298826 2083.87848617687 54.2686398483022
2.98397372298826 2356.00806500354 57.7033181494387
2.98664372298825 1667.12667670198 48.5396187773815
2.98931372298826 1749.67948500785 49.7268523946267
2.99198372298825 1851.6107872829 51.1547811592677
2.99465372298826 1823.68452669086 50.7675138829637
2.99732372298826 1992.44725607862 53.0645048408663
2.99999372298825 1788.26105533424 50.2719600480842
