-0.199371045798123 10.0228080104594 3.77184367686769
-0.196701045798123 322.910742195537 21.414419427342
-0.194031045798123 14.346040180269 4.51480699617875
-0.191361045798123 211.523060914481 17.3404388790945
-0.188691045798123 597.40777142142 29.1490671014227
-0.186021045798123 866.656392590777 35.1172619342542
-0.183351045798123 882.29907235081 35.4415723333824
-0.180681045798123 8.47371227468005 3.47415961374513
-0.178011045798123 165.477883834269 15.3564446117255
-0.175341045798123 204.972183772639 17.0952673397474
-0.164661045798123 212.051905476082 17.4052363791995
-0.148641045798123 481.409803483428 26.2639662038437
-0.145971045798123 101.700825007706 12.0745855628556
-0.143301045798123 0.986136812029986 1.18928427774537
-0.132621045798123 250.104785664115 18.9585864030653
-0.129951045798123 138.072097411908 14.0897973086132
-0.127281045798123 574.266611962714 28.7418917011408
-0.124611045798123 3.68572890721626 2.30317526481625
-0.119271045798123 408.55196914461 24.2606396124461
-0.116601045798123 106.29779794435 12.3779093397836
-0.113931045798123 311.769464029327 21.2035447181319
-0.111261045798123 0.993132062830447 1.19702067169353
-0.108591045798123 31.8287380747469 6.7781983498619
-0.105921045798123 2.12755313278114 1.75287575016259
-0.103251045798123 0.0206296346635827 0.172648577399724
-0.100581045798123 1075.15822054573 39.4244598548046
-0.0979110457981234 1442.58637085322 45.6791579695491
-0.0952410457981234 1065.23234526897 39.2633093302687
-0.0925710457981234 8.23288555725436 3.45269532170092
-0.0899010457981234 263.867872837872 19.552077034307
-0.0792210457981234 36.166300832647 7.24637410096595
-0.0765510457981234 609.835730762336 29.7640651888428
-0.0738810457981234 1145.331109694 40.8007726312229
-0.0712110457981234 916.269071780142 36.5032349788851
-0.0685410457981234 528.191850363418 27.7225137248825
-0.0658710457981234 395.92978443843 24.0083714477936
-0.0632010457981234 431.724113520843 25.0768834314316
-0.0605310457981234 172.978065013697 15.8775195250313
-0.0578610457981234 90.3929249450174 11.480770233472
-0.0551910457981234 743.176298073516 32.9280744985664
-0.0525210457981234 263.184132024133 19.6004843453551
-0.0498510457981234 1297.4801894855 43.5315168400372
-0.0471810457981234 1477.00031374492 46.457960837249
-0.0445110457981234 980.121204591868 37.8552481329953
-0.0418410457981234 2078.43911081927 55.1405571943773
-0.0391710457981234 1271.42085185043 43.138336369688
-0.0365010457981234 1001.31095489246 38.2929989304343
-0.0338310457981234 1504.01037659448 46.9436028693052
-0.0311610457981234 2628.45488433949 62.0750830691212
-0.0284910457981234 3632.64460642249 72.9952303916116
-0.0258210457981234 4410.9936167711 80.4576164849145
-0.0231510457981234 3960.24919058133 76.2563586465601
-0.0204810457981234 3217.25082355518 68.7500570896385
-0.0178110457981234 2362.46125054899 58.9289475041869
-0.0151410457981234 2433.6246168874 59.8258400535343
-0.0124710457981234 2661.93674925951 62.5858980226398
-0.00980104579812338 2284.00882407152 57.9885248363494
-0.00713104579812338 2165.7148608829 56.4819001957278
-0.00446104579812338 2317.47059717295 58.442825494392
-0.00179104579812338 2422.1854770061 59.7644809016297
0.000878954201876622 2915.88226286087 65.5903201019282
0.00354895420187662 3436.69189580139 71.2187873952395
0.00621895420187662 3333.77457359093 70.1548594560861
0.00888895420187662 2975.96871557676 66.2932290574069
0.0115589542018766 2486.97435839534 60.6116317007533
0.0142289542018766 4335.10374752812 80.0360006442283
0.0168989542018766 2907.97253283897 65.5610757766263
0.0195689542018766 3298.2252113245 69.8322997860515
0.0222389542018766 2706.63940990655 63.2698263466913
0.0249089542018766 2897.58731783101 65.4734067571185
0.0275789542018766 3847.63027467388 75.4585665711487
0.0302489542018766 3003.49576349507 66.6792318409473
0.0329189542018766 874.640533270844 35.9879450241554
0.0355889542018766 484.605465550601 26.7917791832902
0.0382589542018766 1336.46464824064 44.4991045693766
0.0409289542018766 2443.94235921618 60.1842880376567
0.0435989542018766 1973.7304533237 54.0936968773568
0.0462689542018766 883.107535319589 36.1888357896278
0.0489389542018766 2230.31213457329 57.5195785648478
0.0516089542018766 1724.98379835775 50.5929982701481
0.0542789542018766 1374.12858477093 45.1623581497871
0.0569489542018766 503.499201384027 27.3418132868193
0.0596189542018766 434.038093749453 25.3896562601871
0.0622889542018766 1541.57842103311 47.8564706134863
0.0649589542018766 751.658424728174 33.4220479840136
0.0676289542018766 684.512581256189 31.8990999975305
0.0702989542018766 1380.80795369198 45.3126281518026
0.0729689542018766 1542.06190791996 47.892598048143
0.0756389542018766 719.576835130937 32.7205759925609
0.0783089542018766 532.794587215876 28.1596398858391
0.0809789542018766 1120.87063203273 40.8497837501932
0.0836489542018766 1037.85737029686 39.3138572380412
0.0863189542018766 828.344438859255 35.1274871205616
0.0889889542018766 493.082596422937 27.1060480538348
0.0916589542018766 1024.90128235107 39.0851812129128
0.0943289542018766 1244.27260141686 43.0718579710065
0.0969989542018766 855.814533367156 35.7264917671127
0.0996689542018766 1585.84455117344 48.6402207500139
0.102338954201877 1641.59844321584 49.4811046426476
0.105008954201877 635.670446170089 30.7858290829359
0.107678954201877 1337.87768705574 44.6551907356287
0.110348954201877 1804.86702503965 51.8579357116281
0.113018954201877 3902.86317993996 76.24531030418
0.115688954201877 2749.45914524452 63.9843758754627
0.118358954201877 3643.57080690803 73.6449066457736
0.121028954201877 2329.60648231326 58.8774748015657
0.123698954201877 3899.62556444884 76.1637127346557
0.126368954201877 4232.79389608205 79.3375800338199
0.129038954201877 3036.8746659129 67.1904478103471
0.131708954201877 4086.48118729122 77.928719979303
0.134378954201877 4999.39666562163 86.1807471774442
0.137048954201877 4737.43462227652 83.8787045492473
0.139718954201877 7083.30128905628 102.547853985715
0.142388954201877 8991.22036243674 115.51719519207
0.145058954201877 9772.26639352107 120.410271485032
0.147728954201877 11188.6122732348 128.819778405537
0.150398954201877 12453.924716646 135.886426845677
0.153068954201877 13275.9394826426 140.276232961478
0.155738954201877 14393.3128143602 146.036132472919
0.158408954201877 16613.3804455413 156.869098460151
0.161078954201877 15802.9105203686 152.969683076966
0.163748954201877 17321.9716078432 160.126752180832
0.166418954201877 18400.2007372146 165.007961136756
0.169088954201877 18633.8708198274 166.025011125608
0.171758954201877 19907.5937352714 171.577248508415
0.174428954201877 19081.8613615034 167.953475539179
0.177098954201877 20312.1501154 173.254636309523
0.179768954201877 19810.0417061002 171.071584096381
0.182438954201877 19590.6540978453 170.093568300714
0.185108954201877 20066.7857608846 172.119687495246
0.187778954201877 19662.737466148 170.349877870739
0.190448954201877 22369.1536053169 181.665635619096
0.193118954201877 20642.1766423061 174.483312973536
0.195788954201877 20892.9638279304 175.510984734628
0.198458954201877 19690.1346339843 170.355719396112
0.201128954201877 20004.2602654992 171.680788620042
0.203798954201877 20394.7092723381 173.273744068477
0.206468954201877 20972.9029882997 175.635996549668
0.209138954201877 22662.7507583441 182.494867788139
0.211808954201877 21737.4574582493 178.652311453257
0.214478954201877 20536.7387808203 173.572038042171
0.217148954201877 22039.793188729 179.732812488855
0.219818954201877 19883.7069222985 170.640341551159
0.222488954201877 17597.0134492339 160.45814716794
0.225158954201877 17805.9320432692 161.336909326637
0.227828954201877 16303.5736671726 154.312711175714
0.230498954201877 14717.8487816174 146.551819820674
0.233168954201877 13657.0763381128 141.109579702504
0.235838954201877 11475.0163756616 129.289334589863
0.238508954201877 9923.23979463095 120.176909302648
0.241178954201877 9295.03043676105 116.25931787352
0.243848954201877 7742.70239119614 106.061203450689
0.246518954201877 6153.24126586939 94.5083050250255
0.249188954201877 7081.21476070789 101.339661636383
0.251858954201877 5722.50669170129 91.0596790735949
0.254528954201877 6666.82441348312 98.2425648478661
0.257198954201877 6748.18109322289 98.7962816596604
0.259868954201877 4985.03152787184 84.8766186997769
0.262538954201877 4494.08879492143 80.5529867397094
0.265208954201877 5100.83798187529 85.7804112037426
0.267878954201877 6536.40271275619 97.0606338860008
0.270548954201877 7019.55248885081 100.539014977287
0.273218954201877 5484.40829027444 88.8281914141249
0.275888954201877 5769.39712781741 91.0661531568452
0.278558954201877 6416.74509124513 95.9963759934262
0.281228954201877 5279.9384374974 87.03969691848
0.283898954201877 6223.52589636877 94.4553394124328
0.286568954201877 7645.45319313322 104.644167285572
0.289238954201877 8990.46116307181 113.425151025562
0.291908954201877 9260.11555908875 115.061857683112
0.294578954201877 10614.1594804367 123.131906461292
0.297248954201877 10760.2547775144 123.920604068506
0.299918954201877 12750.9520653324 134.836575900958
0.302588954201877 12609.4122397574 134.021097418552
0.305258954201877 11985.0657156981 130.597568957375
0.307928954201877 11886.5262766146 129.9963893917
0.310598954201877 11515.7918550323 127.890840160395
0.313268954201877 12150.9559940906 131.306516498615
0.315938954201877 12523.4307563912 133.238896693109
0.318608954201877 13506.2905872418 138.301063257335
0.321278954201877 14825.7300096069 144.82829460923
0.323948954201877 13507.2356042653 138.170809673854
0.326618954201877 15087.3113503522 145.957519861372
0.329288954201877 16508.7396634763 152.603601713963
0.331958954201877 15921.1095856615 149.789564206517
0.334628954201877 14820.4980458377 144.448537369475
0.337298954201877 15057.0509325926 145.525251274179
0.339968954201877 15783.3900046665 148.920669808083
0.342638954201877 17016.7487136427 154.553682851153
0.345308954201877 17751.3714940622 157.776762309503
0.347978954201877 16100.5661172603 150.187387740798
0.350648954201877 17150.0893826469 154.928629619103
0.353318954201877 15040.2686252591 145.014578789508
0.355988954201877 16382.566119941 151.272507138923
0.358658954201877 16532.4423308024 151.88766535557
0.361328954201877 14775.2329638 143.517847536456
0.363998954201877 14450.6361524 141.862222133452
0.366668954201877 13647.2567973468 137.793989620407
0.369338954201877 13843.9668894214 138.71453550789
0.372008954201877 14097.4748576301 139.909192054352
0.374678954201877 13410.7851126252 136.391202727881
0.377348954201877 12957.9322981012 134.001780152271
0.380018954201877 11888.8474468911 128.29089438359
0.382688954201877 10719.741160735 121.759015997434
0.385358954201877 11166.7281843192 124.209484711858
0.388028954201877 10113.701563306 118.148835323535
0.390698954201877 9031.36176722185 111.592079175334
0.393368954201877 9604.23241458233 115.019171301513
0.396038954201877 8333.53574888922 107.086688818976
0.398708954201877 8153.44978081348 105.870083330347
0.401378954201877 7223.07217227939 99.5989633014458
0.404048954201877 6312.38061655104 93.0735627288516
0.406718954201877 5394.39116299049 86.0075847324126
0.409388954201877 4671.84151440635 80.0101796518752
0.412058954201877 6166.63808770907 91.8884575025917
0.414728954201877 5153.35953475536 83.9686872480961
0.417398954201877 4442.96319933167 77.9370182880554
0.420068954201877 5724.13227920482 88.4295511490188
0.422738954201877 5658.28457876443 87.8860648747512
0.425408954201877 4149.65580739796 75.2347660461688
0.428078954201877 3716.87155932268 71.1764132433298
0.430748954201877 4121.68208747709 74.9237018435462
0.433418954201877 2593.60386461572 59.4112017479932
0.436088954201877 3055.01126995058 64.4551065189211
0.438758954201877 3631.90539540863 70.2509928805836
0.441428954201877 4115.20536536686 74.7506741529664
0.444098954201877 4264.78311532483 76.0679758204017
0.446768954201877 3683.9942590597 70.6718984129651
0.449438954201877 4433.56740542476 77.4992886949958
0.452108954201877 3969.1014030689 73.2994645174266
0.454778954201877 4387.40430828626 77.0357033183323
0.457448954201877 3967.90977266725 73.2322719845989
0.460118954201877 3766.36690826297 71.3207973079329
0.462788954201877 4039.02703506355 73.8288989588118
0.465458954201877 3417.52596034105 67.8854856268285
0.468128954201877 3797.1005976454 71.5286366626796
0.470798954201877 4046.61491681492 73.81295364473
0.473468954201877 3398.50154733654 67.6181058997116
0.476138954201877 5529.441702971 86.2168989720904
0.478808954201877 5314.90466622527 84.4951648621149
0.481478954201877 5072.24725566509 82.5118944265336
0.484148954201877 5304.15703618171 84.3444750816008
0.486818954201877 5423.69033020781 85.2565723419297
0.489488954201877 6372.54633792638 92.3780454786979
0.492158954201877 5424.03709627539 85.1932734809306
0.494828954201877 5951.75494655997 89.2068250834231
0.497498954201877 7510.64983199915 100.171867470839
0.500168954201877 7035.72868509818 96.9154183756672
0.502838954201877 7348.36574503136 99.0177444945856
0.505508954201877 7686.85513033201 101.247240654089
0.508178954201877 7312.55642038025 98.7266972815653
0.510848954201877 7607.1857308521 100.670701520178
0.513518954201877 7379.90560566006 99.1305521649578
0.516188954201877 8201.35629613627 104.475857305714
0.518858954201877 9125.13632375415 110.175165508706
0.521528954201877 7791.32962415906 101.779588924073
0.524198954201877 7949.11684410976 102.779183030607
0.526868954201877 8508.81194794242 106.309223555209
0.529538954201877 9170.15783580027 110.335583604888
0.532208954201877 9409.71260636597 111.739319808768
0.534878954201877 7959.61271775771 102.74351271761
0.537548954201877 7658.75021971696 100.757628347494
0.540218954201877 7223.89732879074 97.8307207466085
0.542888954201877 7593.50367448876 100.276924648331
0.545558954201877 7265.55585981135 98.0628931751644
0.548228954201877 7816.2391134516 101.68561479923
0.550898954201877 6196.23722460859 90.5138179879466
0.553568954201877 6696.73729859974 94.0746709097657
0.556238954201877 6536.02578255481 92.9154874310762
0.558908954201877 7119.22931911077 96.9477694774525
0.561578954201877 6423.5869784695 92.0661915684981
0.564248954201877 6332.29277177082 91.3864600382792
0.566918954201877 6867.41808054589 95.145452848104
0.569588954201877 6288.99747651435 91.0273459136201
0.572258954201877 7811.66086139567 101.424454479844
0.574928954201877 5842.22157435236 87.689938764086
0.577598954201877 5198.65970976459 82.6982193468272
0.580268954201877 4889.71098852396 80.1828910056255
0.582938954201877 4189.71715771224 74.2031025920484
0.585608954201877 4054.56307808401 72.9778866440418
0.588278954201877 3350.03113117612 66.3182652201726
0.590948954201877 4598.69783066207 77.6811418031938
0.593618954201877 3456.42312969446 67.3288173549701
0.596288954201877 4232.97103194827 74.4902613193117
0.598958954201877 4030.89837116828 72.6719865896474
0.601628954201877 3829.97517845293 70.8247852931497
0.604298954201877 2468.62424633438 56.8523236942348
0.606968954201877 2491.23319409434 57.1033166583113
0.609638954201877 3761.9400574197 70.1606292402338
0.612308954201877 2549.78415506951 57.7527442474961
0.614978954201877 2433.91792753988 56.4166426313011
0.617648954201877 3667.72201322098 69.2445846525527
0.620318954201877 3263.21583243463 65.3046075281102
0.622988954201877 1818.14781378203 48.7381244947689
0.625658954201877 3209.51142259627 64.7451074801617
0.628328954201877 2887.42222553211 61.4010636861949
0.630998954201877 2491.65727529618 57.0293121247364
0.633668954201877 2257.90454795015 54.2800179447149
0.636338954201877 3325.89062441265 65.8679833579479
0.639008954201877 3197.24783056768 64.5716238299513
0.641678954201877 3214.03690653145 64.7309734625174
0.644348954201877 4106.05144989272 73.152981693606
0.647018954201877 3617.8959122475 68.6563929772319
0.649688954201877 4137.89724283014 73.4134931623656
0.652358954201877 4771.3947271975 78.8209709288318
0.655028954201877 4873.7294608898 79.6494652160856
0.657698954201877 5577.74399792211 85.1950714387762
0.660368954201877 5622.57442469761 85.5235649875847
0.663038954201877 4763.0406974494 78.7033687092215
0.665708954201877 4524.40167035656 76.6945878574217
0.668378954201877 4279.25924317612 74.5763947415568
0.671048954201877 5339.5667558854 83.2919481122204
0.673718954201877 5500.4545448698 84.524420704098
0.676388954201877 5168.2579572373 81.9196119598788
0.679058954201877 4949.99088306268 80.1587353479939
0.681728954201877 5526.97253737926 84.6886386228913
0.684398954201877 5561.80609745266 84.9419526711314
0.687068954201877 6074.74359405298 88.758732925701
0.689738954201877 5796.53069994872 86.6889947332876
0.692408954201877 4385.42789371883 75.3908503375884
0.695078954201877 4368.58230718514 75.2342598443326
0.697748954201877 6236.70913415408 89.8785076277139
0.700418954201877 6070.10089996418 88.6571617086969
0.703088954201877 4822.58876465229 79.0159430639498
0.705758954201877 5742.56165632671 86.2156650665882
0.708428954201877 5591.15104882394 85.0633907879772
0.711098954201877 4367.90239308742 75.1773929970989
0.713768954201877 3766.87182039708 69.8071540588963
0.716438954201877 4377.97048812811 75.2496755238059
0.719108954201877 5366.17983349277 83.3027858283126
0.721778954201877 4046.09525796632 72.3275334791561
0.724448954201877 3612.29892035688 68.3338870613502
0.727118954201877 3724.19751947223 69.377606345419
0.729788954201877 2827.23543664979 60.4425268621137
0.732458954201877 3295.11089479059 65.2462115342283
0.735128954201877 4178.23567961701 73.4641400094105
0.737798954201877 3737.34905821891 69.4735362500223
0.740468954201877 2800.25754259904 60.130552821091
0.743138954201877 3737.78020961964 69.4643082662435
0.745808954201877 4033.65305079366 72.1543840793441
0.748478954201877 3316.93074047382 65.4244779649748
0.751148954201877 2341.06533072399 54.9588243361364
0.753818954201877 2408.07596204063 55.7345312920041
0.756488954201877 3075.99686666078 62.9855307484529
0.759158954201877 3638.32468920029 68.4947294762104
0.761828954201877 1441.67030949903 43.1119807209443
0.764498954201877 2122.76362529122 52.3087546939904
0.767168954201877 3260.32762829277 64.8205542057284
0.769838954201877 2246.8869638571 53.806070636756
0.772508954201877 1419.02026141776 42.7556489872389
0.775178954201877 2985.94126528806 62.0152311300878
0.777848954201877 2442.4894880902 56.0831775222171
0.780518954201877 1806.95173434248 48.2334194550532
0.783188954201877 2039.46901220655 51.237961031382
0.785858954201877 1726.04191528937 47.1321718405527
0.788528954201877 4389.94003677391 75.1587536267566
0.791198954201877 4372.51434022001 75.0022653105335
0.793868954201877 4484.76729581137 75.9516463601352
0.796538954201877 4458.2077776817 75.7191720066407
0.799208954201877 3811.03083220695 70.0011855033967
0.801878954201877 3137.58019432486 63.5119816480329
0.804548954201877 2709.32510017517 59.0151393697092
0.807218954201877 1892.57724796386 49.3212769493173
0.809888954201877 3516.47471281894 67.2257845050299
0.812558954201877 4443.93105784615 75.5684314836649
0.815228954201877 2400.45614362437 55.5364683069305
0.817898954201877 2482.65733424347 56.4760581827678
0.820568954201877 2906.90334115696 61.107693999248
0.823238954201877 3277.36382985897 64.8810004441651
0.825908954201877 3538.72465804784 67.4144821802045
0.828578954201877 3161.89249619496 63.7203233489957
0.831248954201877 4827.0501166946 78.7263154622056
0.833918954201877 3631.42085481702 68.2797483876989
0.836588954201877 3567.94999485895 67.6764539966366
0.839258954201877 5177.90836647933 81.5229690313706
0.841928954201877 5240.42466606322 82.0088342055313
0.844598954201877 4722.02195657763 77.8423582586793
0.847268954201877 5115.39317172561 81.0151194237491
0.849938954201877 4006.10489535863 71.6906149136184
0.852608954201877 3698.39220994724 68.8782663344007
0.855278954201877 2967.22947010967 61.6915761074852
0.857948954201877 2941.00078105403 61.4147149316825
0.860618954201877 2872.37994658883 60.6904533861172
0.863288954201877 2981.06089680707 61.8243313830415
0.865958954201877 2710.49393410634 58.9485038191832
0.868628954201877 4620.09841408997 76.9571081538635
0.871298954201877 4336.12586057309 74.5501673444136
0.873968954201877 3577.23995974818 67.7089802666606
0.876638954201877 3410.2279324419 66.105636415498
0.879308954201877 3627.16523799664 68.1718382520337
0.881978954201877 3643.19964783585 68.3183493636148
0.884648954201877 3525.71744277828 67.2038529607593
0.887318954201877 4028.12873050784 71.8284723705128
0.889988954201877 2679.59556959557 58.5806411521401
0.892658954201877 1958.31058775569 50.0765976235684
0.895328954201877 2753.63169641138 59.3774419123994
0.897998954201877 3293.69972848048 64.9359331884686
0.900668954201877 3778.62418437585 69.5483071272773
0.903338954201877 2935.89599884759 61.3017641082078
0.906008954201877 2844.9136674398 60.3420567880153
0.908678954201877 2022.65730779409 50.8779542328893
0.911348954201877 2592.95962887299 57.6035548437776
0.914018954201877 3806.6119285075 69.7916764253509
0.916688954201877 2331.8959218255 54.6225321165014
0.919358954201877 1938.86595833191 49.8051276635115
0.922028954201877 1732.26917446594 47.0750478073106
0.924698954201877 2369.16836871878 55.0508411122141
0.927368954201877 2677.90566133446 58.5256905012144
0.930038954201877 4115.64331553442 72.5522167806527
0.932708954201877 2657.67910297983 58.2996575245677
0.935378954201877 2980.14649264919 61.7328672503647
0.938048954201877 3197.48212540705 63.9417639879513
0.940718954201877 2979.40975774231 61.7203777201252
0.943388954201877 3112.20675585944 63.0783875963945
0.946058954201877 4846.22834718309 78.7102340505386
0.948728954201877 4292.81878853491 74.0770105890477
0.951398954201877 3496.17027869732 66.8484527264653
0.954068954201877 3949.83955420343 71.0505916461246
0.956738954201877 2142.28807194388 52.3238636209973
0.959408954201877 3298.82012685529 64.9266634745112
0.962078954201877 2907.85488745464 60.9555183318202
0.964748954201877 2933.2971786626 61.2191916352379
0.967418954201877 1951.25217309527 49.9285727640158
0.970088954201877 2588.09273060988 57.4996578329029
0.972758954201877 3483.57804593484 66.7069381509845
0.975428954201877 2296.14552325133 54.1552828367989
0.978098954201877 1849.85864093478 48.6063805952312
0.980768954201877 1641.00249500915 45.7784958819849
0.983438954201877 2034.20505052549 50.9667743108481
0.986108954201877 1539.21053752567 44.332444773413
0.988778954201877 2344.00628968332 54.7059969229979
0.991448954201877 2629.42843398844 57.9387483758233
0.994118954201877 2199.77280642048 52.9919896585184
0.996788954201877 3240.70162349051 64.3166940975966
0.999458954201877 2967.87934604167 61.5474675468977
1.00212895420188 2212.98823632381 53.1449161067966
1.00479895420188 3510.62143354221 66.9346836178121
1.00746895420188 3810.68818281959 69.7345435457486
1.01013895420188 1491.49636148115 43.6258995716286
1.01280895420188 2480.5945973962 56.2598062706677
1.01547895420188 2522.84413216179 56.7351992005347
1.01814895420188 3403.47894246123 65.8955286001303
1.02081895420188 4039.36218888621 71.7856847268728
1.02348895420188 5086.09812506785 80.5491298112961
1.02615895420188 4316.39635923076 74.2020971927247
1.02882895420188 3615.94252558749 67.913062551518
1.03149895420188 4295.31784768588 74.0162781876215
1.03416895420188 1893.33882405751 49.1395068355884
1.03683895420188 2933.62556820512 61.1654248826962
1.03950895420188 3102.27164850971 62.8970967588656
1.04217895420188 2755.59252427515 59.2768637111908
1.04484895420188 1892.29551084995 49.1200984061935
1.04751895420188 1638.91432052354 45.7119663199018
1.05018895420188 2329.69068554197 54.498925310249
1.05285895420188 3423.88664431549 66.0671425154941
1.05552895420188 2342.36087644942 54.6436579753779
1.05819895420188 3280.42805245046 64.6643842370603
1.06086895420188 3526.47384458067 67.0435877418525
1.06353895420188 3117.87223666498 63.0380971942796
1.06620895420188 2122.54277014218 52.0102794411811
1.06887895420188 2482.37109765919 56.2446655017482
1.07154895420188 2087.06820400879 51.5707358776622
1.07421895420188 2344.40493860835 54.656062723229
1.07688895420188 3173.58305597691 63.5892912551512
1.07955895420188 2001.44764806165 50.4973034648147
1.08222895420188 2479.73731508201 56.2064205033862
1.08489895420188 2153.79999601946 52.380880442364
1.08756895420188 1731.06840851279 46.9585027486731
1.09023895420188 1659.01126302213 45.9693973243921
1.09290895420188 3156.40814556657 63.4056175421129
1.09557895420188 2747.52626235508 59.1546788057774
1.09824895420188 2600.61738516235 57.5497471452326
1.10091895420188 2641.86546120802 58.0029107316022
1.10358895420188 1016.12731452698 35.9716546218328
1.10625895420188 660.237911599738 28.9953592110171
1.10892895420188 3356.03178861467 65.3707110681353
1.11159895420188 2046.93388742927 51.0521451830434
1.11426895420188 1719.41765580286 46.7890998303773
1.11693895420188 1502.03987176063 43.7307212815765
1.11960895420188 1477.21705215932 43.3670595887353
1.12227895420188 1329.17329834196 41.1358556267745
1.12494895420188 1885.26565435144 48.9900540803949
1.12761895420188 1975.22345927011 50.14431099691
1.13028895420188 1378.02338210351 41.882611527563
1.13295895420188 1915.58412444761 49.3796473480955
1.13562895420188 2339.43410401822 54.5688355826425
1.13829895420188 1923.60847922034 49.4811207974367
1.14096895420188 2698.65635093834 58.6066486506634
1.14363895420188 2117.93776781437 51.9184359226604
1.14630895420188 1969.34106742529 50.0630586292956
1.14897895420188 1973.21194044953 50.1113018569777
1.15164895420188 857.883718975675 33.0411335315621
1.15431895420188 2120.20756926154 51.9423772670418
1.15698895420188 2712.71891580229 58.7525791557121
1.15965895420188 2003.81340231524 50.4946170736423
1.16232895420188 1798.94304626619 47.8428516223001
1.16499895420188 2633.80758291518 57.8884975325684
1.16766895420188 2143.50499009077 52.2221094508012
1.17033895420188 2142.59042057141 52.2099942755819
1.17300895420188 1487.71768937397 43.5047056170548
1.17567895420188 1800.17365825358 47.8547527111112
1.17834895420188 1064.84254731364 36.8046317739024
1.18101895420188 1598.05641960112 45.0866260324344
1.18368895420188 1968.86801399967 50.0439853323675
1.18635895420188 2192.37587423989 52.8071825108244
1.18902895420188 1273.85158931355 40.2519392869699
1.19169895420188 2099.40709734803 51.6734698728081
1.19436895420188 2010.47134838698 50.566179410905
1.19703895420188 2215.56122653167 53.0817188134119
1.19970895420188 1219.24277648234 39.3767706654667
1.20237895420188 1366.9868048651 41.6935680934149
1.20504895420188 2311.89445141465 54.2205673208214
1.20771895420188 2216.32732507963 53.0872428499089
1.21038895420188 1228.59465605136 39.5248922309582
1.21305895420188 2517.86859687502 56.5817111778768
1.21572895420188 1348.28517278639 41.4041229276398
1.21839895420188 2664.8783416541 58.2082532089636
1.22106895420188 2690.94001853221 58.4912690956932
1.22373895420188 1839.08612738286 48.3540920028953
1.22640895420188 1531.17287907938 44.1202002185074
1.22907895420188 2113.88336564561 51.8392886372964
1.23174895420188 2155.15747147458 52.3421055334207
1.23441895420188 1325.93578149129 41.0550033136218
1.23708895420188 2354.10151699902 54.7029315909573
1.23975895420188 2081.15771566139 51.4332142292286
1.24242895420188 1623.78379416595 45.430595683486
1.24509895420188 2533.54527663112 56.7468587184497
1.24776895420188 1997.59824089266 50.3877220227099
1.25043895420188 1424.25471576601 42.5458931202223
1.25310895420188 1962.95134310028 49.9472681001905
1.25577895420188 2422.37568569851 55.4843983586165
1.25844895420188 1681.29585450914 46.223769902507
1.26111895420188 2208.54813658349 52.9773079476796
1.26378895420188 2424.64487720683 55.5077571993579
1.26645895420188 1115.04505309114 37.6416781573763
1.26912895420188 1373.76337730866 41.7803328516198
1.27179895420188 1614.95280539015 45.2990406527876
1.27446895420188 1211.22448881554 39.2296620505234
1.27713895420188 2502.69635429916 56.3896610488013
1.27980895420188 1841.05089236072 48.3639160425728
1.28247895420188 1188.62966166399 38.8601972987276
1.28514895420188 1391.92706866081 42.0516573787891
1.28781895420188 961.266490828266 34.9453935670167
1.29048895420188 1293.52372717799 40.5367000297234
1.29315895420188 1098.09208699374 37.3485486012435
1.29582895420188 803.609199372623 31.9499332368558
1.29849895420188 1497.57687633452 43.6149344835264
1.30116895420188 1641.48678114248 45.661843957523
1.30383895420188 971.380304411405 35.1256402559495
1.30650895420188 899.962373085604 33.8093351044326
1.30917895420188 1431.71203203233 42.6429403310096
1.31184895420188 2018.63515559484 50.6340974141532
1.31451895420188 1141.64204482018 38.0779873381498
1.31718895420188 724.421086282298 30.3318849734196
1.31985895420188 146.368554793185 13.6339784136761
1.32252895420188 802.092209836202 31.9157981445553
1.32519895420188 811.634320210341 32.1046997505402
1.32786895420188 1345.42603862025 41.3345463867541
1.33053895420188 1685.04698718015 46.2577090215212
1.33320895420188 1159.59539862237 38.3730398011855
1.33587895420188 1147.5309175312 38.172447838372
1.33854895420188 1438.22732625345 42.7342838842686
1.34121895420188 1544.1929968966 44.2800703182863
1.34388895420188 1843.24836768369 48.377596890969
1.34655895420188 1715.6657381605 46.6727672710659
1.34922895420188 2165.83885855924 52.439088286482
1.35189895420188 3115.93125733472 62.8971323241348
1.35456895420188 1772.77563002248 47.4415256585158
1.35723895420188 2707.24201250119 58.6259846814112
1.35990895420188 3307.28512285942 64.7973548330312
1.36257895420188 2881.59823086943 60.4829579124796
1.36524895420188 2457.04287788484 55.8492730084814
1.36791895420188 2330.21232103038 54.3880830953436
1.37058895420188 2629.64403335443 57.7762480394179
1.37325895420188 2035.15890258021 50.827045360113
1.37592895420188 2089.0888720406 51.4954678930611
1.37859895420188 1558.27358346973 44.4741086897751
1.38126895420188 1690.3261027018 46.3196742033025
1.38393895420188 1449.64694797308 42.8949551196076
1.38660895420188 871.95753054566 33.2673041837078
1.38927895420188 916.674225763968 34.1092602598885
1.39194895420188 1270.88018273988 40.1616865275071
1.39461895420188 614.151047666426 27.9185002148785
1.39728895420188 865.050532257565 33.133710390743
1.39995895420188 3569.03934350494 67.3007413255306
1.40262895420188 2187.5329498324 52.6886317279754
1.40529895420188 1980.14029101111 50.1283138137493
1.40796895420188 512.968196091182 25.5138403056691
1.41063895420188 919.179524945073 34.1527973187822
1.41330895420188 2215.071392303 53.0170392606638
1.41597895420188 1954.24065497604 49.7973377723457
1.41864895420188 510.251708459519 25.4451393682728
1.42131895420188 787.225492837797 31.605136581473
1.42398895420188 1371.16806927 41.71084026396
1.42665895420188 1217.58058919507 39.3050132963953
1.42932895420188 588.516376586093 27.3258614534088
1.43199895420188 1945.82141874745 49.68686226622
1.43466895420188 1607.44211396362 45.159928881618
1.43733895420188 1815.79905467278 47.9970965744048
1.44000895420188 1571.09109313771 44.6454549896744
1.44267895420188 955.214570302654 34.8114838015484
1.44534895420188 1570.75580654135 44.6397648797737
1.44801895420188 1413.72792288341 42.3492745468506
1.45068895420188 1562.01842851834 44.5145133016379
1.45335895420188 549.054754895866 26.39136642763
1.45602895420188 861.876893507626 33.0652767741122
1.45869895420188 2021.66787688436 50.6407284215817
1.46136895420188 1735.3303780954 46.9171495447561
1.46403895420188 1104.29274167238 37.4264071472234
1.46670895420188 1432.05089277312 42.6197355004935
1.46937895420188 2182.21137692832 52.6108631046086
1.47204895420188 1647.87658609027 45.7177507083748
1.47471895420188 1543.1477394583 44.2406767547834
1.47738895420188 1794.92825323933 47.7130357766949
1.48005895420188 1521.33061836131 43.9259133369579
1.48272895420188 1439.11295897887 42.7220352281771
1.48539895420188 831.775466273392 32.4790291760338
1.48806895420188 1423.13061056108 42.4832624461124
1.49073895420188 849.424841557975 32.8211242639289
1.49340895420188 1052.52600073186 36.5344761907909
1.49607895420188 734.58091158093 30.5212124485486
1.49874895420188 638.208676795197 28.4484630652113
1.50141895420188 1235.30352965232 39.5785647501217
1.50408895420188 2689.35081769241 58.3973985819475
1.50675895420188 2634.84710035888 57.8021580210627
1.50942895420188 1278.90092828935 40.2699756419814
1.51209895420188 1143.89229601942 38.0848329418111
1.51476895420188 894.708106861902 33.6819126554282
1.51743895420188 438.781789440347 23.5872292561735
1.52010895420188 241.030499218343 17.4817619625327
1.52277895420188 320.794403598048 20.1678297006609
1.52544895420188 394.916743692321 22.3766525770201
1.52811895420188 2133.59529720135 52.0109683314192
1.53078895420188 2669.28574840767 58.1745485853991
1.53345895420188 1110.22566524021 37.5178282403287
1.53612895420188 954.570876516974 34.7882610849634
1.53879895420188 1400.10334942181 42.13133776853
1.54146895420188 729.647157154847 30.4143276650032
1.54413895420188 1336.5197767695 41.1629071037882
1.54680895420188 1502.40770375716 43.642419162649
1.54947895420188 2099.17933941505 51.5865231252756
1.55214895420188 1712.94113738246 46.5992875487827
1.55481895420188 2718.04225323863 58.6992740109741
1.55748895420188 2031.51612138546 50.7471124327052
1.56015895420188 1172.70136238313 38.5559567590309
1.56282895420188 1802.6851309313 47.8029037940727
1.56549895420188 1356.40859227445 41.465430359408
1.56816895420188 1503.81947112685 43.6601610673484
1.57083895420188 1082.75007506388 37.0465835634908
1.57350895420188 945.808891232516 34.624404992638
1.57617895420188 1615.41700287865 45.2500973703281
1.57884895420188 2338.19219239117 54.4394672653216
1.58151895420188 1513.4018383323 43.7973125510949
1.58418895420188 1698.11196747292 46.392744538004
1.58685895420188 2071.71068309805 51.2422306874492
1.58952895420188 1032.05587868044 36.1669304224329
1.59219895420188 413.796053088045 22.9007542738081
1.59486895420188 1003.35966566596 35.6600135819415
1.59753895420188 1859.01064265327 48.5389852683805
1.60020895420188 1788.24278013993 47.6057786664299
1.60287895420188 1760.4809227797 47.2344567390069
1.60554895420188 962.375970699952 34.9230751544849
1.60821895420188 2551.08002236672 56.8589668550727
1.61088895420188 2301.87452489342 54.0100496550318
1.61355895420188 1894.15691564091 48.9935106610891
1.61622895420188 912.078800263513 33.9972347346329
1.61889895420188 635.956986827525 28.3882168819572
1.62156895420188 784.339413792015 31.5263064284264
1.62423895420188 794.902830142247 31.7376615299174
1.62690895420188 753.731717910058 30.9046000804635
1.62957895420188 360.975097051854 21.3870154398397
1.63224895420188 1167.50165071153 38.4624675919038
1.63491895420188 1231.28581416193 39.4988689004414
1.63758895420188 1006.96170607874 35.7197596801393
1.64025895420188 2413.19344337529 55.2961568879005
1.64292895420188 1677.56549922886 46.1036651916764
1.64559895420188 782.005525837746 31.4772983282157
1.64826895420188 623.040015767992 28.0961840361681
1.65093895420188 1729.70768848319 46.8136555999183
1.65360895420188 981.393350462364 35.2618085092428
1.65627895420188 860.769632686639 33.023517088199
1.65894895420188 908.23769707439 33.9216092682561
1.66161895420188 1415.4638975665 42.347025757916
1.66428895420188 737.19014544713 30.5604752879768
1.66695895420188 892.224454558824 33.6205051146743
1.66962895420188 1862.19389329128 48.570933548638
1.67229895420188 1597.40701208448 44.9850931355559
1.67496895420188 2068.27084600184 51.1871989337814
1.67763895420188 1543.25057646605 44.2153138818404
1.68030895420188 1682.06137200638 46.1606840562495
1.68297895420188 1969.50798373331 49.94902541195
1.68564895420188 722.732818824165 30.2575571907003
1.68831895420188 988.849360221926 35.3921439626292
1.69098895420188 1032.44274814538 36.1635970158221
1.69365895420188 682.82713582679 29.4097170714191
1.69632895420188 1407.08872185643 42.2175503655354
1.69899895420188 1737.34741772595 46.9107583963023
1.70166895420188 1878.32113193456 48.7765429927292
1.70433895420188 1260.75726740786 39.9612306640366
1.70700895420188 1084.18742095605 37.0571756728785
1.70967895420188 270.815328249565 18.520545538049
1.71234895420188 613.491561294338 27.8752307091723
1.71501895420188 1333.25545083636 41.0930027838857
1.71768895420188 1758.20186817988 47.1891964266457
1.72035895420188 1722.82667183974 46.7117379961789
1.72302895420188 847.56578297409 32.7633997230897
1.72569895420188 926.288900393675 34.2509405686382
1.72836895420188 974.912423984904 35.1381663252624
1.73103895420188 1777.10338312145 47.440543743428
1.73370895420188 1860.28837293321 48.5378423278134
1.73637895420188 1791.49385559123 47.6315826083964
1.73904895420188 2609.25587772007 57.4834340290542
1.74171895420188 2857.26498548366 60.1529109022648
1.74438895420188 1429.74048933144 42.5507301056614
1.74705895420188 1518.21504371678 43.847220929641
1.74972895420188 1642.21239884221 45.6023380863616
1.75239895420188 1370.41488805268 41.6577203185317
1.75506895420188 862.069603402685 33.0398183565507
1.75773895420188 781.370680688131 31.4551716643564
1.76040895420188 379.284453821361 21.9150791832783
1.76307895420188 933.500926810227 34.3807161554229
1.76574895420188 1687.6116089517 46.2264787924212
1.76841895420188 994.203688299134 35.4804618985823
1.77108895420188 248.157046769042 17.7260473468254
1.77375895420188 986.006065540751 35.3333984618417
1.77642895420188 1090.18252260004 37.1528594168393
1.77909895420188 1285.61496121603 40.3455011380617
1.78176895420188 1407.51690087904 42.2146782248462
1.78443895420188 457.831035433918 24.0761093640418
1.78710895420188 2129.91913233877 51.9292761283903
1.78977895420188 1140.13557638295 37.9932091806175
1.79244895420188 923.937474279443 34.2015697760872
1.79511895420188 1212.84166960088 39.1853582747677
1.79778895420188 852.641572655063 32.8550428211747
1.80045895420188 695.972293969403 29.6832795316281
1.80312895420188 363.114233605903 21.4405006055154
1.80579895420188 1425.91851460606 42.487190818586
1.80846895420188 986.843306626037 35.3453381923022
1.81113895420188 964.934575640284 34.9505773324652
1.81380895420188 1432.42529741036 42.5832485399978
1.81647895420188 642.51221770093 28.5194319923311
1.81914895420188 406.527011147753 22.6851814914318
1.82181895420188 161.771416794226 14.3102040815041
1.82448895420188 337.003532957568 20.6542551595157
1.82715895420188 671.139288896124 29.1471449593223
1.82982895420188 156.084778007014 14.0561810616112
1.83249895420188 433.17109232837 23.4160792077915
1.83516895420188 3.11766248994552 1.98653569143207
1.83783895420188 254.670147239288 17.9542893967331
1.84050895420188 532.227956177587 25.9552622197753
1.84317895420188 235.308801691414 17.258102475484
1.84584895420188 1046.37312702552 36.3927290462479
1.84851895420188 1267.36515455395 40.0515745558147
1.85118895420188 703.411599504134 29.8380786126271
1.85385895420188 439.163977112102 23.576363753792
1.85652895420188 1584.15707844124 44.7775129021342
1.85919895420188 1786.91125799424 47.5564816415819
1.86186895420188 637.277938009665 28.4001114270356
1.86453895420188 534.140026149349 26.0004306559545
1.86720895420188 2.62792716240752 1.8237152064168
1.86987895420188 307.187786197295 19.7174027335223
1.87254895420188 84.4192664559397 10.3363188961049
1.87521895420188 1532.26674223545 44.0361840190143
1.87788895420188 1731.52492777127 46.8116815399401
1.88055895420188 683.59707515128 29.4128659199208
1.88322895420188 531.414104666616 25.9329045352963
1.88589895420188 762.37735297287 31.0611115683271
1.88856895420188 14.997977749742 4.35658036771308
1.89123895420188 891.655744335004 33.5911877906004
1.89390895420188 915.257920540232 34.0326588465828
1.89657895420188 635.986625343153 28.3690962608141
1.89924895420188 1035.51093602009 36.1989735878831
1.90191895420188 1106.5067945144 37.4191374285208
1.90458895420188 1131.00530560062 37.8309170219453
1.90725895420188 1619.93602006462 45.27529583912
1.90992895420188 1177.8626417313 38.6062401066087
1.91259895420188 1027.52327480536 36.0581827627464
1.91526895420188 2537.65497567119 56.6659412132928
1.91793895420188 2086.73573780268 51.3851187476824
1.92060895420188 1394.90931388883 42.0121050252895
1.92327895420188 451.818954330406 23.9101057218027
1.92594895420188 832.1649834659 32.449036791173
1.92861895420188 2073.17731547437 51.2168816897348
1.93128895420188 2154.17763516923 52.2075704572609
1.93395895420188 1711.61432141224 46.5364768074941
1.93662895420188 967.761602529249 34.9923053863008
1.93929895420188 745.0444798899 30.7027503252965
1.94196895420188 978.172005388614 35.1796579679677
1.94463895420188 730.958383650875 30.4108207604519
1.94730895420188 1200.74685976093 38.9767266391293
1.94997895420188 1134.76344122057 37.8904810420147
1.95264895420188 1540.42003189707 44.1463546205149
1.95531895420188 2394.11643605804 55.0358553442972
1.95798895420188 2114.55574926278 51.7226149909753
1.96065895420188 992.490537565321 35.4349569149623
1.96332895420188 951.911607556387 34.7028266221178
1.96599895420188 862.285728146829 33.0285840545052
1.96866895420188 2601.09919926353 57.3641591375086
1.97133895420188 1253.68961565024 39.8249286179451
1.97400895420188 1143.2312444759 38.0298709621722
1.97667895420188 987.008240395471 35.3358885074616
1.97934895420188 1055.15161828021 36.5351486585979
1.98201895420188 450.522474750203 23.8731370956762
1.98468895420188 713.71595383432 30.0477378273131
1.98735895420188 1396.32910906073 42.028200185552
1.99002895420188 755.605283243799 30.9166341347974
1.99269895420188 1227.58707112381 39.4065744404033
1.99536895420188 1279.03913719373 40.2237229842629
1.99803895420188 1003.20566784167 35.6232184530388
2.00070895420188 1035.85942852137 36.1981551540832
2.00337895420188 1875.94071452312 48.712875455522
2.00604895420188 1737.78977800116 46.8846865342333
2.00871895420188 1827.40455984118 48.0781707690376
2.01138895420188 1583.02230338756 44.7478616254358
2.01405895420188 2105.0871685202 51.6014609427726
2.01672895420188 1942.47273491034 49.5681382462041
2.01939895420188 1290.14673510233 40.3964202243019
2.02206895420188 1810.11787300112 47.8492287097936
2.02473895420188 1246.33316445393 39.7042297369316
2.02740895420188 639.560379767568 28.4419036643551
2.03007895420188 623.87672011041 28.0908875513095
2.03274895420188 1483.92617654918 43.3231877613591
2.03541895420188 2069.79349391141 51.1653502700612
2.03808895420188 1780.57576753336 47.455970349721
2.04075895420188 1238.15675260018 39.5727862991443
2.04342895420188 1192.88559440826 38.842430498544
2.04609895420188 1358.01300439874 41.4435691910247
2.04876895420188 733.280968254325 30.4535957580581
2.05143895420188 1883.91113498838 48.8125801371283
2.05410895420188 702.769047579855 29.8130258145662
2.05677895420188 747.14167186504 30.7396847379367
2.05944895420188 504.316076858043 25.255008640236
2.06211895420188 324.390216881665 20.2548100467488
2.06478895420188 68.6296264527337 9.31640379950732
2.06745895420188 325.341185151753 20.2843078997439
2.07012895420188 1188.12073558063 38.763157460617
2.07279895420188 2125.3325573644 51.8442374255981
2.07546895420188 1105.46563178031 37.3902054512223
2.07813895420188 667.973134104145 29.0645037576399
2.08080895420188 549.189246722244 26.3537615839408
2.08347895420188 257.298882173798 18.038430001003
2.08614895420188 801.382576288722 31.8344916470033
2.08881895420188 499.228252952701 25.1261376468797
2.09148895420188 1190.93503622507 38.8077423597731
2.09415895420188 2517.47624107791 56.4228758512192
2.09682895420188 2118.64328483379 51.7606395582838
2.09949895420188 1563.06571227556 44.4587775587065
2.10216895420188 1588.63943412516 44.8208229788169
2.10483895420188 1242.98069123945 39.6458457678891
2.10750895420188 164.923476980675 14.4412596253761
2.11017895420188 968.724275325145 34.9995342326923
2.11284895420188 448.170705504112 23.8057706370758
2.11551895420188 445.530780258944 23.7354629857981
2.11818895420188 459.849571215427 24.1137682337652
2.12085895420188 577.890368044128 27.0320048157863
2.12352895420188 1449.6778923658 42.8143765945007
2.12619895420188 616.051253129674 27.9100508738777
2.12886895420188 1633.34409914707 45.4453432501422
2.13153895420188 1416.10006604761 42.3151470277728
2.13420895420188 1003.05523027755 35.6130889717699
2.13687895420188 1074.21156841356 36.8544956594272
2.13954895420188 1769.6783967219 47.3032601132546
2.14221895420188 956.768493675957 34.7812887452702
2.14488895420188 1676.28454997631 46.0377877843361
2.14755895420188 1342.17039409771 41.1948325158623
2.15022895420188 469.516744525535 24.3647968835462
2.15289895420188 1258.97226925328 39.8973153324513
2.15556895420188 1176.92084517908 38.5751441036597
2.15823895420188 791.26710641885 31.6296090664893
2.16090895420188 81.3864207358501 10.1439378847726
2.16357895420188 637.004212266809 28.3791966312963
2.16624895420188 228.903788032216 17.0119372979154
2.16891895420188 109.619844195472 11.7725410144085
2.17158895420188 511.90028001408 25.4399728741986
2.17425895420188 1145.8324075604 38.0612326625451
2.17692895420188 1185.64495979514 38.7166673314365
2.17959895420188 1214.61431220546 39.1866531302865
2.18226895420188 201.497304704973 15.960699997379
2.18493895420188 797.612196497349 31.754958199632
2.18760895420188 1753.31106977766 47.0807614298732
2.19027895420188 1092.93262910921 37.1714091132777
2.19294895420188 1627.75811019156 45.3634003751445
2.19561895420188 1987.93330798776 50.1314089598346
2.19828895420188 1871.16853505962 48.6366660035914
2.20095895420188 2150.90796624507 52.1454976179828
2.20362895420188 1899.48280162834 49.0029418083547
2.20629895420188 1726.09741658389 46.7127773308299
2.20896895420188 624.166130241727 28.0899977901974
2.21163895420188 208.798565490222 16.2466539049318
2.21697895420188 337.755729533772 20.6632519830576
2.21964895420188 1118.42011220836 37.6009104916579
2.22231895420188 173.029101472674 14.7895180339009
2.22498895420188 333.83453299653 20.5427529181257
2.22765895420188 627.153868211373 28.1564976998233
2.23032895420188 1451.47937422436 42.8346855240766
2.23299895420188 769.141745224169 31.1811341618547
2.23566895420188 596.493999405605 27.4593544796037
2.23833895420188 402.582300041867 22.5586543602576
2.24100895420188 1164.02804125921 38.358899658098
2.24367895420188 0.492299034048112 0.788855538524893
2.24901895420188 62.4211249259541 8.88271888876614
2.25168895420188 720.391677786545 30.1760946962822
2.25435895420188 1.91941644545222 1.55762125141843
2.25702895420188 3.56053107541844 2.12145203032305
2.25969895420188 842.641605053652 32.6359187087934
2.26236895420188 512.414816850856 25.4497664236417
2.26503895420188 152.518803925482 13.8845952529442
2.26770895420188 129.009611732678 12.7697128235912
2.27037895420188 507.963607657972 25.3387369876707
2.27304895420188 669.068674288551 29.0805475947116
2.27571895420188 503.300226383081 25.2219907615397
2.27838895420188 1266.16550670951 40.0045699508889
2.28105895420188 324.059995796494 20.2383753213695
2.28372895420188 19.5375434535373 4.9693144689934
2.28639895420188 636.785308220425 28.3698204554057
2.28906895420188 352.456325047828 21.1062603886618
2.29173895420188 16.3146778838634 4.54094724798056
2.29440895420188 1139.7923901557 37.9549697024313
2.29707895420188 1620.9397143487 45.2624201417946
2.29974895420188 910.342557191246 33.9199678735438
2.30241895420188 979.70770691165 35.1884597427403
2.30508895420188 387.204235705116 22.1218289966864
2.30775895420188 452.39444850798 23.9115979836576
2.31042895420188 430.448375833696 23.324346773169
2.31309895420188 1619.8804118782 45.2469610460102
2.31576895420188 687.942592768318 29.4864863215849
2.31843895420188 525.585712676872 25.7731609595619
2.32110895420188 553.295305558007 26.4437710947462
2.32377895420188 862.054433442049 33.0073932288439
2.32644895420188 1222.73313086015 39.310512700028
2.32911895420188 522.55745638522 25.6985653175886
2.33178895420188 1275.68631512757 40.1525182487024
2.33445895420188 585.708694209599 27.2070002750854
2.33712895420188 362.367425935517 21.3999809622326
2.33979895420188 10.5919712755006 3.65869489562575
2.34246895420188 345.334823535412 20.8908913576796
2.34513895420188 1171.56706684069 38.4786074548576
2.34780895420188 15.3687433088656 4.40711043439758
2.35047895420188 693.909839495289 29.6131947992768
2.35314895420188 492.398792283117 24.9454427171892
2.35581895420188 238.141879984484 17.3480074955348
2.35848895420188 919.098683269841 34.0809561088728
2.36115895420188 824.766023602099 32.2845743362251
2.36382895420188 686.984834005565 29.4647149805376
2.36649895420188 427.165589908614 23.2340963458735
2.36916895420188 392.611001114797 22.2744953490888
2.37183895420188 200.740253056768 15.927325681775
2.37450895420188 814.253067408915 32.077780726976
2.37717895420188 1300.06921865696 40.532821521023
2.37984895420188 272.640591101059 18.5617039490103
2.38251895420188 519.096778739446 25.6121323253611
2.38518895420188 1237.35292169551 39.5427937771705
2.38785895420188 1042.70679470312 36.2995000275163
2.39052895420188 364.885749280495 21.4732103457152
2.39319895420188 1608.51028009476 45.0847258755021
2.39586895420188 1186.79020308786 38.7260743581268
2.39853895420188 1194.34067992956 38.8489778738499
2.40120895420188 981.749609511117 35.2220630747722
2.40387895420188 1883.35525144198 48.7842101436988
2.40654895420188 1135.94645781829 37.8870522745167
2.40921895420188 1589.02822427041 44.8101527353315
2.41188895420188 825.894366474193 32.3051381583635
2.41455895420188 762.249804619027 31.0353568914351
2.41722895420188 503.733114128092 25.2294083386977
2.41989895420188 108.921718973273 11.7317497592942
2.42256895420188 355.205336241988 21.1857586508977
2.42523895420188 657.505886863039 28.8239061239958
2.42790895420188 1831.13137759527 48.1018186218379
2.43057895420188 711.499907748767 29.9838847788475
2.43324895420188 602.779134222815 27.5980446935325
2.43591895420188 461.872739949176 24.1578959237431
2.43858895420188 1310.38883745355 40.6908502987064
2.44125895420188 461.05699717473 24.1364121745779
2.44392895420188 563.981198760339 26.6947864021321
2.44659895420188 1147.4897050698 38.0773984117986
2.44926895420188 35.9887656947315 6.74334030863998
2.45193895420188 958.598081306236 34.8023532714548
2.45460895420188 1400.94667016876 42.0726499747412
2.45727895420188 1110.26216779981 37.4542037234456
2.45994895420188 573.78872247127 26.9254229395705
2.46261895420188 708.294246861415 29.9152143472724
2.46528895420188 557.928112223992 26.5505251958934
2.46795895420188 694.94729382307 29.6318427338773
2.47062895420188 1114.56311393557 37.5261310729437
2.47329895420188 439.695345527716 23.5698123174497
2.47596895420188 835.458955460338 32.4893843262508
2.47863895420188 1653.32475733926 45.7042660113552
2.48130895420188 709.173020061824 29.9331545978965
2.48397895420188 450.632983459227 23.8608882296655
2.48664895420188 484.543816373291 24.7423176460292
2.48931895420188 1578.48514518667 44.6573380533076
2.49198895420188 1077.07257287423 36.8887380007345
2.49465895420188 128.662984424535 12.7496087254979
2.49732895420188 607.596597126741 27.7061668223978
2.49999895420188 7.40711153974616 3.05908787476929
2.50266895420188 480.187772782969 24.6304452947931
2.50533895420188 364.122986924431 21.4481593611618
2.50800895420188 287.392589836973 19.0547399949429
2.51067895420188 612.721611327277 27.8224972403928
2.51334895420188 733.537666955756 30.4421262765138
2.51601895420188 497.293316938935 25.0650946717411
2.51868895420188 621.406564566535 28.018844494504
2.52135895420188 539.568303137811 26.1086719606401
2.52402895420188 982.477263390704 35.2307660069239
2.52669895420188 208.964265289902 16.2478577572828
2.52936895420188 461.312884818323 24.141105459528
2.53203895420188 964.088597501407 34.8993307329665
2.53470895420188 477.256500596023 24.5546538484243
2.53737895420188 332.288360793018 20.4887148931288
2.54004895420188 400.256792504207 22.4867025127495
2.54271895420188 125.490970211655 12.5910492332538
2.55072895420188 810.710955917239 32.0026910069796
2.55339895420188 416.219577106261 22.9305247637127
2.55606895420188 334.693351090198 20.5624826490525
2.55873895420188 717.259010155824 30.1015789844089
2.56140895420188 978.113096797572 35.1515979664669
2.56407895420188 631.63083228337 28.2475938826419
2.56674895420188 561.476410487214 26.6326769970561
2.56941895420188 94.0073970436112 10.897561859891
2.57208895420188 1563.65024158215 44.4444362456144
2.57475895420188 666.655152180423 29.0200046770342
2.57742895420188 1203.91171052327 38.9980994217531
2.58009895420188 720.812161730356 30.1756365338008
2.58276895420188 720.585641781033 30.1708436212048
2.58543895420188 1257.08654034886 39.8498328854888
2.58810895420188 732.638992712961 30.4220303545446
2.59077895420188 2002.26936861518 50.2925547088952
2.59344895420188 300.326490967138 19.477738492873
2.59611895420188 247.108210097507 17.667884919775
2.59878895420188 1000.61043088915 35.5527133912823
2.60145895420188 1798.79398674312 47.6683540618368
2.60412895420188 1501.71053951094 43.5543617120054
2.60679895420188 1568.91076912647 44.5181140140337
2.60946895420188 1675.2947460232 46.0025964807938
2.61213895420188 1364.3492795129 41.5143852062971
2.61480895420188 1395.5812550983 41.9867721005337
2.61747895420188 1731.20349603297 46.7636154444809
2.62014895420188 36.2009218339132 6.76227660645783
2.62281895420188 417.665976896409 22.9692472235054
2.62548895420188 448.136872825539 23.7923121191354
2.62815895420188 1586.48799583907 44.7660525572943
2.63082895420188 477.140692245021 24.5500696976671
2.63349895420188 479.20809584428 24.6031475239449
2.63616895420188 968.628919333695 34.9789210511325
2.63883895420188 1083.52294234107 36.995239699784
2.64150895420188 988.095437492693 35.3285109587618
2.64417895420188 417.764941528683 22.9715858549986
2.64684895420188 166.368952694269 14.4964018593084
2.64951895420188 188.808097726295 15.443064412108
2.65218895420188 222.086490342876 16.7487862918482
2.65485895420188 905.400136335695 33.8175113638009
2.65752895420188 1310.7409177849 40.6891756793679
2.66019895420188 457.16198735052 24.0300467194438
2.66286895420188 551.885639029354 26.4023875680395
2.66553895420188 1448.14666852142 42.7685007390022
2.66820895420188 1270.06777985765 40.0525615898111
2.67087895420188 689.40757600865 29.5089644752459
2.67354895420188 587.196037193109 27.2336967901956
2.67621895420188 223.090344421957 16.7862823194846
2.67888895420188 1041.56342846439 36.2707130392898
2.68155895420188 658.385304355212 28.8371537223094
2.68422895420188 982.648377583154 35.2298257483266
2.68689895420188 469.720191298083 24.357355514797
2.68956895420188 480.954722189786 24.6468665261413
2.69223895420188 1089.94690281983 37.1032013821266
2.69490895420188 157.884467741801 14.1213921171564
2.69757895420188 599.099276724233 27.5078281540162
2.70024895420188 1497.01356633098 43.4829545768657
2.70291895420188 2258.57965340328 53.4100845975517
2.70558895420188 990.663765119609 35.3726894811709
2.70825895420188 993.924215151096 35.4308001700119
2.71092895420188 860.764698255286 32.9720485620927
2.71359895420188 537.685789324639 26.0595774057477
2.71626895420188 227.674665654853 16.9574218994274
2.71893895420188 11.1039224811257 3.74489861583046
2.72160895420188 751.055031095061 30.7990354912182
2.72427895420188 955.34539671105 34.7360816056322
2.72694895420188 852.491734107451 32.8129358457243
2.72961895420188 566.019897489435 26.7371573894262
2.73228895420188 692.534867055238 29.574648219723
2.73495895420188 674.104575345507 29.1784209474189
2.73762895420188 660.035775446877 28.8722924632733
2.74029895420188 817.932464083134 32.1407225292005
2.74296895420188 806.329280261434 31.9118888208638
2.74563895420188 1041.34207419423 36.2653927503242
2.74830895420188 1412.94036801506 42.2432162205228
2.75097895420188 1857.13256314259 48.4301589422943
2.75364895420188 1134.67938817098 37.8556238000914
2.75631895420188 1401.71313106504 42.0748694700842
2.75898895420188 719.565815621749 30.1458719668884
2.76165895420188 183.462059659144 15.2217681763529
2.76432895420188 905.157833155203 33.8106492487094
2.76699895420188 639.959370329014 28.4293504319604
2.76966895420188 810.49881198364 31.9938356258268
2.77233895420188 239.478313610958 17.3909215419046
2.77500895420188 195.19731992311 15.7009455581086
2.77767895420188 197.025675259857 15.7742847803571
2.78034895420188 106.256111010203 11.5841615471672
2.78301895420188 1036.71020343125 36.1839284359362
2.78568895420188 135.926074218891 13.1020061381524
2.78835895420188 435.805553434475 23.4602250518357
2.79102895420188 432.391549853976 23.3681200546078
2.79369895420188 184.121815674051 15.2488531786918
2.79636895420188 201.3997137241 15.9482621272118
2.79903895420188 963.361642221059 34.8801222234944
2.80170895420188 620.042814523055 27.9829578030608
2.80437895420188 853.511308301564 32.8312145129583
2.80704895420188 777.030179036771 31.3256999060002
2.80971895420188 566.921386193891 26.7573309860692
2.81238895420188 159.12890170762 14.1760564590656
2.81505895420188 572.445670069928 26.88732333145
2.81772895420188 1078.89610218486 36.9121868267925
2.82039895420188 551.512139618321 26.391072047203
2.82306895420188 1110.67169789778 37.4517294720034
2.82573895420188 706.276651513105 29.8652380320599
2.82840895420188 201.714538510079 15.9605071541261
2.83107895420188 461.792528767954 24.1491066059362
2.83374895420188 416.751425368491 22.9411769827147
2.83641895420188 620.459170924037 27.9919583551989
2.83908895420188 849.147812703322 32.7467238713126
2.84175895420188 1915.59585163402 49.1844347790777
2.84442895420188 878.121539147976 33.300640502935
2.84709895420188 743.146251247808 30.6345812563239
2.84976895420188 248.118814785818 17.7012600549719
2.85243895420188 803.826697029777 31.8606826932177
2.85510895420188 1165.76193853407 38.3688101071366
2.85777895420188 649.481226049362 28.6388930071346
2.86044895420188 76.8108169791068 9.84880750150475
2.86311895420188 759.133277912659 30.9621423269899
2.86578895420188 665.026081697039 28.9794979738512
2.86845895420188 3.58729979584723 2.12840801564184
2.87112895420188 489.302577944209 24.8576078403459
2.87379895420188 190.248011908467 15.4999456250916
2.87646895420188 657.029289939177 28.8046105131032
2.87913895420188 162.324744174073 14.3173135557507
2.88180895420188 1808.55786394877 47.7897664135438
2.88447895420188 644.965236025688 28.5388446701764
2.88714895420188 124.348181322238 12.5310506147786
2.88981895420188 958.783048839809 34.7958515774838
2.89248895420188 910.227911423368 33.9032944317065
2.89515895420188 891.434305292187 33.5514295604035
2.89782895420188 256.999571841577 18.0149096559668
2.90049895420188 21.5148056344441 5.21235767202695
2.90316895420188 243.573619053135 17.538012617066
2.90583895420188 217.474128983837 16.5717667369949
2.90850895420188 948.964872703759 34.6170326506991
2.91117895420188 279.264360307254 18.7789923269527
2.91384895420188 999.054341762728 35.5188454754554
2.91651895420188 1524.73169334757 43.8794077026695
2.91918895420188 1471.99280590546 43.113833918328
2.92185895420188 572.882542195145 26.8965360977417
2.92452895420188 3.04570163740689 1.96113276118127
2.92986895420188 40.8269638101752 7.18019723080852
2.93253895420188 1427.98468139911 42.4643385982679
2.93520895420188 746.245142446241 30.6975069424305
2.93787895420188 143.93358219041 13.4816538628899
2.94321895420188 0.964008206031613 1.10332125958943
2.94588895420188 264.043812846381 18.2599412838255
2.94855895420188 248.706677376702 17.7216787486926
2.95122895420188 538.892193448302 26.086261336611
2.95656895420188 160.298928080879 14.2274058195915
2.96190895420188 72.308807640728 9.55554640745082
2.96457895420188 25.4305373067929 5.66679434562652
2.96724895420188 274.460318238941 18.6165509343963
2.96991895420188 1.62633969202265 1.43306150508065
2.97258895420188 93.1594447588684 10.8460699986561
2.97525895420188 421.660608587029 23.0749214180846
2.97792895420188 694.899530359374 29.6223481580139
2.98059895420188 102.770852639832 11.3918225294071
2.98326895420188 464.593678500036 24.2211431657412
2.98593895420188 550.205066449012 26.3584603691985
2.98860895420188 544.833884283561 26.2294726386669
2.99127895420188 376.489695748775 21.803881307582
2.99394895420188 4.51461686648959 2.38763243371941
2.99661895420188 12.5737174556215 3.98463574181987
2.99928895420188 805.239511314868 31.8873973678501
