0.000000000000000000e+00 0.000000000000000000e+00 6.149268120976523200e-01
2.662037037037037202e-01 0.000000000000000000e+00 1.372120122082743920e-01
2.662037037037037202e-01 1.158682723272728143e-01 5.339525587383776167e-02
5.324074074074074403e-01 0.000000000000000000e+00 4.081261990659903159e-03
5.324074074074074403e-01 1.158682723272728143e-01 1.246775798676198407e-03
5.324074074074074403e-01 2.317365446545457397e-01 2.010555485403786797e-04
7.986111111111111605e-01 0.000000000000000000e+00 4.692980178162640265e-03
7.986111111111111605e-01 1.158682723272728143e-01 3.005875828714800208e-03
7.986111111111111605e-01 2.317365446545457397e-01 1.545200957547776793e-03
7.986111111111111605e-01 3.476048169818186651e-01 4.185473601475156132e-04
1.064814814814814881e+00 0.000000000000000000e+00 5.836049688543117758e-02
1.064814814814814881e+00 1.158682723272728143e-01 1.371067224708473822e-02
1.064814814814814881e+00 2.317365446545457397e-01 3.677933707552479264e-03
1.064814814814814881e+00 3.476048169818186651e-01 1.219012917248932411e-03
1.064814814814814881e+00 4.634730893090914794e-01 3.167983603026480396e-04
