0.000000000000000000e+00 0.000000000000000000e+00 1.938096026801549576e-01
2.662037037037037202e-01 0.000000000000000000e+00 1.907583074994149142e-01
2.662037037037037202e-01 1.158682723272728143e-01 1.905781689139322832e-01
5.324074074074074403e-01 0.000000000000000000e+00 1.811987628336756972e-01
5.324074074074074403e-01 1.158682723272728143e-01 1.823081606734085758e-01
5.324074074074074403e-01 2.317365446545457397e-01 1.826953221656125448e-01
7.986111111111111605e-01 0.000000000000000000e+00 1.725714340265103730e-01
7.986111111111111605e-01 1.158682723272728143e-01 1.732318603981962968e-01
7.986111111111111605e-01 2.317365446545457397e-01 1.741178059301321246e-01
7.986111111111111605e-01 3.476048169818186651e-01 1.751197726383367792e-01
1.064814814814814881e+00 0.000000000000000000e+00 1.637532016169941929e-01
1.064814814814814881e+00 1.158682723272728143e-01 1.660340552830449345e-01
1.064814814814814881e+00 2.317365446545457397e-01 1.680413701447274755e-01
1.064814814814814881e+00 3.476048169818186651e-01 1.695247672007545447e-01
1.064814814814814881e+00 4.634730893090914794e-01 1.708656558453627017e-01
