0.000000000000000000e+00 0.000000000000000000e+00
1.000000000000000000e+00 1.068628921547648269e-01
2.000000000000000000e+00 7.136420137143024700e-01
3.000000000000000000e+00 2.803456176761942142e+00
4.000000000000000000e+00 9.531194609205719814e+00
5.000000000000000000e+00 1.772632132752117684e+01
6.000000000000000000e+00 1.163324073324330499e+01
7.000000000000000000e+00 5.602340795036361953e+00
8.000000000000000000e+00 3.124836877547126690e+00
9.000000000000000000e+00 1.875733867858098591e+00
1.000000000000000000e+01 8.914661998485504668e-01
