-0.19988 471.502694694045 31.3740912495834
-0.19462 530.759852762585 33.2934521733057
-0.19199 971.167721860927 45.0398847642371
-0.18936 183.325925744806 19.5705234119911
-0.18673 633.821700136178 36.3927093394195
-0.1841 267.492558551018 23.6443304812883
-0.18147 764.795868159819 39.9838177540539
-0.17884 1233.5968518912 50.7853483493027
-0.17621 1224.50772184271 50.6026059521438
-0.17358 4.13678064268751 2.9414648760742
-0.17095 249.711327990584 22.8555584376768
-0.16832 1160.15815889888 49.2687564768304
-0.16569 1110.28554712449 48.2026177634273
-0.16043 39.7388374998823 9.12097775479555
-0.1578 795.843302735341 40.821396445433
-0.15517 88.8465197699256 13.6406333041243
-0.15254 587.22038009578 35.0715633757093
-0.14991 683.031179540766 37.8281467344038
-0.14728 1468.78544423145 55.4771583474172
-0.14465 786.226048423315 40.5927955465731
-0.14202 448.24059436171 30.6528635587231
-0.12887 176.983379029083 19.2700415103775
-0.12624 431.902820757749 30.1057601084306
-0.12361 88.5394771472892 13.6321769008169
-0.12098 793.278612032201 40.8084182817843
-0.11835 893.162168925284 43.3054139740452
-0.11572 1379.72441465506 53.8286325552654
-0.11309 1424.52541586933 54.7006395649485
-0.11046 604.486539226489 35.6361471313421
-0.10783 1811.59667412612 61.6976040606825
-0.1052 274.768189036715 24.0303931261817
-0.10257 357.03095580914 27.3949610410796
-0.09994 448.824538969756 30.7182266905638
-0.09731 43.2200137765776 9.53300290543745
-0.09468 759.147365828105 39.9556467035172
-0.09205 984.677268027975 45.5082271171472
-0.08942 702.307462782961 38.4356685938461
-0.08679 1970.50440420623 64.3853909994041
-0.08416 58.4649573387568 11.0910913298568
-0.08153 761.304931263108 40.0252092724921
-0.0789 885.864634649424 43.1783254374302
-0.07627 1756.52444570355 60.8046834861433
-0.07364 674.193769724403 37.6729922833294
-0.07101 2243.53105349993 68.7276674179197
-0.06838 1080.55097772927 47.6997388426278
-0.06575 1577.66865815122 57.6406773213137
-0.06312 60.8707117682474 11.3227825902991
-0.06049 1257.81434292021 51.4736598397242
-0.05786 2517.9733230456 72.8333245179115
-0.05523 2982.97881073466 79.2788692520395
-0.0526 3132.44635062624 81.2459968315034
-0.04997 2873.32066431709 77.817985348905
-0.04734 2800.15413708445 76.8257280557762
-0.04471 2096.26115445466 66.4762000216907
-0.04208 2895.035809846 78.1264761576747
-0.03945 2961.7249844086 79.0262548373181
-0.03682 3770.94021685191 89.1767470309062
-0.03419 5425.47657070607 106.972836466751
-0.03156 5962.67443751447 112.150928504257
-0.02893 6378.90362023637 116.006707467201
-0.0263 6285.37582303824 115.16047779615
-0.02367 10017.469980556 145.393371100498
-0.02104 11180.8221042216 153.613786822857
-0.01841 10773.1945815259 150.797214757329
-0.01578 13535.9720539325 169.041575090715
-0.01315 14511.105050906 175.035759661411
-0.01052 14579.2553158337 175.457502169158
-0.00789 15170.3771636097 178.990585311059
-0.00526 16538.2928338013 186.8981754417
-0.00263 15957.0912229902 183.59646171816
-0 17285.0795534306 191.094552504361
0.00263 17650.7415604486 193.112619352882
0.00526 17563.6935602668 192.643190320334
0.00789 19163.0995693817 201.231133189935
0.01052 16618.1343687836 187.400171968511
0.01315 16510.0841200384 186.79706617814
0.01578 12879.5058200417 164.991496800932
0.01841 11398.4869000391 155.221586602664
0.02104 10323.6435704897 147.727575126826
0.02367 8275.6430999698 132.270347802601
0.0263 7551.40487464874 126.354887889091
0.02893 5667.70411999447 109.470802596206
0.03156 4394.98948823203 96.4029190999415
0.03419 4091.79214034611 93.0217685272743
0.03682 2156.29071598975 67.5301961621568
0.03945 1372.83635495618 53.8852973636881
0.04208 616.463544792644 36.1103035990107
0.04471 1119.70493236411 48.6682551961232
0.04734 1584.43483016753 57.8958868649133
0.04997 428.967830867524 30.1258577624608
0.0526 631.863631828202 36.564132629821
0.05523 1411.48703921008 54.6510586358182
0.05786 1538.72248474903 57.0632911557582
0.06049 657.713001348724 37.3088113639553
0.06312 460.028459923728 31.2034117306071
0.06575 918.637404242069 44.0959115285146
0.06838 1135.72198079559 49.0319095642055
0.07101 464.734479925478 31.3661899041438
0.07364 2315.76835145356 70.0202092172388
0.07627 307.241794339702 25.5054223220115
0.0789 1188.70669424496 50.1702484038576
0.08153 1557.60061207534 57.4319384482861
0.08416 1011.55785582515 46.2846843004937
0.08679 2479.00630123402 72.4598245723686
0.08942 2130.29482773804 67.1730145607172
0.09205 194.267632895791 20.2857806307739
0.09468 2834.90400416069 77.4956269491802
0.09731 1066.19518675385 47.5272725251678
0.09994 1941.89968709851 64.1437643463576
0.10257 2423.23330027225 71.6563784873473
0.1052 3282.30002625158 83.3992753627071
0.10783 3201.38781728165 82.3679353473182
0.11046 2537.86491491321 73.3397090585533
0.11309 4395.27188121815 96.5191967230885
0.11572 3574.19810968336 87.0414326026088
0.11835 3611.91775847575 87.5027171219654
0.12098 2261.68037306646 69.2443141639026
0.12361 2905.97056135223 78.4928320214287
0.12624 1485.29111411614 56.1185025311602
0.12887 3183.91511577314 82.1669015585852
0.1315 5117.34232613718 104.172789008874
0.13413 5938.33025484346 112.222545474056
0.13676 5448.33781705021 107.496875163714
0.13939 5429.48247149797 107.314628584451
0.14202 6271.75334578835 115.342690092443
0.14465 7330.85007255699 124.706370771957
0.14728 8173.67438076314 131.684911886982
0.14991 8554.37651773169 134.721655352326
0.15254 8538.4661368485 134.60123263449
0.15517 10787.5435057715 151.299071567099
0.1578 12611.4154807316 163.596035369474
0.16043 15831.9156490515 183.304642869445
0.16306 19205.0539746023 201.897234481218
0.16569 22734.9980641995 219.677681505358
0.16832 27811.8077061973 242.979119979765
0.17095 29569.700450279 250.549579057499
0.17358 31683.4696746649 259.359673354955
0.17621 34760.5626797922 271.672293149511
0.17884 35923.0338598043 276.187690900845
0.18147 36858.2483107042 279.769924400115
0.1841 38356.5076015655 285.409925184147
0.18673 37502.5515737751 282.225215723202
0.18936 37994.4421413765 284.080420618749
0.19199 37734.4610816293 283.117165708378
0.19462 37155.0934843008 280.945554084134
0.19725 35842.9828490484 275.950327865951
0.19988 34610.9857328136 271.174931965394
0.20251 32035.9474870896 260.896036504146
0.20514 28293.8399885762 245.188885967298
0.20777 22898.1464483075 220.577462817184
0.2104 19526.6909061129 203.695501118629
0.21303 15950.7689556827 184.104355018279
0.21566 14093.0917836572 173.054353083398
0.21829 11688.7671581502 157.604959564065
0.22092 10383.2394681265 148.545020893206
0.22355 8522.03091923344 134.576538863494
0.22618 6190.72776460566 114.703004186444
0.22881 3702.94544586214 88.7122784723362
0.23144 4109.64964858139 93.4584585646217
0.23407 4457.045674907 97.3298140149498
0.2367 2842.74479009042 77.7315672511546
0.23933 2324.21530792404 70.2866433516624
0.24196 1284.84434508453 52.2595926318872
0.24459 1430.67525477311 55.1464335070365
0.24722 3304.94206085458 83.8175493910696
0.24985 2031.38170281019 65.7135513126656
0.25248 1453.19310353648 55.5810785336461
0.25511 913.317583975355 44.0638409573744
0.25774 521.834319730348 33.3076426120277
0.26037 2271.85056790365 69.4982058922051
0.263 1715.89746313114 60.3998018097371
0.26563 2766.33529689598 76.6917047338798
0.26826 1397.59825994038 54.5121476986521
0.27089 2289.77762582151 69.7758130378005
0.27352 2770.67540715391 76.7550946101552
0.27615 2021.45147577034 65.5619981285833
0.27878 2642.61916181575 74.9624797823596
0.28141 2800.44279682613 77.169580923133
0.28404 1864.07905760585 62.9609230156371
0.28667 2987.09712975226 79.7020934020377
0.2893 3019.42348513189 80.1333324701351
0.29193 2729.87069326215 76.1953311602384
0.29456 1613.26865989217 58.5756079078804
0.29719 2750.52427773952 76.4851865294549
0.29982 3355.29648277731 84.4775232203598
0.30245 4178.35482457961 94.2699719528575
0.30508 4142.30919649054 93.8605489772124
0.30771 3537.23780007725 86.7331413360816
0.31034 4001.38979986666 92.2464137969916
0.31297 2320.45047118646 70.2459557463802
0.3156 3001.38896888734 79.8890815142326
0.31823 4860.69293691586 101.663836047896
0.32086 5116.01567359392 104.297631196486
0.32349 4157.47206921706 94.0187111875267
0.32612 3930.33697469062 91.4125088247773
0.32875 5307.57041534759 106.225730953038
0.33138 3899.40643568145 91.0483770028624
0.33401 5927.34037132372 112.251977434882
0.33664 4485.48887427516 97.6472616382706
0.33927 2954.87483930649 79.2530220167497
0.3419 4005.43304352507 92.2703427237909
0.34453 5550.01354496203 108.611428552612
0.34716 7150.63719665629 123.279818063699
0.34979 7805.37658696079 128.797564773986
0.35242 7650.04280882964 127.506921838867
0.35505 8393.50594627883 133.556379468691
0.35768 5644.77439193806 109.523505987909
0.36031 7567.19667862184 126.806834349957
0.36294 8066.890071615 130.924018133293
0.36557 9453.21003899889 141.725179552023
0.3682 10255.0243683982 147.610352053732
0.37083 8877.12749333585 137.333282806437
0.37346 8639.2333639181 135.477845179221
0.37609 8324.17103560712 132.981822230256
0.37872 8040.61567472715 130.694568261479
0.38135 7060.9282364641 122.471458226154
0.38398 5900.0530184672 111.949730030118
0.38661 5159.20134939054 104.683307355189
0.38924 4859.74325559515 101.597720033087
0.39187 3563.36466753189 86.9958500754984
0.3945 4682.05557507451 99.7189703524772
0.39713 4979.48380805527 102.835429713824
0.39976 5136.97505450611 104.446871121327
0.40239 3577.07834484512 87.1538435713672
0.40502 3376.35953521646 84.6690257436557
0.40765 2844.24166980275 77.707218683959
0.41028 3185.43127089884 82.2318636766609
0.41291 2124.93052138126 67.1593175864715
0.41554 1882.45431143308 63.2082870431131
0.41817 1847.04487030741 62.6077953693749
0.4208 1283.20375828408 52.1813591270338
0.42343 1750.03143693549 60.9352202330879
0.42606 1995.65591524942 65.0678076804292
0.42869 2807.44295169655 77.1714557502471
0.43132 802.713140246838 41.2628562580766
0.43395 326.9747694237 26.3338342493236
0.43658 967.544733493551 45.297097724797
0.43921 1413.47689443558 54.7465905985567
0.44184 370.179827748408 28.015408854309
0.44447 15.5728241694901 5.74582172681799
0.4471 959.746062343869 45.1049796422944
0.44973 2769.23966373456 76.6133505020539
0.45236 1414.09451429115 54.7445969456146
0.45499 971.136015298215 45.3648972858068
0.45762 747.137812361147 39.788550248792
0.46025 1275.5415819279 51.985583235852
0.46288 977.202544329153 45.4994090235012
0.46551 2416.22116669746 71.5417653019865
0.46814 425.410813204256 30.0174239314546
0.47077 268.274574191372 23.8361855602651
0.4734 66.8776453744262 11.9005033109819
0.47603 37.1226371312733 8.86588496915002
0.47866 1321.26991176678 52.8903318762773
0.48129 560.382357504618 34.442969065957
0.48392 905.366021167095 43.7772304971423
0.48655 1520.54131976768 56.7300454187127
0.48918 1786.08741951484 61.4813226873245
0.49181 985.408841428155 45.6644151552629
0.49444 1663.03996120052 59.3196853638316
0.49707 2549.24965787324 73.439802915797
0.4997 3819.57594083137 89.8898615867254
0.50233 1662.28619238208 59.2974362964689
0.50496 1457.59092647959 55.5240755128064
0.50759 1841.68050554639 62.4095629900241
0.51022 1980.58177626917 64.7173717134721
0.51285 2087.64313609894 66.4405314240418
0.51548 3000.46601811795 79.6489042392814
0.51811 1808.79689254512 61.8387684293468
0.52074 2823.10823481209 77.252078579878
0.52337 3403.6106403419 84.8197177349218
0.526 2764.18766964264 76.4347984670509
0.52863 2709.04825162848 75.66520381126
0.53126 2123.00748556921 66.9798346114515
0.53389 3643.74127695335 87.7450336083733
0.53652 2431.66183914052 71.6771678163914
0.53915 2740.11537210965 76.0841404183244
0.54178 3179.55336377114 81.9545817246755
0.54441 2800.89262353951 76.9163863385795
0.54704 2864.85593850445 77.7861895949744
0.54967 3272.51347633928 83.1327764948052
0.5523 2153.75431903057 67.4388416863271
0.55493 1499.74494280035 56.2731441297465
0.55756 2604.18961936003 74.1496719824253
0.56019 2447.14426331462 71.8758794272134
0.56282 1463.36951184843 55.5790139527707
0.56545 2297.94112922814 69.6440044579772
0.56808 1105.24127981568 48.297347681328
0.57071 1633.34659948689 58.7103074990841
0.57334 1729.7503702044 60.415355976449
0.57597 496.908083674608 32.379795069112
0.5786 854.915021871334 42.4695813013538
0.58123 2254.92678364113 68.9704669852794
0.58386 1064.15193126879 47.3782701174586
0.58649 533.074473533703 33.5314056311817
0.58912 141.714752443299 17.2880408730238
0.59175 1115.51187566575 48.5015681151711
0.59438 1141.70808218089 49.0655474242959
0.59701 1352.12920801737 53.393530232631
0.59964 74.5852898118776 12.5396645057494
0.60227 495.075421305378 32.3049023106484
0.6049 924.234096776963 44.1364259191159
0.60753 1329.61795953012 52.935012658933
0.61016 530.966955321499 33.449277752319
0.61279 94.7342935085496 14.1279782625002
0.61542 309.491371249669 25.5343076558976
0.61805 494.276225148402 32.2669620293335
0.62068 141.191973824162 17.2445403232158
0.62331 2641.30896139797 74.5812428743686
0.62594 1192.78312114104 50.1157402861159
0.62857 573.789552905756 34.7570665970394
0.6312 1626.4874759145 58.5147759356763
0.63383 2033.28559261611 65.4203344346817
0.63646 4014.43133137392 91.9176612036022
0.63909 1727.20388010456 60.2881737319045
0.64172 999.139940114497 45.850793885836
0.64435 2891.9774648767 78.001781638461
0.64698 945.630928049744 44.6006585758487
0.64961 1776.77336602155 61.1321710242295
0.65224 697.823182808836 38.3089156396098
0.65487 2719.25729920819 75.6180844246312
0.6575 1600.80592052171 58.0153898867967
0.66013 2320.59280489746 69.8468292829886
0.66276 1730.04367775976 60.304414731343
0.66539 1102.78604611759 48.1437093576341
0.66802 2417.72345224676 71.2804725663589
0.67065 1068.45644656617 47.3826131560391
0.67328 750.25349387071 39.7025082336592
0.67591 3413.36461077495 84.6795620597394
0.67854 3741.63521570128 88.6525664743285
0.68117 2369.71611626159 70.5475728243091
0.6838 2598.48568015808 73.8698812550281
0.68643 1594.24102739376 57.857217824618
0.68906 1422.53462193974 54.6493867392063
0.69169 887.414254997896 43.1608890841344
0.69432 1707.35557299104 59.8635515101982
0.69695 1501.67695591489 56.1386614942525
0.69958 1810.6754531726 61.640010517691
0.70221 2205.72409297739 68.0263609679212
0.70484 3004.71575642996 79.3894117376169
0.70747 2047.87605671145 65.5347963509951
0.7101 877.355651139955 42.891100010545
0.71273 414.566802561497 29.4805664974967
0.71536 3123.8039716584 80.9169790313199
0.71799 2142.23955926728 67.0024979470698
0.72062 2264.16884700737 68.8764217971858
0.72325 1768.60239007955 60.8682005414205
0.72588 1377.10815010496 53.7054751110982
0.72851 988.31262885188 45.4926130642776
0.73114 2251.86554617201 68.6632100453058
0.73377 821.832466411951 41.4766506432311
0.7364 1483.45326751338 55.7196160712595
0.73903 801.866922027296 40.9620299860205
0.74166 1125.81234989264 48.5313597594799
0.74429 368.382752343006 27.758642611766
0.74692 1030.32880573418 46.4189829149448
0.74955 922.059786203026 43.9082724882762
0.75218 857.072679750367 42.3286812796232
0.75481 474.326993533139 31.486466682367
0.75744 637.207613759512 36.4908998795421
0.76007 6.93096103392042 3.80539640406228
0.7627 965.749342542904 44.9153157802829
0.76533 659.87970641651 37.1239088152303
0.76796 532.454211405224 33.3442920206307
0.77059 979.587149231432 45.2231652291039
0.77322 430.834282862133 29.9884199872519
0.77585 200.870369584177 20.4746001931815
0.77848 722.794650120532 38.8350600522378
0.78111 98.4771405594803 14.333202910329
0.78374 384.545900091347 28.3210034613705
0.78637 700.461394666123 38.2195570148139
0.789 706.889600471332 38.3909039141407
0.79163 200.611908872023 20.4498385459718
0.79426 369.710903238591 27.7588606588567
0.79689 711.735034814056 38.5113418591077
0.79952 8.14285815089734 4.1188585469828
0.80215 613.003771897498 35.7329873263556
0.80478 395.364210290121 28.6923102776884
0.81004 377.684489641135 28.0342878414996
0.81793 301.403016502089 25.0314347293815
0.82056 925.901018771865 43.8655094492408
0.82319 609.487788785936 35.5838003435076
0.83108 583.448434031299 34.7982743098151
0.83371 621.787293649692 35.9175102237191
0.83634 8.51509975172987 4.20251220937447
0.83897 505.279721377809 32.3674761171731
0.8416 482.760148469239 31.6327808400863
0.84423 1263.83919449371 51.1736409182965
0.84686 1267.3548338356 51.236356425077
0.84949 895.196146665375 43.054338580107
0.85212 4.94870271265569 3.20060569110657
0.85475 292.843796339249 24.6168881489166
0.86264 198.336058152769 20.2489160016285
0.87316 346.195619698303 26.7347297061317
0.87579 45.7896735054239 9.72136492690127
0.88105 4.4467577694773 3.02846150219216
0.88368 272.971869297104 23.7239858642605
0.88631 663.287106412399 36.9749718767649
0.88894 681.631559563256 37.4766067170519
0.89157 1613.23904362891 57.6451928034455
0.8942 828.962296638067 41.3151579223329
0.89683 1209.59087718189 49.8987366086615
0.89946 1796.14476287558 60.7951890578137
0.90209 362.12512249542 27.2935673418431
0.90472 1253.23057028243 50.7688414624291
0.90735 255.832175068577 22.9356007987908
0.90998 732.567819872229 38.8067455705996
0.91261 678.779195334785 37.3506634249009
0.91787 281.786707512244 24.0600089726492
0.9205 341.455555638798 26.4821563871512
0.92313 1295.09556338142 51.5689004519537
0.92576 1174.71451420604 49.1081789017844
0.93102 2.9170417612868 2.44658522219134
0.93365 187.242745338294 19.5993735148488
0.93628 1641.31137015623 58.0210831407186
0.93891 632.065061453323 36.0016062277055
0.94154 6.13382938809554 3.54615294016206
0.94417 372.058324734879 27.6151717764706
0.9468 536.487247332327 33.156795135027
0.94943 433.39076874998 29.7977361335339
0.95206 1147.01662437933 48.4706544978717
0.95469 1440.44866848613 54.3117123914342
0.95732 327.666902268659 25.9006971530281
0.95995 819.855798380012 40.9651410691975
0.96258 329.962627833589 25.9853539248905
0.96521 1429.0741948204 54.0722171899136
0.96784 772.830238925067 39.7593578100447
0.97047 839.52524249908 41.4347472908237
0.9731 182.208144756103 19.3011063636791
0.97573 102.499084541107 14.4746739195975
0.97836 559.691669426662 33.8200067828006
0.98099 437.814452076989 29.9085100038705
0.98362 531.733802141889 32.9569730103118
0.98625 473.882822762782 31.109003843388
0.98888 1028.91861944171 45.8344012622708
0.99151 1172.03918285435 48.9128007919615
0.99414 947.706991061439 43.9783482316335
0.99677 8.12363801943755 4.07124789968447
0.9994 656.689343945772 36.6001304368244
1.00203 549.40578793105 33.4812479031961
1.00729 255.338683695982 22.8315194071067
1.00992 106.229624312839 14.7285517998587
1.01255 194.515030309188 19.9330844375645
1.01518 647.692494568066 36.3783535412502
1.01781 801.50717114881 40.4737066371178
1.02044 1083.62898896689 47.0674023149803
1.02307 547.940163813759 33.4739622934839
1.0257 912.018416516077 43.1919661902068
1.02833 383.124472689231 27.9983034386437
1.03096 501.191100712077 32.0275727257017
1.03359 801.519821656546 40.507929807794
1.03885 26.3694050212484 7.34943848984194
1.04148 1561.38041429697 56.5612334671484
1.04411 471.17259234839 31.0752774893732
1.04674 5.16887954054262 3.25524508126005
1.04937 307.77015981272 25.1222888276061
1.052 513.78444546184 32.4636144641533
1.05463 273.064046481678 23.6700451714754
1.05726 860.236512887396 42.0180772450408
1.05989 1022.38595668077 45.8136689170477
1.06252 724.989977429585 38.5846012205078
1.06515 2317.98284603339 69.0022871748566
1.06778 471.452768768721 31.1234562056224
1.07041 670.702728294264 37.127361696445
1.07304 999.021947933553 45.3186411805045
1.07567 1865.85741953192 61.9425225266304
1.0783 1403.83277938466 53.7362837934504
1.08093 941.440065099998 44.0115374501852
1.08356 361.270875096805 27.2676005079752
1.08619 12.1550373306023 5.00228952378339
1.08882 69.4046785712754 11.9548811112977
1.09145 641.783880266844 36.358460472413
1.09671 505.833746129288 32.2875672428304
1.09934 604.497830238919 35.3011572256404
1.10197 13.5673699882171 5.29004861982191
1.1046 818.301996602968 41.1010736431517
1.10723 858.730054081077 42.1220081588285
1.10986 63.7537015618394 11.4820030524543
1.11249 5.1298629900636 3.258381273721
1.11512 303.921166899763 25.0907358900517
1.11775 3.39185278504989 2.65176585049804
1.12038 200.951639851558 20.4195444675016
1.12827 188.630399739332 19.8086999042637
1.1309 325.827553246772 26.0451588579411
1.13353 104.099132996376 14.727854543555
1.13616 1233.88519310752 50.7266258480957
1.13879 1505.2007796921 56.0503504353538
1.14142 117.157973966019 15.6440575038964
1.14405 8.74661487625636 4.27627561709557
1.14668 539.029163314167 33.5841123827298
1.14931 1234.44096034549 50.8445969691115
1.1572 84.403783411972 13.3117577054064
1.15983 558.726190180724 34.2637788439455
1.16246 219.99249495869 21.509029811284
1.16509 247.364887737605 22.8174396278726
1.16772 289.15519100984 24.6799470485213
1.17035 1031.84307398368 46.6408274685467
1.17561 465.920021722867 31.3672209185563
1.1835 838.213861861709 42.1248198478339
1.18613 862.532764214746 42.7492237686348
1.18876 324.207887564166 26.2199505128099
1.19139 667.329610368254 37.633081017776
1.19665 7.0629223863133 3.87480941689682
1.19928 428.917306667395 30.208138854989
1.20191 805.971857553538 41.4283185225565
1.20454 579.72036555108 35.1518075980596
1.20717 1034.17954763921 46.9717981782111
1.2098 313.822612366942 25.8870149755375
1.21243 1707.33355498178 60.4087021777364
1.21506 543.580222823119 34.1014162275832
1.21769 27.6775345935336 7.69846931077723
1.22032 882.571156169169 43.4926081708401
1.22558 434.098247764776 30.5304962656558
1.22821 56.9471000099178 11.0630534018364
1.23347 386.650987582658 28.8533953213781
1.2361 497.180390116231 32.7335544721534
1.23873 950.393687203809 45.2779305255501
1.24136 68.4488094005604 12.1567137493134
1.24662 10.7251000967447 4.81648556961888
1.24925 925.035026825073 44.7513949026253
1.25188 768.962537135783 40.8204511558257
1.25451 1083.84740457791 48.4849354500963
1.25714 1226.01259129388 51.5902435281596
1.25977 876.308929231247 43.6360985507569
1.2624 345.387227100501 27.407374593608
1.26503 426.845067653867 30.4821964863945
1.26766 555.69995434199 34.7958902273231
1.27029 508.980197868116 33.3161404095057
1.27292 276.975864184449 24.5879032269854
1.27555 603.477496930277 36.3100783890138
1.27818 152.985102920415 18.2901452790718
1.28344 6.7794835676351 3.85373843760139
1.28607 405.457065489093 29.8161643219361
1.2887 1311.41584727097 53.6469187655308
1.29133 676.108626117221 38.5369966373683
1.29396 654.465216195923 37.9321791951375
1.29659 557.023154658865 35.0103006712067
1.29922 349.778680146461 27.7555869985735
1.30185 424.567862275509 30.584639212837
1.30448 2.38105925775368 2.2907739785682
1.30711 734.321242972884 40.2353237726054
1.30974 2143.12868856613 68.7473360100746
1.31237 1362.65868495417 54.8267580545663
1.315 1384.63949227687 55.2757484779135
1.31763 214.512009497181 21.7600211070317
1.32026 16.5483329752587 6.04474302933583
1.32289 408.241970136804 30.0280225579258
1.33078 14.2745659372067 5.61759996376615
1.33341 910.791243803202 44.8792803519808
1.33604 245.136046256175 23.2866564447175
1.33867 773.323812617078 41.3667407690324
1.3413 4.51457915472901 3.1611586613546
1.34393 267.324454263664 24.328987023792
1.35182 25.2172333231328 7.47574277083272
1.35445 1514.97155413913 57.9528517963634
1.35708 1998.20958077074 66.5671574746735
1.35971 734.581781513099 40.3669996378007
1.36234 810.712238908562 42.4137467274928
1.36497 1340.1309426925 54.5398263195149
1.3676 333.148646583475 27.1973129416852
1.37549 720.531090692675 40.0160048392541
1.37812 48.0329695212464 10.3334142296609
1.38338 648.004457873866 37.9661508357697
1.38601 369.50441688165 28.673722903874
1.38864 306.894944551429 26.135800630317
1.39127 606.30537719449 36.7411973495566
1.3939 41.4342623696872 9.60625331575328
1.39653 228.616620646064 22.5680867404329
1.39916 497.945231226639 33.3118094323807
1.40179 5.93787076840079 3.63638235326115
1.40442 352.478693338249 28.0068222109574
1.40705 259.238359181619 24.0098887068618
1.40968 1185.43527209909 51.3242296628598
1.41494 985.81029754437 46.769836886159
1.42283 1046.49845435653 48.1355696225581
1.42546 1386.12485057029 55.3783883705992
1.42809 5.6528288095254 3.53520219330899
1.43072 1158.71609233157 50.5955066496139
1.43335 1370.5645198288 55.0066436212923
1.43598 863.100335796209 43.6352938628112
1.43861 259.269527348953 23.9069814002804
1.44124 3.29971069165098 2.69605387013542
1.44387 195.184918230568 20.727898558775
1.4465 4.84210103636496 3.26355146913906
1.44913 286.420287952344 25.0909272871444
1.45176 0.18072802094137 0.630040887204781
1.45439 892.283803504517 44.2535933950014
1.45702 6.7289557846158 3.84159701689
1.45965 823.718274334591 42.4881805534922
1.46228 168.354884548904 19.201375582928
1.46491 1518.25304045783 57.6410844902959
1.46754 8.11917389516535 4.21363050537747
1.47017 490.869263062923 32.7509418829787
1.4728 627.328568335051 37.0108140564858
1.48332 38.4456340092632 9.14880474463251
1.48595 1007.51821113268 46.817361827503
1.48858 283.589115755961 24.8293176980854
1.49121 41.9222236862764 9.54292617731287
1.49384 374.675759991198 28.5184876448957
1.50436 447.674216960584 31.1084996440521
1.50699 966.882734197276 45.6840637947539
1.50962 589.499488737747 35.6450208268194
1.51225 11.2070107955902 4.91112408165749
1.51488 811.892070930361 41.7699101896994
1.51751 672.338959758013 37.9827524502469
1.52014 680.894521700776 38.1952747371735
1.52277 1204.57516395296 50.7649093258741
1.5254 141.168229894848 17.3656726439964
1.53066 640.819696573734 36.9438819198291
1.53329 373.858894354515 28.1970367523151
1.53592 1258.86628255115 51.7027848141074
1.53855 92.5463045248752 14.008050871384
1.54118 1059.39097485807 47.3587082774024
1.54644 2.50309381788709 2.29856024340289
1.54907 879.071324871497 43.0428925848562
1.5517 338.509103359168 26.6898503144578
1.55433 930.550076623825 44.2182864237081
1.55696 35.1440356442464 8.58674216009225
1.55959 374.249824067313 27.9997066792444
1.56222 419.140978637992 29.6089025953956
1.56485 1287.08202510733 51.8459013503075
1.56748 154.526156421028 17.9506789468681
1.57011 742.919492190332 39.3295348443747
1.57274 511.364137599917 32.6047304304567
1.57537 1516.64438873741 56.1079496579319
1.578 1735.7424666552 59.977959636729
1.58063 696.128543129925 37.9541943050379
1.58326 536.073857456023 33.2807319019138
1.58589 418.155994683054 29.3707272471886
1.58852 583.218278451616 34.6597610683057
1.59115 1125.34472548205 48.107937317976
1.59378 253.791013793757 22.8284009285892
1.59641 535.817678835731 33.1442955052519
1.59904 140.126867220716 16.9364879405341
1.60167 30.2028857491784 7.8568090133466
1.6043 1233.72872289312 50.1751034991242
1.60693 1299.68259968921 51.4580126953849
1.60956 1010.90119614081 45.3465326466372
1.61219 280.596610574431 23.8718328368995
1.61482 718.771754182686 38.1763435544926
1.61745 1766.58273727244 59.8025281222874
1.62008 687.769797991327 37.2844098853281
1.62271 148.386427102451 17.3043554736047
1.62534 23.2572825870202 6.84525896997713
1.62797 785.054932648257 39.7385413824745
1.6306 431.816845866168 29.4484627983104
1.63323 920.864532971611 42.9695782350189
1.63586 893.244897717339 42.2861654197738
1.63849 56.3021113237941 10.6077828762101
1.64112 6.59729741494999 3.62822318597301
1.64375 389.896786541211 27.8698032576578
1.64901 0.731399404945653 1.20512164095432
1.65164 289.550358229897 23.9586327471974
1.65427 1.02563975612427 1.42476493093546
1.6569 211.141384513488 20.425735969378
1.65953 1076.41525044203 46.0813941191344
1.66216 5.3628148453645 3.24994614736564
1.66479 316.932774127424 24.9635778398479
1.66742 352.192369208084 26.2939679192055
1.67005 906.948128865033 42.1599122388043
1.67268 799.208746118144 39.5439741290234
1.67531 527.915689236218 32.112463050178
1.67794 88.7800807645557 13.1579926815815
1.68583 256.71971207072 22.3192458389942
1.68846 311.326724616169 24.5581841828317
1.69109 305.124083132362 24.2920314191378
1.69635 8.54235208334907 4.05777145938358
1.69898 1024.25848944114 44.3955408292794
1.70161 346.424159788048 25.8025223027983
1.7095 108.858002864709 14.4380071858116
1.71213 1803.16780437822 58.7265089614278
1.71476 518.252117629741 31.4648293839777
1.71739 581.260227100923 33.3026316185258
1.72002 195.366996395711 19.2955403659712
1.72265 337.105132830237 25.3309692478207
1.72791 155.376136787875 17.1765481743131
1.73317 700.221233028324 36.4195607067995
1.7358 230.996630334863 20.9052841064263
1.74369 4.51459387045925 2.91722029951524
1.74632 623.949511675669 34.2743720002123
1.74895 1122.27139587815 45.938657862091
1.75158 7.45398486168808 3.74160432134539
1.75421 577.317489241466 32.9082574484251
1.75684 650.914480799377 34.9215163482476
1.75947 539.054235441423 31.7600098229815
1.7621 13.8208842764803 5.08235800912132
1.76473 1194.46155529809 47.2189189854864
1.76736 377.878419393128 26.5422833328751
1.76999 1.77611922716263 1.81857093944644
1.77262 310.704744157406 24.0380787242645
1.77525 989.185555288765 42.8643244545214
1.77788 655.212856176105 34.8641645485693
1.78051 873.900090849924 40.2392217711836
1.78314 407.931366219115 27.4753048035272
1.78577 268.712668584122 22.2855313409966
1.7884 78.4775664407383 12.0359757122621
1.79103 70.4431094412216 11.3961216829204
1.79629 1.45127161133081 1.63369023696682
1.79892 89.8289597778925 12.8449320856675
1.80155 238.18393417594 20.9051102036818
1.80681 3.24672359234757 2.43872147071037
1.80944 204.360096205623 19.3401140080411
1.81207 729.114134969318 36.5157335791279
1.82259 637.103419939551 34.0777510310076
1.82785 58.8008176540294 10.3442401702157
1.83048 3.65188692337914 2.57683035788714
1.83311 219.761330659459 19.9812618593364
1.83574 222.728959791553 20.1073841155039
1.841 6.92994401119025 3.54381920896943
1.84363 409.879416861294 27.2429577901749
1.84889 13.0965412044436 4.86567474414617
1.85152 46.7478369022908 9.18892240245253
1.85678 577.930857836573 32.2819251282248
1.85941 753.686250688031 36.8498210745819
1.86204 614.806546846548 33.268083306019
1.86467 850.887417830132 39.1212649583999
1.8673 9.99337310040419 4.2379032376061
1.86993 591.065295158016 32.5784719471892
1.87782 0.615061611916214 1.04960371453341
1.88045 41.9240333948862 8.66193578431223
1.88308 328.013410849788 24.2184564228655
1.89097 207.175291687354 19.2229661444636
1.8936 1355.47217702928 49.1488473205007
1.89623 1524.03785598562 52.0933596179271
1.89886 118.486919029158 14.5189762313356
1.90149 393.016873699824 26.4326622663999
1.90412 388.43683269978 26.2713014712942
1.90675 847.052380561756 38.7848876057698
1.90938 833.632778200363 38.4663299592404
1.91201 660.541088517145 34.2317560073921
1.91464 726.092226737426 35.8807068936196
1.91727 128.165958277597 15.0708316713261
1.9199 1169.87545845053 45.5204354121252
1.92253 1460.37321056658 50.84569389035
1.92779 413.297516794526 27.034900893665
1.93042 438.521294392954 27.8403188019758
1.93305 643.51455060825 33.7165758170577
1.93568 524.730618751506 30.4381207433175
1.93831 1332.65730211042 48.4946879249271
1.94094 752.001751100574 36.4191317359849
1.94357 500.816948601333 29.7128865229285
1.9462 264.27434748233 21.5783360863571
1.94883 480.531381131148 29.0895081304406
1.95146 444.61451473535 27.973854401767
1.95409 1172.68832058634 45.418911540637
1.95672 592.587841470694 32.2780031689376
1.95935 353.171785413886 24.911971613173
1.96198 599.400365338904 32.445789682272
1.96461 151.17284915252 16.2900130464106
1.96724 287.412457392606 22.4554597728586
1.98828 7.86662273188318 3.70713244864726
1.99091 1376.17104659147 49.0189743406654
1.99354 1030.55824170605 42.4080487566529
1.99617 736.988380873767 35.8530648760603
1.9988 1059.0417255873 42.9671340227022
2.00143 219.694456027722 19.565622076905
2.00406 622.441701594166 32.9279589103726
2.00669 19.4481488982499 5.81950362409423
2.00932 215.788784706457 19.3817308106661
2.01195 39.6164913831581 8.30323675460638
2.01458 374.956287357757 25.5405948831805
2.01721 1195.32576486553 45.5947751933938
2.01984 343.458910998147 24.4365876796349
2.02247 5.03213794716877 2.95740390683421
2.0251 730.024473796061 35.6151081879917
2.02773 343.013306653068 24.4091246358689
2.03036 624.75811556551 32.9369829601056
2.03299 633.790416309805 33.1689569861258
2.03562 11.6654432590944 4.49925596805606
2.03825 1009.02989893931 41.838217344323
2.04088 414.352587686911 26.8063223322713
2.04351 894.979410513581 39.3903429152123
2.04614 808.403770828795 37.4307401275866
2.05929 416.290783844251 26.8390640879393
2.06192 602.261323178642 32.2769384655154
2.06455 260.606386422913 21.2286917285498
2.06718 169.023622705302 17.0936670385455
2.06981 796.367254775738 37.0978761057987
2.07244 106.281329511207 13.5503848054856
2.07507 99.7202904582965 13.123379097307
2.0777 136.849743501374 15.3711601272343
2.08033 186.316320567284 17.9324994477851
2.08559 97.4934690746317 12.9677467254802
2.08822 1339.03234557271 48.051057384925
2.09085 1813.29249912035 55.9077459066443
2.09348 448.74027829265 27.8077717250577
2.09611 220.945163730261 19.5092917713178
2.09874 100.275449992134 13.1409611828393
2.104 4.02647055303053 2.63259682303439
2.10663 238.300998414322 20.2507915504568
2.10926 297.871579929038 22.6386529315183
2.11189 627.821231585325 32.8632879640275
2.11452 457.301070635031 28.0447181502127
2.11978 3.3783767046212 2.4100047415823
2.12241 513.767871206755 29.7169520182664
2.12504 690.034860332319 34.4360421996188
2.12767 131.530849691591 15.0330964278234
2.1303 35.4937029008358 7.80849239277143
2.13293 10.4325183268469 4.2329487719295
2.13556 1191.71088898497 45.2366855886555
2.13819 918.454331950188 39.709186288855
2.14608 230.99175203521 19.9081558178348
2.15397 4.96852999728555 2.91888689190412
2.1566 294.055241991108 22.4530111294309
2.16975 68.4918766085998 10.8308772971243
2.17238 162.357800501414 16.6739099456732
2.17501 2.31234133586886 1.98968169196359
2.17764 221.195774693469 19.4582060336395
2.18027 824.547453518676 37.5646160996116
2.1829 381.107562620081 25.535928018916
2.18553 716.660278251969 35.0139619058609
2.19342 175.847883505733 17.3389696685453
2.19605 190.365284454099 18.0387018978441
2.20131 721.507693575885 35.1115081063536
2.20394 711.023968579571 34.8529896524828
2.20657 73.5652764264207 11.2099393886158
2.21183 576.078966791025 31.3650257817774
2.21446 99.4020193700504 13.0278017651227
2.21709 558.400357574892 30.875590761272
2.21972 931.928769761926 39.8843649387009
2.22235 969.584045168426 40.6792499964498
2.22761 499.118581772971 29.1823212081916
2.23287 1.75616707369523 1.73076704965708
2.2355 103.941965409189 13.314351817236
2.23813 2.7434061125584 2.16291013517541
2.24076 232.807468973682 19.9232751757009
2.24339 821.790779439164 37.4293047623343
2.24602 520.778854417174 29.7938511879562
2.24865 4.98289627073961 2.91413547068055
2.25391 916.288003878816 39.5114058030684
2.25654 151.341540233065 16.0566293979667
2.25917 199.115148557464 18.4160413977093
2.2618 850.178821556793 38.051176639245
2.26443 90.6383995614538 12.4233258840684
2.26706 708.886087556065 34.7407187412094
2.26969 232.173985384768 19.8804474844655
2.27495 4.15441728431641 2.65896139400179
2.27758 250.827464666496 20.6591909149748
2.28021 460.612622751535 27.9938395686568
2.28284 288.524830882864 22.1541418245109
2.2881 320.715732671761 23.3539861132508
2.29073 346.530771619038 24.2739558087022
2.29599 256.630686685198 20.8862980643823
2.29862 542.16377043086 30.3557648754924
2.30125 401.925364325348 26.1349641674268
2.31966 8.28710980790067 3.75149401783552
2.32229 78.1002923252067 11.5161710265229
2.32755 333.679336737882 23.8015125360854
2.33018 167.93213543907 16.884408993391
2.34333 118.736081378212 14.1940253756213
2.34596 17.2150743597069 5.40440291289169
2.34859 332.273821371518 23.7421680973027
2.35122 4.37194071302336 2.72325611124938
2.35385 268.355198376005 21.3346440622378
2.35648 567.140000925856 31.0137708458373
2.36963 5.71475723241799 3.1124579214969
2.37489 76.6785860336047 11.3998646307864
2.37752 734.101126826577 35.271149521163
2.39067 275.518144917163 21.6028899035752
2.3933 314.036505101565 23.0624704647367
2.40382 562.793867114141 30.8684019385126
2.40908 7.30916537498164 3.51755189531277
2.41171 862.862784469142 38.2173933161888
2.4196 302.797507072055 22.6369052827169
2.42223 234.743983334677 19.9306613297462
2.42486 348.207742892859 24.2732122769091
2.42749 1.30795051542225 1.48760375073782
2.43012 77.4186887549197 11.4445330732852
2.43801 17.3918193677598 5.42373382555529
2.44327 561.379890590717 30.8121074846068
2.4459 361.573570589274 24.7271961986743
2.44853 8.93938937895028 3.88789044979133
2.45116 531.648004493906 29.981664557699
2.45379 581.194560422405 31.3464216350876
2.45642 1836.34613655563 55.7170386428813
2.45905 1299.2910382359 46.864881739895
2.46168 694.131308712258 34.2530044286103
2.46431 475.349958301946 28.3444564168903
2.46957 10.8811679193544 4.28811330605872
2.4722 652.551077778362 33.2062089732629
2.47483 502.274194114836 29.1317126467107
2.47746 108.171925125753 13.5187459461811
2.48009 144.611101230888 15.6301622028189
2.48798 127.970233256955 14.7017070658105
2.49061 52.3457665281135 9.40237573629403
2.49324 271.070240406718 21.3954426444515
2.49587 163.588280679666 16.6203430337706
2.4985 297.954878736313 22.4296590537823
2.50376 224.02158522249 19.4475183941057
2.50639 498.992278283852 29.023696141582
2.51165 921.393105464618 39.4367737616077
2.51428 1827.12364165576 55.5327798849366
2.51691 1029.89616021717 41.6916141606108
2.51954 638.813410762191 32.8341325298321
2.52217 1641.22046387707 52.6269909724069
2.5248 7.34289592655895 3.52002142066645
2.52743 540.871194468371 30.2096078458323
2.53006 280.035310733136 21.7365743195825
2.53269 645.281280687627 32.99482089314
2.53532 225.884951954915 19.5209716569556
2.53795 1230.78015265096 45.5653343297663
2.54058 11.5761607349118 4.41888938754856
2.54321 685.212046662252 33.9961618138116
2.54584 621.21485706285 32.3686692891673
2.54847 495.427311265061 28.9054966278422
2.55636 131.520410969338 14.891781021852
2.55899 633.794109816579 32.6896818361042
2.56162 245.113091661349 20.3285489045297
2.56425 153.686473909283 16.0963526394959
2.56688 231.785341643553 19.7669274075077
2.57214 23.0991171370379 6.23974626535487
2.57477 412.107527998709 26.35487978647
2.5774 563.725222847417 30.8230793812225
2.58003 243.472075664757 20.2559863275333
2.58266 346.204913169791 24.1536046528371
2.58529 711.511777583264 34.6252493664009
2.58792 1379.53213095669 48.2119053778332
2.59055 616.894609109181 32.2389133090307
2.59318 333.540758772336 23.7047775245244
2.59581 7.89172853224795 3.64614567459895
2.59844 662.665006430672 33.4103853582046
2.60107 552.988119497049 30.5197380609172
2.6037 384.837966561334 25.4595623572948
2.60633 48.2226277259393 9.01211014077443
2.60896 0.491026594891301 0.909374219749794
2.61159 29.065013822626 6.99623635281377
2.61422 80.9155606785433 11.6730488895992
2.61685 100.416192032617 13.003469063961
2.61948 61.4479001151434 10.1718500995834
2.62211 3.02243135868282 2.25586821295295
2.62474 178.904786461649 17.355437020386
2.63 319.342619257076 23.1862844183672
2.63526 225.6337057512 19.4886989384547
2.63789 366.975784251351 24.8535615186188
2.64052 4.96680965438351 2.8913306223446
2.64315 1106.62885252208 43.1567826877025
2.64578 588.259188424471 31.4645477662077
2.64841 800.069729608178 36.6935830379072
2.65104 555.790652514264 30.5823523856427
2.65367 148.486064437995 15.806917395793
2.6563 41.0522330988702 8.31116289707617
2.65893 60.5109675194879 10.0901939749407
2.66156 1402.54685072489 48.5769474227975
2.67471 219.839183514137 19.2295622823621
2.67997 357.148774496514 24.5086591519736
2.68523 647.732038002221 33.0043192559888
2.68786 5.13991947102153 2.93995245391639
2.69049 314.575533311507 22.9992502654359
2.69312 1199.30719855052 44.9061152548961
2.69575 538.782248239052 30.0978839413538
2.69838 958.218023304221 40.137521285237
2.70101 501.079269711564 29.0242265751073
2.70364 676.35645278366 33.7199000113028
2.70627 26.5900637198186 6.68573891614128
2.71153 16.2624478562039 5.22835671934152
2.71416 511.248292166014 29.3142948073118
2.71679 4.93302264203269 2.87946188184959
2.71942 292.000101957191 22.1532548598992
2.72468 433.965982080564 27.0057604327917
2.72731 666.231934085 33.46050967068
2.73783 546.092658396909 30.2913090629225
2.75887 813.510146844022 36.9654869471442
2.7615 173.62073063579 17.0768196377937
2.76413 14.4442076961392 4.92543192530728
2.77728 1.42499391774496 1.54689289127157
2.77991 87.3773831039801 12.1127989852988
2.78254 179.224964214039 17.3474441869842
2.79043 457.467639201361 27.7134247541621
2.79569 277.639327783636 21.5890238991955
2.80621 423.523709359714 26.662271922886
2.80884 112.801274335192 13.7596340924227
2.81147 104.108714971846 13.2185864899822
2.81936 6.05527007728371 3.18774084704071
2.82199 358.42976557583 24.5250484003818
2.82725 33.7243647593253 7.52251233528929
2.83251 406.579032070218 26.1184071504419
2.83514 246.563341005769 20.3390208300998
2.83777 1037.71619163213 41.7250315141797
2.8404 1150.52998980702 43.9337158719538
2.84303 4.24519605527902 2.66863654728004
2.85355 227.620848203191 19.5394763894972
2.8667 2.3337831252558 1.97831334162839
2.86933 138.143683967413 15.2202551813317
2.87196 1.57312295033201 1.62416196254895
2.87459 403.735065119215 26.0188334470244
2.87722 82.9214924899765 11.7913824281429
2.87985 639.841455445642 32.7535924469727
2.88248 1249.69536598414 45.7737418958134
2.88511 1159.70094039342 44.0939417796246
2.88774 891.243239939471 38.6541054120033
2.89037 1017.28544355153 41.2962389048335
2.893 487.603405683086 28.5899918589959
2.89563 452.632761304913 27.5451562690129
2.89826 3.19745079346142 2.31507872723118
2.90089 457.024766295347 27.6774533189479
2.90352 492.405644611629 28.7284110770971
2.90615 1411.78947273082 48.6439574997734
2.90878 249.230940856582 20.438016466201
2.92456 1.52217654540341 1.59710433392887
2.92719 394.339563087602 25.7057207291381
2.92982 110.063816297309 13.5803426281318
2.93508 11.0970510663329 4.31201143079517
2.93771 1867.89940988583 55.9431204424326
2.94034 335.271679560874 23.7007567565599
2.95086 3.339123362746 2.36513176990982
2.95349 203.026462050837 18.4420529893141
2.95612 318.079267899776 23.0831171716313
2.95875 135.826290781974 15.0838611889158
2.96138 728.299529926043 34.9276569954195
2.96401 624.1983955968 32.3347564709487
2.97453 10.3963958126039 4.17277529597783
2.97716 472.70174791973 28.1365620493304
2.97979 54.0106831194062 9.51066955431208
2.98242 23.5391158957826 6.27856162864111
2.98505 189.81563428333 17.828914757715
2.99294 9.38615720758442 3.96446255604289
2.99557 565.234382021404 30.7644052590208
2.9982 571.373351610006 30.9305796038282
