-0.18936 202.890129035728 20.7358792085541
-0.17884 665.652773201609 37.5553589760904
-0.17621 272.853478177646 24.0437278126932
-0.17358 734.526708211317 39.4484425918002
-0.17095 543.524209642079 33.9331770181119
-0.15517 571.288192533404 34.7837777750001
-0.13413 170.467526930617 18.9968671888682
-0.12098 153.059213158275 17.9984827649663
-0.11835 607.820545615266 35.8659918208676
-0.08679 192.921531969473 20.2007907994678
-0.07101 446.515895374568 30.728978370849
-0.06838 353.115293365631 27.3262389950872
-0.06575 824.910452267429 41.765428415702
-0.04471 19.5159107974578 6.42308172206088
-0.03682 406.258300728541 29.3039366058016
-0.03419 104.793464725749 14.8827736621902
-0.03156 610.603679484105 35.9243087743812
-0.01841 1292.91261786833 52.2700563232413
-0.01578 1259.48811461345 51.5890286554628
-0.01315 3575.42237560653 86.919240645272
-0.01052 2439.67798463005 71.7976835520981
-0.00789 2577.65329978568 73.7986407136771
-0.00526 2414.48378478171 71.4233455683011
-0.00263 3573.4459148512 86.8887562813807
-0 3978.82630512554 91.6831224296156
0.00263 3557.9923674359 86.6975452186958
0.00526 3661.11345682914 87.943462270696
0.00789 3150.51562294701 81.5793902420362
0.01052 3030.25467050578 80.0058734705743
0.01315 3790.22069771533 89.4761370071965
0.01578 3802.96417708525 89.6249163660731
0.01841 4153.19902819421 93.6594682056366
0.02104 3361.64740327337 84.2614764267978
0.02367 1492.4766292802 56.1434922992956
0.0263 1090.29863040233 47.9856139828622
0.02893 1560.06084136049 57.3986607326795
0.03156 2357.44224182469 70.5576633962342
0.03419 1941.05620900523 64.0229060968667
0.03682 527.772620876429 33.3835427868234
0.04208 458.872946710063 31.1272359228624
0.04471 924.215245353852 44.1746951735513
0.04734 138.802926100492 17.1190229781131
0.04997 258.563409692415 23.3644662236734
0.0526 1239.03001467575 51.145321206036
0.05523 84.7483924014789 13.375911830675
0.06049 189.662703469632 20.0093952365978
0.06312 54.683518887137 10.7439477228236
0.06575 53.5625068415015 10.6330724277054
0.07364 94.7839976623046 14.1440515115455
0.07627 92.8409254451324 13.9980877920209
0.08153 110.886312980516 15.2975993195604
0.08416 94.2047455953875 14.0998133557706
0.08679 92.2735476259016 13.954306101255
0.09205 663.765007579472 37.4250283930418
0.1052 7.13149591527283 3.87891000904739
0.10783 6.98531667285458 3.83888948782675
0.11309 291.507936335116 24.7984251715037
0.11572 229.489793102321 22.0025882755247
0.11835 217.284935264715 21.4091816858905
0.12361 386.755228053632 28.562071628155
0.12624 280.618000717224 24.3289039725351
0.12887 283.334303883673 24.445984609766
0.1315 1543.15651628225 57.0500614492834
0.13413 920.425847699881 44.0594127367701
0.13676 852.252921649084 42.3956915085258
0.13939 1164.70713802206 49.5608807002952
0.14202 1129.70768967818 48.8097812831147
0.14465 726.97145834059 39.153958082578
0.14728 1837.04799196503 62.2401190231707
0.14991 489.144945789173 32.1160496344117
0.15254 755.475125961398 39.9122849636996
0.15517 1226.92120197719 50.8625364286265
0.1578 3186.14757258144 81.9626125299604
0.16043 4024.34574020241 92.1135802612299
0.16306 4466.25663397073 97.0378193032698
0.16569 4837.49236757093 100.988636361455
0.16832 5781.6903657809 110.403526733632
0.17095 7350.94637215317 124.485947506444
0.17358 8644.52761006883 134.993390354061
0.17621 10978.1865951041 152.124913973832
0.17884 14386.9853377414 174.145842820864
0.18147 15039.4843307643 178.048308868496
0.1841 18119.741149106 195.429690346189
0.18673 19110.0593577072 200.69600891337
0.18936 18596.7315302854 197.979032426143
0.19199 18586.1122223291 197.919384910252
0.19462 19671.3473118181 203.61242500024
0.19725 20858.380397091 209.662462789999
0.19988 21513.220574107 212.92481271806
0.20251 20870.0631814213 209.714427270774
0.20514 22135.4596219041 215.974638734979
0.20777 20527.2149962533 207.977118471155
0.2104 18383.734029318 196.815574433868
0.21303 16641.651246007 187.254758483149
0.21566 15086.9753114407 178.290334819565
0.21829 12974.1445535351 165.332461953465
0.22092 11451.0089113576 155.321901470784
0.22355 9414.77492885762 140.834108406468
0.22618 7550.03094649302 126.115741746688
0.22881 5376.04805337284 106.418849244588
0.23144 4698.69206473514 99.4872746081537
0.23407 3377.47365581993 84.3465029363699
0.2367 3400.16317749622 84.6277958690279
0.23933 1578.85228507599 57.6668134052205
0.24196 1798.0609690727 61.5388624061693
0.24459 702.645662371192 38.4686986249808
0.24722 425.77800700472 29.9449074339916
0.24985 232.599755706685 22.1323761222429
0.25248 736.035704205871 39.369954064926
0.25511 246.720538842016 22.7934556017155
0.25774 266.126629482795 23.6724788556354
0.26037 226.22401986912 21.8253380619592
0.263 155.151126211219 18.0742855353195
0.26563 415.759487664044 29.5867190483083
0.26826 258.380975823226 23.3237319093045
0.27089 889.932541119938 43.2850942606377
0.27352 489.259391429514 32.0938234423273
0.27615 1250.00807149589 51.2979880310235
0.27878 422.379285804475 29.8186019901609
0.28141 27.3161924922516 7.58294845031606
0.28404 39.8871876793542 9.16298083812861
0.28667 695.888845190311 38.272079127991
0.2893 268.411982156682 23.7686828638456
0.29193 472.123017099508 31.5227284732785
0.29456 1482.67069351536 55.8612453385471
0.29719 308.480707145813 25.4797001465902
0.32086 190.999497808972 20.0469576374568
0.32349 187.0859937665 19.8402877679372
0.32612 73.263018794483 12.4155139884627
0.32875 178.652515889669 19.3875011317789
0.33138 104.70048062538 14.841799987723
0.33927 273.154269549714 23.9718272904901
0.34453 223.422314841156 21.6795545337711
0.34716 1126.23239168866 48.6738899639148
0.34979 272.513674503629 23.9425921215108
0.35242 38.292010367729 8.97482665884976
0.35505 178.411410473384 19.3721697863201
0.35768 1128.37430424373 48.7178950122942
0.36294 31.8232863892178 8.18133866172746
0.36557 31.1712395906583 8.09699481171948
0.37346 533.167539208857 33.4860234139281
0.38135 1121.16517563364 48.5569530742932
0.38398 828.090035667112 41.7301910923029
0.38924 495.41103793642 32.2763463004622
0.39187 23.1024491472688 6.969883275566
0.3945 150.79557224427 17.8067948259783
0.39976 452.09819974625 30.8317219614513
0.40765 27.6265513484214 7.62129832875793
0.41028 27.0604628635536 7.54271941545961
0.41291 158.333644904341 18.2449074319991
0.41817 84.4767687641493 13.3264090834811
0.43132 719.987995241992 38.9027860958778
0.43395 247.537640999839 22.8104271460037
0.4471 30.1801180215243 7.9642858801542
0.4734 448.422232737796 30.6956682395399
0.49181 105.579485046373 14.8931406544015
0.58912 932.094555177847 44.2338514655197
0.59438 77.5732748188843 12.7606168002179
0.59701 110.914904138539 15.258293876913
0.64435 480.955386001261 31.7692734668373
0.65487 474.494424696912 31.5542705354853
0.6838 30.7855152869999 8.0367780675694
0.68643 177.927518881044 19.3208953445704
0.68906 174.92098128483 19.1568264074912
0.72851 22.1610787310973 6.81791770294101
0.73114 21.7072007955871 6.74769006160295
0.74166 119.04255024742 15.8012686511958
0.77848 56.6219397763056 10.8965727413717
0.78374 787.44657862865 40.6351544758755
0.78637 25.835496235085 7.36031965245363
0.79952 352.573116471434 27.1892610105043
0.83634 275.357738764317 24.0266194464275
0.84423 157.332811634134 18.1613273685599
0.91524 85.393185697924 13.3781519363042
0.94154 382.3825724265 28.3084247304107
0.94417 307.215602087455 25.3738580355547
0.95995 519.579458026554 32.9974319808368
0.9731 77.6344835961772 12.7547678982314
0.9994 333.860739329651 26.4490476849205
1.0257 237.876313253255 22.3243588664039
1.02833 77.3238521439721 12.727927477867
1.05726 224.477034774463 21.6850295360069
1.06515 126.537407906161 16.2808168880145
1.0783 23.1989396985667 6.97089542898061
1.08093 319.976122675959 25.8887356266698
1.13616 235.725723185213 22.2185682396427
1.13879 23.5065765237782 7.01626039537609
1.14142 299.143021536495 25.0293096157833
1.15194 374.915400723164 28.0201061065684
1.15457 31.1529744626635 8.07702301467061
1.16772 157.979273700526 18.1883685269996
1.17561 71.1405215681306 12.2052727162453
1.19402 28.9531889151112 7.78621059061316
1.19665 28.3604009109707 7.70606294432446
1.23347 0.44843105828241 0.968973034162712
1.24136 566.82898384781 34.4498521075253
1.28344 1.76723855500612 1.92351478913557
1.30974 172.50894943381 19.0040984706416
1.34656 348.012241491719 26.9919377498032
1.34919 320.259566983494 25.8933073838632
1.35708 699.061645749899 38.2554408619189
1.43861 347.039387177123 26.9529498717159
1.45176 120.310935443564 15.8695622699341
1.46491 177.50172579973 19.2756557807385
1.46754 159.632741356469 18.2796532536887
1.47017 444.61484674812 30.5068975122577
1.52014 236.798199569446 22.2632861936431
1.52803 10.6976006910689 4.73200079421801
1.53329 305.689096103761 25.29546236121
1.56222 29.2782037488419 7.82853561664008
1.56485 656.891597408512 37.0813627420858
1.56748 291.812241603657 24.7150276986889
1.59115 32.6275404174035 8.26430153523148
1.59641 322.742893620255 25.9922192347056
1.61482 133.128047194779 16.6937655764765
1.64638 320.935752066569 25.9201076697349
1.70424 31.4484994751503 8.11410933643932
1.7095 69.2838298519592 12.0435806586818
1.74369 120.872680204381 15.9072790731031
1.74632 1084.04797629249 47.6382140239645
1.74895 66.8871461303987 11.8331930127377
1.82259 638.393992043952 36.5565081953671
1.82522 216.39409925506 21.2835070085778
1.841 221.957105554796 21.5553981763389
1.85678 41.2448291011216 9.29195968851591
1.85941 423.922819673813 29.78970027538
1.88834 38.1649083497486 8.93833759679312
1.8936 16.8130454686105 5.9326425472103
1.91727 33.7306376009443 8.40303839714502
1.93568 355.873452611029 27.2941996800842
1.94883 487.609113419048 31.9490096969333
2.08296 91.3506460109707 13.8282105603409
2.08559 53.7527879917932 10.6074365653472
2.09348 449.112026376732 30.6610207409068
2.104 198.091643633053 20.3629901205021
2.13556 277.614084176744 24.1061327601794
2.15923 328.27707175088 26.2135484698432
2.16449 210.985894060868 21.0151246255781
2.16712 206.667531453336 20.7989420981953
2.17238 119.955544273614 15.845830398058
2.17501 117.500349155979 15.6828243857038
2.18027 437.02905874268 30.245417150309
2.18553 265.037689003139 23.5536360433846
2.18816 754.151924718112 39.7313593535148
2.20131 95.0009038594876 14.1015660381769
2.20394 93.0567889967952 13.9565512779191
2.20657 98.8422556916765 14.383878813923
2.23287 191.355863905367 20.0138965964364
2.2355 109.087530116374 15.1111990285495
2.25391 157.881139736482 18.1794503511196
2.25654 82.9626473144989 13.1782435643437
2.26706 310.406352919915 25.4908289424136
2.27495 186.663012048181 19.7674029125574
2.28021 10.1199570602457 4.60268262076312
2.30651 288.627014082576 24.580906672106
2.30914 282.721339700455 24.3281987998704
2.36437 300.976599154957 25.1028656949751
2.37489 29.7771237757508 7.89593046240136
2.37752 294.719271384094 24.8409076584607
2.38015 260.117906478295 23.3372441171845
2.38541 96.6899288205415 14.2284491671221
2.40119 97.9831487730583 14.323532863802
2.40382 418.249780894465 29.5932937858682
2.41697 217.202996989821 21.3261832026219
2.4196 345.253833810551 26.8875010767478
2.42223 407.772681891761 29.2207397640259
2.42486 68.1597757165934 11.9466784869021
2.52217 148.729263437903 17.6493040402538
2.54058 952.905035141642 44.6755844105651
2.54321 2044.94412789721 65.4468048662122
2.54584 872.516786127334 42.7500783857988
2.54847 207.939210069385 20.8699067696558
2.55373 421.578014640191 29.7163783741304
2.55899 724.966778484704 38.9691150369408
2.56688 430.983132961473 30.0468196105585
2.56951 860.465254805524 42.4558300282832
2.5774 462.261182643591 31.1186868001111
2.58003 364.62741380455 27.6378656297128
2.59844 52.8476172170789 10.52224971843
2.60107 51.7666589668785 10.4141487037567
2.61159 282.558153869046 24.3313417107861
2.62211 472.008595128586 31.4485421574259
2.62737 376.802169543787 28.098877804416
2.63 695.750633555504 38.1823311992373
2.66156 113.172532002318 15.4009116752802
2.66419 110.857953199646 15.2427279367513
2.66945 556.253173684443 34.1446160404021
2.67208 129.029997575221 16.4450304927318
2.67471 88.7435235281074 13.6383247877297
2.67997 65.6312033101534 11.7288272531829
2.68523 107.322230114146 14.9986082670144
2.69575 447.832854548455 30.6392067138194
2.71416 120.251565979134 15.8763937849179
2.71679 117.788500542787 15.712831717753
2.72205 183.326619127147 19.602380670502
2.72468 212.60794793727 21.1097126964982
2.73257 134.713222325453 16.8030162934583
2.7352 378.612085242101 28.1692894834441
2.74835 383.094142615085 28.3343995499436
2.75361 306.609202127716 25.3481862995256
2.77202 440.585779985015 30.3840158810395
2.77465 300.692751561535 25.100821511979
2.77728 361.355780504927 27.5163280588423
2.81673 289.793189619696 24.6402685020138
2.82462 683.561371436774 37.8436334381912
2.85092 6.46069889696603 3.67919576006313
2.85355 405.358480444187 29.1429616374271
2.86144 267.698341685491 23.6831581836169
2.87196 54.5329298279447 10.6893136509295
2.87985 124.943528031116 16.1800555998023
2.88248 513.738831645444 32.8091690627775
2.96401 12.5974360952388 5.13797941227042
