-0.19988 806.313298776001 41.2822639108336
-0.19725 200.11193465809 20.5662068940492
-0.19462 194.330465648016 20.2672237069519
-0.19199 537.343495275821 33.7020193653304
-0.18673 88.2476084468565 13.6582047260264
-0.1841 295.404232260825 24.9894450791836
-0.18147 87.7549287983625 13.6204082262006
-0.17884 154.460813760237 18.0704777182011
-0.17621 405.147170820009 29.2666483331202
-0.17358 657.761216794357 37.2912399733448
-0.17095 662.331251484795 37.4210893132251
-0.16832 499.966976739616 32.5128896805829
-0.16569 96.957446914387 14.317975161486
-0.16306 486.073715914919 32.0588689554758
-0.16043 684.30203392514 38.0388300620905
-0.1578 356.910071662092 27.4719030713763
-0.15517 53.6582659475155 10.6520640326221
-0.15254 966.858053165872 45.2171222142967
-0.14991 927.979618636268 44.2993022479715
-0.14465 475.260096023989 31.703379332879
-0.14202 719.712670913016 39.014456634879
-0.13939 265.954138756759 23.7167661715054
-0.13413 1217.0399978216 50.7360595153146
-0.1315 347.417428229198 27.1079212456035
-0.12887 67.6267370400921 11.9601255207099
-0.12624 1083.54038423152 47.8746021650762
-0.12361 45.9404250540862 9.85794151367623
-0.12098 134.792804606081 16.8860547524208
-0.11835 423.650656261257 29.9367661920672
-0.11572 315.438389402786 25.8323741541044
-0.11309 202.716695064309 20.7089420470725
-0.11046 312.763027467589 25.7233166155613
-0.10783 248.953104227693 22.9500764644266
-0.1052 359.278479211219 27.570654145243
-0.10257 306.349853413907 25.4592972297586
-0.09994 117.378005772655 15.7593042648001
-0.09731 280.483598331442 24.3607732324467
-0.09468 323.26148138552 26.1520337957273
-0.09205 6.01271804956017 3.56660541139926
-0.08942 338.376747589141 26.7553757911301
-0.08679 297.294829648231 25.0781578660749
-0.08416 397.252405027034 28.9885421784432
-0.08153 279.282143180776 24.3055719846906
-0.0789 139.541205314109 17.1801380741096
-0.07627 892.994668365317 43.4601279757571
-0.07364 611.550909337236 35.9645001473883
-0.07101 1193.6168691855 50.2436691033625
-0.06838 1557.34739304561 57.3895441037609
-0.06575 879.90372651529 43.1368824256285
-0.06312 691.856465700501 38.2499022285084
-0.06049 1820.10558906068 62.0385687376636
-0.05786 2193.09176275658 68.097791989747
-0.05523 2350.23904405737 70.4939420555851
-0.0526 1934.23893208649 63.9502120323089
-0.04997 3649.78372529947 87.8439069128835
-0.04734 1859.31453640557 62.6968409933592
-0.04471 1701.36065916227 59.9733859526957
-0.04208 2557.53766670164 73.5296575246313
-0.03945 3183.45879388039 82.0336977463724
-0.03682 2537.70228056534 73.2409812889833
-0.03419 2886.46127630402 78.1102152109668
-0.03156 4314.4583565424 95.494696814733
-0.02893 4228.65414745066 94.5384207614195
-0.0263 5340.79760885059 106.24327911226
-0.02367 7844.33507126875 128.75604263694
-0.02104 9673.47301418858 142.978886167351
-0.01841 11073.378296931 152.97198800374
-0.01578 12589.8748447737 163.107410700783
-0.01315 15417.9295620629 180.495824647348
-0.01052 15274.0568103195 179.648037015774
-0.00789 17153.2428027111 190.374833470086
-0.00526 17560.7301928622 192.618877359699
-0.00263 18322.0878931074 196.746124379103
-0 19545.0130845199 203.201930834405
0.00263 18815.7566779285 199.365586815499
0.00526 17274.7189338359 191.017364755091
0.00789 16947.8138851502 189.191751662
0.01052 16943.0157185191 189.155385461697
0.01315 16279.5412110803 185.405422159073
0.01578 15992.274561992 183.75301046668
0.01841 13893.42394018 171.262382015621
0.02104 11132.3449237743 153.295234073278
0.02367 9596.21224800521 142.319115471588
0.0263 6916.28707731901 120.816932318178
0.02893 5033.32272106706 103.061550060751
0.03156 3647.8180083739 87.7331744729645
0.03419 4442.22554291706 96.8111866258716
0.03682 2352.8626205606 70.453326312142
0.03945 2837.7890935666 77.3697598493405
0.04208 2167.49680621744 67.6142750793602
0.04471 1963.18930360749 64.3455062614994
0.04734 1530.65966899971 56.813876069287
0.04997 1622.65218253725 58.4932543010067
0.0526 1220.52892521309 50.7276876502867
0.05523 513.756368326484 32.909978438283
0.05786 1475.19898366406 55.763785667441
0.06049 1492.26322005011 56.0825330195947
0.06312 203.70129432064 20.7195229253235
0.06575 15.6378013411272 5.74048590142886
0.06838 89.9864369372216 13.7697890272673
0.07101 50.9580650357403 10.3615128486361
0.07364 254.701700315885 23.1638408596136
0.07627 414.983175271297 29.5656776749847
0.0789 77.9280952817964 12.8114287133162
0.08416 240.930283432053 22.5243415271086
0.08679 653.723171016838 37.1006297197092
0.08942 720.872173322662 38.9575291238561
0.09205 331.303411465991 26.4090729662202
0.09468 569.894749724525 34.6350211823251
0.09731 656.772081134789 37.1794872379047
0.09994 1498.74915268455 56.1614681270117
0.10257 2151.57330928723 67.2871709354835
0.1052 2448.45902301334 71.7763212135669
0.10783 1459.99068556727 55.423046790642
0.11046 1280.57206693487 51.903655230295
0.11309 1350.92584817425 53.3079844364905
0.11572 2579.73327734651 73.6621656863099
0.11835 3562.80185968431 86.5632367574197
0.12098 4240.48708176039 94.4335017450679
0.12361 2481.68830251256 72.2391134104331
0.12624 2565.4228749193 73.4444255766618
0.12887 2171.51137909352 67.5679864004509
0.1315 3372.00818683826 84.1947080344171
0.13413 4382.74491163723 95.9829610273874
0.13676 4077.12996242326 92.5718373783287
0.13939 5659.1107183332 109.057681213591
0.14202 5772.99119495324 110.144589274016
0.14465 6670.91079583912 118.395675935904
0.14728 5850.88444506752 110.875243806238
0.14991 4545.85246557353 97.7264328455702
0.15254 6710.59919473902 118.731396996434
0.15517 7910.22943290723 128.902106660103
0.1578 8043.79460674493 129.979992349367
0.16043 10723.2768215293 150.06877017121
0.16306 12438.2829159213 161.617104742706
0.16569 16965.1202189693 188.740941986768
0.16832 19704.8716823406 203.40189362438
0.17095 23952.3266743232 224.244900859326
0.17358 27903.375538182 242.023552053585
0.17621 30999.8378729327 255.087691364435
0.17884 31674.6101829608 257.837429707313
0.18147 31027.2680888996 255.177643749527
0.1841 31724.8755614137 258.018796848262
0.18673 32104.1365059226 259.544843721307
0.18936 32069.3875807091 259.392710124174
0.19199 31693.5076928445 257.856515911768
0.19462 31835.6748171583 258.42260962512
0.19725 31778.2399233401 258.177812728858
0.19988 30093.0413630377 251.226983869198
0.20251 29168.1372191709 247.321081803543
0.20514 27189.6116810337 238.771141938701
0.20777 22987.5381945711 219.533148640268
0.2104 18419.0001636889 196.499042031315
0.21303 14344.3862352112 173.397140329915
0.21566 12277.0710130375 160.406462131182
0.21829 9459.41889390189 140.792730884261
0.22092 7893.12385302724 128.601485998264
0.22355 5818.73723902508 110.410257359853
0.22618 5289.58543667681 105.263882724297
0.22881 4985.06206399879 102.182698253145
0.23144 2440.21562554746 71.4874317591977
0.23407 1557.21850025852 57.1036512955056
0.2367 760.069358802938 39.8923130668898
0.23933 1496.91691674809 55.9802657852109
0.24196 1386.87974799401 53.8801764798214
0.24459 2340.1158976999 69.9844872577447
0.24722 2410.14457141037 71.0195867217862
0.24985 1772.9223713056 60.9080846120283
0.25248 1975.92640039615 64.2967394185049
0.25511 1170.21954992819 49.4778391890994
0.25774 2050.72993839648 65.4944900476836
0.26037 1742.19524467175 60.3632225478757
0.263 1077.04764801412 47.4586014424227
0.26563 1538.85966443897 56.724471073652
0.26826 2222.01692105417 68.1581970589063
0.27089 2889.31144006272 77.7168257947286
0.27352 2215.53449832603 68.0503861212785
0.27615 1619.84969429944 58.1838092537367
0.27878 388.534607107597 28.49397892093
0.28141 1144.48293760166 48.9008441101348
0.28404 1701.16210019438 59.6153352438099
0.28667 1855.14948854134 62.2512447842182
0.2893 734.047109231057 39.1556097187189
0.29193 1116.19934598459 48.281009645395
0.29456 939.203673340026 44.2852179519916
0.29719 1922.42305133075 63.3544037849877
0.29982 2533.37920380394 72.7226840188828
0.30245 2805.06052629399 76.5156649248695
0.30508 2515.35661763745 72.4500106257764
0.30771 2987.22616100204 78.946366560103
0.31034 2865.09319296802 77.308436132619
0.31297 3695.52647038851 87.7920276428078
0.3156 3207.49410764573 81.7822879383163
0.31823 3527.1545763694 85.7527316016586
0.32086 2954.10993754062 78.4708631974314
0.32349 3451.51964892827 84.8124594041288
0.32612 4313.49073540786 94.8043550696171
0.32875 3462.80704424593 84.9351314451356
0.33138 2954.51854266982 78.4469265502018
0.33401 5342.49695482784 105.478528706679
0.33664 6304.69870771123 114.573302382427
0.33927 5752.03325834354 109.426192972643
0.3419 7996.92397920871 129.012385371147
0.34453 7159.98387511001 122.063343442387
0.34716 7031.13741384779 120.948738409982
0.34979 6577.95262593776 116.975045638157
0.35242 6873.401881174 119.561957405536
0.35505 8946.53236740751 136.393540837488
0.35768 7275.02576490205 122.982405369997
0.36031 5223.03318742196 104.194880296835
0.36294 5757.80649925848 109.388781522441
0.36557 5166.67553641209 103.611772532579
0.3682 4701.17560159829 98.8248115869767
0.37083 4933.42227041479 101.226948430775
0.37346 5034.43106532674 102.248379371505
0.37609 6324.17838811726 114.588890948529
0.37872 6830.24496929278 119.074240198986
0.38135 4748.66760685202 99.2761154964872
0.38398 3320.35287148413 83.006139104366
0.38661 4362.25593107665 95.1333652954251
0.38924 2993.43681641246 78.799148579729
0.39187 2642.05452951055 74.0229767673191
0.3945 2380.58320223338 70.2581180619267
0.39713 2226.50444174492 67.9400368523061
0.39976 3286.45126132633 82.534732966914
0.40239 2838.26667540983 76.6913864552196
0.40502 2356.6273071158 69.8706634608768
0.40765 1499.42422235329 55.723845147733
0.41028 1817.87503602451 61.3465588546616
0.41291 2125.94799785297 66.3305911213822
0.41554 951.334565129693 44.364288367074
0.41817 340.184026882654 26.5248630023343
0.4208 701.780447639985 38.0913275596845
0.42343 1502.71946736292 55.7305971397491
0.42606 1003.75739819613 45.5405592899768
0.42869 351.119941992025 26.9302847486665
0.43132 1810.93584974811 61.1496428116359
0.43395 1187.42505744842 49.5079184687171
0.43658 1228.98451477922 50.3586310391276
0.43921 1073.61475731717 47.0602327911037
0.44184 1104.85555167094 47.7322259337948
0.44447 360.629996407418 27.2658435659899
0.4471 491.926350242657 31.8395640944348
0.44973 724.459386571371 38.6325276487597
0.45236 481.634650216478 31.4944459710769
0.45499 977.873664154889 44.8689050730582
0.45762 1300.77862113972 51.7409924029044
0.46025 658.630954202554 36.8114620775194
0.46288 1108.19028897099 47.7417225089689
0.46551 1193.66108673903 49.5404930757639
0.47077 97.0494002015771 14.1212762765934
0.4734 281.835386323653 24.0604699172172
0.47603 1085.37283851008 47.2089801679146
0.47866 1103.64860166687 47.5969724298789
0.48129 1189.47147815742 49.4048618368491
0.48392 1473.87977425466 54.9860384681012
0.48655 1259.71815964441 50.826101902064
0.48918 1051.94019473271 46.4380863968488
0.49181 1085.59289704486 47.1672923102816
0.49444 842.875711141798 41.5544802215295
0.49707 1014.51368047052 45.5820287584392
0.4997 1466.74871860978 54.7988121108967
0.50233 2841.10335763322 76.2555758680505
0.50496 1652.54306889823 58.1507746698691
0.50759 2771.82201152779 75.3030891343326
0.51022 3179.54189555472 80.6423916612589
0.51285 1872.89675511629 61.8855181715422
0.51548 2385.76588090477 69.8388377482717
0.51811 2471.31042355461 71.0718645988434
0.52074 1786.47773724877 60.4204310949868
0.52337 2913.55811190474 77.1521091272156
0.526 2984.13375470634 78.0721316687098
0.52863 2496.29964818065 71.3980212448508
0.53126 1221.48283339886 49.9381459030159
0.53389 2221.67223636728 67.3410098476549
0.53652 2434.25194287112 70.4811989730464
0.53915 2270.43110831473 68.0605671450695
0.54178 1702.8101279467 58.93528381365
0.54441 2757.25765182162 74.986278203228
0.54704 1833.24283679242 61.1369779175952
0.54967 1999.43223280723 63.8407745648731
0.5523 734.031806938392 38.6770253987505
0.55493 1141.45465540984 48.2253923784141
0.55756 1679.72386561948 58.4946551826025
0.56019 697.24207890773 37.6825099981912
0.56282 45.3002660154038 9.60393436040077
0.56545 113.897952571661 15.2267610656598
0.56808 1988.61103561072 63.6173029178338
0.57071 1339.72454720238 52.2106178867826
0.57334 335.180546120941 26.1120645955287
0.57597 568.182473794958 33.9935443326105
0.5786 640.739626861702 36.0947497718291
0.58123 1002.98464442719 45.1545049964454
0.58386 515.556559361437 32.370006834528
0.58912 737.652557721045 38.7107783423477
0.59175 548.505732329185 33.3769938013465
0.59438 477.79096974118 31.1477188278816
0.59701 258.390735998324 22.9032112832407
0.59964 242.609334466836 22.1903399715553
0.60227 749.492197741695 39.0080493586105
0.6049 303.545745532672 24.8280840139035
0.60753 51.8241980193531 10.260248165097
0.61016 161.585207084204 18.1197746374847
0.61279 469.609081069087 30.8944622946905
0.61542 583.256830374655 34.4352073891287
0.61805 462.698795859501 30.67484257639
0.62068 389.510489421179 28.1483596757032
0.62331 356.690194093485 26.9401144382663
0.62594 348.966266212707 26.6505328026681
0.62857 68.6030521263904 11.8180601526746
0.6312 121.212270769396 15.7111530345956
0.63383 139.743400515688 16.8717716967237
0.63646 127.296608562133 16.1051104509773
0.63909 628.711005299489 35.7965407499322
0.64172 589.753883432159 34.6745756192609
0.64435 128.097555876016 16.1624195400504
0.64698 115.981666064519 15.3812210415623
0.64961 605.794715543411 35.1575864369236
0.65224 1166.43135931367 48.7917124364933
0.65487 1324.26531074352 51.9953021543894
0.6575 1450.10798217968 54.4172884398449
0.66013 1817.76752219972 60.9348856078047
0.66276 1182.15909537393 49.1467588497323
0.66539 1233.5322808361 50.2102344016481
0.66802 1672.41776420122 58.47219937643
0.67065 1512.60586555944 55.6160283436224
0.67328 658.601610933901 36.7035859774842
0.67591 413.571978177233 29.0892591257778
0.67854 856.038028014578 41.8565688736231
0.68117 1112.10822772414 47.714523862218
0.6838 1742.77556406264 59.7389731840622
0.68643 2386.16319650831 69.9112444019229
0.68906 2146.61186296117 66.318339783724
0.69169 1392.43163542595 53.4199810036314
0.69432 1473.88154496668 54.9677509417701
0.69695 631.772497923575 35.9929056438729
0.69958 1575.81170334196 56.8523690257311
0.70221 1285.12932757643 51.3571377154115
0.70484 683.957714225066 37.4822502009239
0.70747 1233.63790989021 50.3603062860689
0.7101 888.532740430943 42.7577213021495
0.71273 1078.52855421852 47.1277633541844
0.71536 847.084141293803 41.7837387048517
0.71799 345.257666960302 26.6869258685944
0.72851 284.442502690559 24.2635331614244
0.73114 855.186099528823 42.0890581827005
0.73377 1246.25770988009 50.8305446296847
0.7364 566.3477176808 34.2802674696465
0.73903 790.330224253977 40.5124546870678
0.74166 1458.11936954824 55.0506294493211
0.74429 148.310460648521 17.5643861509647
0.74955 521.375920715401 32.9598165559133
0.75218 244.455701709613 22.5782495326069
0.76007 195.618179717799 20.2225786414589
0.7627 291.911963913129 24.7137218756104
0.76533 386.337244519233 28.4430148565119
0.76796 111.512650806285 15.2874268291068
0.77059 368.508922984455 27.8020076770985
0.77322 844.216221468616 42.0977307101695
0.77585 994.974874406454 45.7211801859385
0.77848 1267.74107628436 51.630465891092
0.78111 271.771742035612 23.9150972624226
0.78374 587.285749746295 35.170118013866
0.78637 147.90999334411 17.6574016925664
0.789 303.338490902584 25.2970917527831
0.79163 473.59943049688 31.6221264114361
0.79426 291.986846606018 24.8396591110288
0.79689 803.881835155498 41.2323845290727
0.79952 784.584835368759 40.7513050830078
0.80215 516.145613739617 33.0680008271712
0.80478 1063.96814462805 47.4991895767203
0.80741 1452.40723151681 55.5221112741275
0.81004 1034.67952424641 46.8839720215482
0.81267 1225.71881019953 51.0524293049281
0.8153 1563.52429938349 57.6862938588972
0.81793 2338.7540708401 70.5848911017011
0.82056 1172.82934279882 50.0075813635695
0.82319 245.160557623028 22.874021490581
0.82582 1368.95161009131 54.0766621259592
0.82845 760.279393184582 40.3181745548633
0.83108 384.797810937991 28.6964906196621
0.83371 276.858561005833 24.3522745630649
0.83634 960.560933851631 45.380668898428
0.83897 1897.10120501489 63.8045107560664
0.8416 1596.0836417081 58.5506170433722
0.84423 1814.52004992247 62.4571092113924
0.84686 1830.85408045234 62.7660821876843
0.84949 1626.325873158 59.1832653662102
0.85212 1393.74897169715 54.8130819395317
0.85475 1403.01374235608 55.0198661894051
0.85738 2320.02422520294 70.7833764524293
0.86001 1291.11078138545 52.8278625887755
0.86264 1527.84206966111 57.4932171221551
0.86527 1085.31442015318 48.4787129886687
0.8679 393.593456428765 29.2074047722602
0.87053 175.691741259557 19.5227175686025
0.87579 320.531265454442 26.3930995623358
0.87842 710.018970176871 39.2993357173131
0.88105 485.447265555689 32.5099367280251
0.88368 689.874780897632 38.7725992102947
0.88631 582.983484134653 35.6584465467561
0.88894 499.704375200976 33.0282229647186
0.89157 409.14515526871 29.8993331762277
0.8942 997.941449632701 46.7163945677091
0.89683 579.709258903993 35.6217887096484
0.90472 332.421777832278 26.994804314449
0.90735 963.72246561359 45.9704180351928
0.90998 669.231152261022 38.3140028412731
0.91524 395.445903007915 29.4609612731283
0.91787 548.826462915418 34.7126543654996
0.9205 107.117698227654 15.3379679775017
0.92313 235.391040247172 22.7404504369137
0.92576 850.043473211613 43.2206739530126
0.92839 249.710827695801 23.4291482276705
0.93102 27.8611578302432 7.82716014024799
0.93365 346.196800875064 27.5951633970889
0.93628 29.8621613368509 8.10585533544933
0.93891 15.8258096588548 5.90184722945829
0.94417 196.124643710188 20.7828233355216
0.9468 226.115196634658 22.3187589001584
0.94943 165.860655623868 19.1180475123341
0.95206 565.185155182251 35.2966820616838
0.95469 257.371450946589 23.8223903638437
0.95732 249.02698996324 23.4366202044209
0.95995 679.301717360552 38.7141501111403
0.96258 480.273584059975 32.5573691578689
0.96521 282.233415045114 24.961790221404
0.96784 325.391112900658 26.8065483285835
0.97047 175.890749687746 19.711790390389
0.9731 202.78703015805 21.168552330812
0.97573 79.1044492338451 13.2232437974176
0.97836 32.2646338329917 8.44631702011768
0.98099 413.056441175579 30.2256149051081
0.98362 476.218662773222 32.4593686546435
0.98625 533.581719262333 34.3640016287785
0.98888 2744.52389154217 77.9476712131788
0.99151 1507.83456421012 57.7846970206741
0.99414 1192.95309961425 51.4060239827595
0.99677 1065.92390327629 48.5994938487237
0.9994 1268.89357991525 53.031101022528
1.00203 178.86931833272 19.9035248645405
1.00466 606.274792261955 36.6303222358637
1.00729 1031.89231434854 47.7712905202626
1.00992 979.016879954466 46.5145221463276
1.01255 991.521674517218 46.79378294982
1.01518 1100.2057944193 49.2739612580726
1.01781 1383.51241538741 55.235131822643
1.02044 723.953768208637 39.9413296536646
1.02307 706.537829683898 39.4437262789233
1.0257 213.399421679011 21.669548189055
1.02833 534.548885744489 34.2838707336197
1.03096 759.304785388682 40.8457605179236
1.03359 460.101367649524 31.7839852155302
1.03622 990.252930321208 46.6119435327837
1.03885 2153.56034150749 68.7139805148147
1.04148 1029.38478018627 47.489520362375
1.04411 373.656178360932 28.6013944918137
1.04937 1031.57029002194 47.488080729547
1.052 689.011269777213 38.7962934098806
1.05463 2690.84288551041 76.6413233855109
1.05726 1823.47546903645 63.0681983061391
1.05989 503.37079331024 33.1242451368068
1.06252 455.477217850001 31.4975459891151
1.06515 49.9759946922492 10.429545961348
1.06778 584.484491517784 35.6543356610769
1.07041 637.2658543179 37.2157893254501
1.07304 847.701248300271 42.9071098794207
1.07567 595.793284574318 35.9580786069324
1.0783 807.641075469521 41.850300668337
1.08093 1437.80032861958 55.8186415951984
1.08356 145.336174358652 17.7401509025627
1.08619 991.510009604429 46.3190192811581
1.08882 353.021099652592 27.6281226050467
1.09145 569.624765736189 35.0821010896896
1.09408 745.104557128221 40.1088100426103
1.09671 362.457960556211 27.9640374041868
1.09934 9.51000173798338 4.52794474662716
1.10197 561.169413999073 34.760454660762
1.1046 81.0066986343506 13.1971638577707
1.10986 353.835728070044 27.5412064706925
1.11249 1214.4932029292 50.9870573530847
1.11512 812.394048857234 41.670199832079
1.12038 259.697093972093 23.5252348202681
1.12301 795.480278824039 41.1427693389698
1.12564 1159.53846117708 49.6362890080461
1.13353 20.6695720142926 6.61231189061305
1.13616 195.309353568032 20.3107097615313
1.13879 236.125507870786 22.3157012102251
1.14142 88.7745127590266 13.6728249909123
1.14405 50.8683916502775 10.3421931244872
1.14668 126.308407600933 16.2846644905017
1.14931 145.359542637218 17.456533834184
1.15194 152.128229456205 17.8449037446956
1.15457 881.147083855828 42.9146998368961
1.1572 581.877814932757 34.8473575186703
1.15983 283.958990512321 24.3250277019645
1.16246 326.784889617923 26.0751969853527
1.16509 54.3838264976881 10.6292367246728
1.16772 62.5855547273232 11.3939506716498
1.17035 85.1448154775299 13.2796297817764
1.17298 966.569037903571 44.708734879317
1.17561 442.507431261614 30.2276787613883
1.17824 1045.14724331826 46.4195920940804
1.18087 1050.37054149919 46.499834231798
1.1835 361.391975262878 27.2543882766458
1.18613 377.577036686451 27.8366205939478
1.18876 329.292411072791 25.9759002800315
1.19139 34.9635477941716 8.45771417608536
1.19402 547.716443301066 33.449385232342
1.19665 630.302324337261 35.8549549262998
1.20454 791.194298256734 40.0773328839174
1.20717 1060.89157528481 46.3714068538223
1.2098 538.612897543346 33.0149116588378
1.21243 441.237528903838 29.8582560294667
1.21769 550.174419751732 33.288151507037
1.22032 633.102744521351 35.6805378914161
1.22295 491.284821612498 31.4061883423151
1.22558 841.01545692848 41.0586114241318
1.22821 226.048942425669 21.269469939256
1.23084 147.525046779657 17.1688383267388
1.23347 219.127744198139 20.9078204195011
1.2361 121.666470104598 15.5667166232572
1.23873 1006.16062282855 44.7297171534847
1.24136 31.1908978491996 7.86913140809794
1.24399 390.619164733247 27.8252730766087
1.24662 489.373168399164 31.119454467461
1.24925 395.756900272423 27.9624238846662
1.25188 893.438724787246 41.9798664661843
1.25451 1033.41548957798 45.1121658642764
1.25714 1699.10871031998 57.7981228025355
1.25977 1060.42444615015 45.6235837396506
1.2624 807.0000793621 39.7678510010836
1.26503 466.034975753242 30.1960276872069
1.26766 1088.74681137272 46.1156836711721
1.27029 456.235151479757 29.82796583
1.27818 80.2586903072465 12.4796949851175
1.28081 279.920034911783 23.2871661170986
1.28344 377.010467108464 27.0033393269612
1.28607 390.224648154794 27.4497659117002
1.2887 252.918987032617 22.0806545638276
1.29133 19.1415646868642 6.06944914229882
1.29396 186.628111043823 18.9359815359471
1.29922 454.086729620305 29.4879344668237
1.30185 522.723306555592 31.6187952446368
1.30448 444.865118520396 29.1517645832386
1.30711 258.061172339213 22.1897791661704
1.30974 49.5385219570504 9.71636534803558
1.31237 516.695032751013 31.3609936255557
1.315 381.001830413714 26.9138760541128
1.31763 48.7896838412948 9.62534829188676
1.32026 440.778443128156 28.9135918959225
1.32289 507.414346430962 31.0036163152932
1.32552 113.726600580903 14.6690100695864
1.32815 1388.70784762443 51.228743424066
1.33078 391.570660634067 27.1863870530621
1.33341 522.084216481283 31.3728920347699
1.33604 456.356964789038 29.3139367747922
1.33867 526.269851809588 31.4603294190152
1.3413 1219.07982634072 47.8533105973827
1.34393 1201.63757703928 47.4809329672168
1.34656 319.738533388664 24.4774538242691
1.34919 54.7564384829979 10.1233041087832
1.35182 63.033380624695 10.8548943808735
1.35445 57.751858680691 10.3838541105295
1.35708 562.446151519381 32.3855322590946
1.35971 1752.41270621861 57.1298924938872
1.36234 789.338223200218 38.3187292256515
1.36497 630.154308947776 34.2166101690162
1.3676 1224.18938008278 47.6619163305086
1.37023 87.4067204121219 12.7277885334937
1.37812 358.135328161468 25.7159265642593
1.38075 1029.12570150095 43.5657137031425
1.38338 450.11529077155 28.7941457787805
1.39653 387.262270585399 26.6255377975901
1.39916 556.981436847587 31.9113991711448
1.40179 427.050076463142 27.9284747307909
1.40442 296.893382598321 23.2772006793936
1.40705 589.50649349801 32.7866707485107
1.40968 687.179793709894 35.3842992183929
1.41231 646.320110752058 34.3021612073336
1.41494 1031.23866368204 43.311112300309
1.41757 661.066814564303 34.6628581961509
1.4202 298.056112742572 23.2655064938393
1.42283 497.350012802878 30.041126784782
1.42546 357.611794672336 25.4631763771764
1.42809 329.422418743361 24.4289387131097
1.43072 379.367183907574 26.2046956714041
1.43598 29.6675622448097 7.32204107116359
1.43861 359.073126660375 25.4626414354107
1.44124 168.812706496936 17.4515977498698
1.44387 29.1778906591827 7.25237163825901
1.4465 573.587136570352 32.1420175920257
1.45176 12.5721121953755 4.7546413922321
1.45439 14.4781205317021 5.10022831402617
1.45702 121.264720218754 14.7543638846968
1.45965 139.648993608449 15.8267500134105
1.46491 49.6919059292247 9.43309869059696
1.46754 180.305084471741 17.9611718769094
1.47017 242.267082974984 20.8111877531366
1.4728 424.311493367666 27.5302965358136
1.47543 374.266428002351 25.8450636203341
1.48069 133.416652566049 15.4180372451321
1.48332 588.175585992268 32.3590520050693
1.48595 1354.89496583317 49.092277214044
1.48858 1059.81700245381 43.4003990168591
1.49121 792.294084415066 37.5093253309447
1.49384 1034.87105285235 42.8505871854933
1.49647 1038.18332513232 42.9010716717001
1.4991 443.022877567747 28.0131210692962
1.50173 46.3634969591095 9.05895894850105
1.50436 147.971421545177 16.1795271882607
1.50699 406.74998650712 26.8180577493441
1.50962 294.474759867674 22.8125677664215
1.51225 426.705889292135 27.453706008064
1.51488 102.173400048855 13.4304959490504
1.51751 117.69955981619 14.4110941123018
1.52014 190.462734039158 18.3274013460463
1.52277 425.884670873222 27.3985876556509
1.5254 237.855758833779 20.4703485113578
1.52803 470.326927486989 28.7775947706511
1.53066 857.489693944118 38.8467897592803
1.53329 716.366337478882 35.4972178336382
1.53592 1033.59780526718 42.6273672141438
1.53855 965.31378165811 41.1844153017203
1.54118 885.123920694441 39.4263488844113
1.54381 213.968399916471 19.3796152960344
1.54644 286.431634177386 22.4164364021465
1.54907 768.68683803693 36.7127143377351
1.55696 27.1852036664026 6.89866056930538
1.55959 134.159983984677 15.3212934056789
1.56222 654.92074843945 33.8425978933799
1.56485 1078.8018811728 43.423566920568
1.56748 855.594780762945 38.661079633545
1.57011 330.993797780231 24.0400324293605
1.57274 96.7436891641069 12.9933635328362
1.57537 224.965826226227 19.8085929609778
1.578 130.771558607089 15.0986120671942
1.58063 150.714557956113 16.2047726516432
1.58326 301.90955433305 22.9291877997678
1.58589 236.893793392291 20.3054175954626
1.58852 102.64533353033 13.3625538929413
1.59115 66.6790192551347 10.7671108829821
1.59378 76.8108722241272 11.5531547400626
1.59641 722.671052582401 35.4277986663726
1.59904 761.19863127821 36.3502475785889
1.60167 851.850335073578 38.4458208051674
1.6043 199.577540903264 18.6060878394896
1.60693 431.646473983296 27.3586747223228
1.60956 324.707078065461 23.7251265308782
1.61219 569.268914653313 31.4089251840065
1.61745 53.9045502566068 9.66207381295908
1.62008 498.02751906975 29.3640479234874
1.62534 151.001524156751 16.1637858211335
1.62797 363.111462678976 25.0613206280705
1.6306 152.396991542636 16.2331835853524
1.63586 1116.73091708785 43.929146820758
1.63849 735.758350782866 35.6514800357443
1.64112 259.592641977973 21.1732534736789
1.64375 1186.08987883686 45.2513592901244
1.64638 919.514305032007 39.8367109666199
1.64901 839.42184413262 38.056228101978
1.65164 522.095227667139 30.0083299819361
1.65427 148.822162921645 16.0188784619583
1.6569 338.984071742274 24.1723714726408
1.65953 472.305978251472 28.5280854603072
1.66216 290.336298498899 22.3636580608699
1.66479 794.987649674749 37.0001610645198
1.67268 93.9279343841498 12.7120157843385
1.67531 453.309906163839 27.9219537609115
1.67794 624.947586211796 32.7794102248396
1.68057 603.026758599704 32.1942822463222
1.6832 353.477774221194 24.6446472672835
1.68583 259.596570518466 21.1165079271748
1.68846 396.982933367603 26.1089612922736
1.69109 243.727315727612 20.4544030186207
1.69372 38.3047276607943 8.1075923345608
1.69635 1411.25919659842 49.2039640454453
1.69898 669.912394580354 33.8950805684868
1.70161 528.322931526242 30.0964615945625
1.70424 625.465732965341 32.7434703193738
1.70687 325.164017466219 23.6064898502916
1.71739 312.021433824473 23.1153896919025
1.72002 30.6692650662258 7.24632613550929
1.72265 35.3412497255607 7.77793521638076
1.72791 420.345211644436 26.8188871848831
1.73054 254.881957537769 20.8816302247692
1.73317 697.322839815584 34.5357541006588
1.7358 549.328889716155 30.6496383238158
1.73843 1053.59168605897 42.4426438424715
1.74106 309.017073442223 22.9834181414514
1.74369 495.100458273814 29.088890404803
1.74632 1052.95304921181 42.4172097334054
1.74895 855.987730789668 38.2409309877953
1.75158 705.342640645217 34.7097784537533
1.75421 680.747779832722 34.0958848285141
1.75684 415.553534367953 26.6366378990304
1.75947 746.420487282173 35.6956053900929
1.7621 507.527084466602 29.4313131238352
1.76473 290.933280585949 22.2809534951321
1.76736 403.757367158043 26.2454687724376
1.76999 639.740967695769 33.0333950655634
1.77262 524.775146886428 29.9153974019771
1.78051 270.8132163689 21.4839471311147
1.78314 528.992023583738 30.0234566779598
1.78577 249.969809959522 20.6365400667033
1.7884 194.331209642248 18.1937133541738
1.79103 251.047599634637 20.6768827547017
1.79366 31.2435394039976 7.29363609184127
1.79629 459.729129818873 27.9751181446249
1.79892 345.646602085768 24.2545932402711
1.80155 14.0005972251058 4.88105137548523
1.80418 136.408473793413 15.2345583389035
1.80681 242.479333438764 20.3102677631944
1.81207 451.074167634413 27.6974910812129
1.8147 823.579070231426 37.4229639637249
1.81733 592.390799668133 31.7364800414795
1.81996 682.669688949081 34.0666150628646
1.82785 297.542059806025 22.4856287572959
1.83048 788.392233145312 36.5991562526601
1.83311 613.255790538463 32.2767486714899
1.83574 277.040399174544 21.6924970151346
1.83837 186.649390284622 17.8041121009697
1.84889 22.6643365426845 6.20232680313787
1.85152 26.1183188747656 6.65770834973111
1.85941 4.77549941465154 2.84622072039531
1.87519 546.200407231331 30.4262977587439
1.87782 211.044906835249 18.9116538804633
1.88308 238.196983294061 20.0885287809159
1.88571 274.49747330095 21.563444587722
1.8936 49.3847362793483 9.14433608774771
1.89623 56.9108140335589 9.81571973452921
1.89886 248.089983372793 20.4926584610548
1.90149 457.63004527502 27.8307757551983
1.90412 197.904463472205 18.3010093006145
1.90675 314.071135667232 23.0536904588882
1.90938 1033.12173805934 41.810117787201
1.91201 488.225773637737 28.7405573812686
1.91727 21.6870994503148 6.05681003738017
1.93568 74.9040721513246 11.2525306966658
1.93831 557.477040347403 30.696591794034
1.94094 484.671589373672 28.620658362787
1.94357 241.929962765932 20.2199388393351
1.94883 337.063072346495 23.8643126460118
1.95146 343.572804137169 24.0925015940713
1.95409 377.656437546757 25.2580672253633
1.95672 287.685669157304 22.0439766871103
1.95935 64.1645315762919 10.4101623141479
1.96198 40.753505029828 8.29605507066107
1.96987 21.3102434326642 5.99819809856474
1.9725 999.026691693836 41.0671243634673
1.97513 176.46661475998 17.2590215443877
1.97776 235.454769963788 19.9350708838367
1.98039 423.783006665926 26.7432970807107
1.98302 801.772683186969 36.7830678012114
1.98565 209.850818397198 18.8172775906607
1.98828 99.3519583352155 12.946989925321
1.99091 702.577997402763 34.4276199903081
1.99354 50.7244044239499 9.25011939712261
1.99617 120.321846338359 14.2459112385847
1.9988 154.143778904623 16.1235295995142
2.00143 145.773926017618 15.6790476551353
2.00406 411.107087770671 26.3293968131281
2.00669 237.561556343115 20.0140592031439
2.01458 44.7332889305448 8.68387416306282
2.01721 249.307356635282 20.4997856562076
2.01984 227.905800683438 19.5994158696961
2.02773 671.526061325533 33.6393707483809
2.03036 688.277434354037 34.0550759732066
2.03299 238.234644256899 20.0348550984425
2.03562 68.7061828468304 10.7588366970909
2.03825 249.160953286514 20.4875984689882
2.04088 287.151753323437 21.9933028115212
2.04351 213.226264603722 18.9512875533399
2.04614 483.11053362918 28.5249753946733
2.04877 765.549650078067 35.9064407966898
2.0514 572.472506784771 31.0489304670522
2.05403 705.891959973916 34.4764145968603
2.05666 909.592581840322 39.134526191273
2.05929 1067.86868921852 42.401302592216
2.06192 127.156430993288 14.6309687508696
2.06455 403.26404921168 26.054474349714
2.06718 1033.29158144351 41.7044743049288
2.06981 396.326223403534 25.8274335072587
2.0777 226.046715236566 19.5031547458871
2.08033 619.358609189592 32.282004435219
2.08296 242.217241234952 20.187175843459
2.08559 503.580497039212 29.106576372312
2.09085 342.369004220958 23.9977850713752
2.09348 398.884936189427 25.901886038715
2.09611 238.504312002805 20.0280800142905
2.09874 98.2971767720153 12.8571689525327
2.10137 113.286071289043 13.8022132642478
2.10926 118.056047838134 14.088490896876
2.11189 452.326046934563 27.5760957969658
2.11452 426.28556382677 26.7697254749426
2.11715 78.8849570759748 11.515354834518
2.11978 207.759372666835 18.6873260573047
2.12241 431.960761923856 26.9448407764676
2.12504 133.601049134086 14.9845956223338
2.12767 97.3180392705275 12.7886113262904
2.1303 139.611057639603 15.3169833776052
2.13293 160.900439874202 16.4429057169481
2.13556 65.278389223253 10.4730043320797
2.13819 29.866476112584 7.08378183233761
2.14082 684.492939697713 33.911288184116
2.14345 354.15068277131 24.3916094672195
2.14871 144.953946942285 15.6039541879304
2.15134 818.657717595847 37.0815122182367
2.15397 30.3284639250682 7.13703909570232
2.16975 290.927419097564 22.1006399301346
2.17238 240.232225716734 20.08236057039
2.17501 828.782599202105 37.2997606689613
2.17764 357.724671175086 24.5045529603341
2.18027 96.9412787743317 12.755964829782
2.1829 111.723910223871 13.693630573483
2.20131 348.263722137087 24.1717445734534
2.20394 921.557664476531 39.3191640792319
2.20657 599.512222034977 31.7125510547105
2.2092 63.0148714859086 10.2811767610989
2.21183 157.914474286177 16.2750153576668
2.21446 229.145096024181 19.60445889996
2.21709 692.136509182518 34.070977481932
2.21972 808.560604583978 36.8242695261031
2.22235 212.835288463539 18.8924728634539
2.23813 466.364539999989 27.9617636329053
2.24076 816.54218559319 36.9981702182954
2.24339 121.966570228238 14.2988289523878
2.24602 392.11472153553 25.6375057804542
2.24865 770.47879022668 35.9367396200983
2.25128 562.158989892898 30.6956645471719
2.25391 224.751587304574 19.4083213478068
2.25654 260.066541790433 20.8769937776557
2.25917 98.8082885602498 12.8680144024957
2.2618 536.057147132778 29.971572127884
2.26443 104.837852004009 13.2541586295983
2.26706 648.090250727793 32.9533809449008
2.26969 592.719644588958 31.5134551896464
2.27232 277.259701501125 21.552808205927
2.27495 1558.53519800893 51.0984730010101
2.27758 595.14969681404 31.5756172190121
2.28021 339.841443682903 23.8597580445551
2.28284 390.432712065527 25.5734952133006
2.28547 295.388893130506 22.2435035958741
2.2881 1017.99661809738 41.2922363713233
2.29073 412.926098250611 26.2978670979506
2.29336 375.652617134236 25.0822615205289
2.29599 417.209360574583 26.43258429798
2.29862 153.615295510373 16.0386922996028
2.30125 95.6026001212541 12.6524811203056
2.30388 410.185579012422 26.2073020581576
2.30651 345.757112427346 24.0607409677804
2.31966 153.018469990772 16.004862162622
2.32229 267.802889231509 21.1728320984221
2.32755 579.614925895995 31.1475385058946
2.33018 156.72040235805 16.1960098732463
2.33281 425.249268771591 26.6783130299816
2.33544 106.722048485436 13.3645692212454
2.33807 360.806033764363 24.5728820437478
2.3407 3.44412701002986 2.40076743128408
2.34333 3.96940998834253 2.5772989785404
2.34859 56.3892152285888 9.713650398654
2.36174 55.4502914968918 9.63147733220551
2.37752 248.359704028453 20.381183598652
2.38015 11.4038728744632 4.36723261084664
2.38278 140.733651560401 15.3415918509187
2.38541 162.197719843884 16.4696786026554
2.39067 270.126641459026 21.2534320699697
2.3933 339.37215546866 23.8218107232331
2.39593 38.9316161575252 8.06824702899479
2.39856 5.80479729773626 3.11539273978859
2.40119 22.6869668129259 6.15883983541465
2.40382 110.875350079559 13.6150686877134
2.40645 380.084412833603 25.207745559886
2.40908 345.711899061763 24.0404604963094
2.41171 168.435913413356 16.7801024434278
2.41434 286.503009203805 21.8843420875803
2.41697 598.979661587095 31.6421933387212
2.4196 437.346836191353 27.0374156015767
2.42223 231.812514548809 19.683950367731
2.42486 144.232942121575 15.5262899914341
2.42749 264.871562259019 21.0399531383955
2.43012 545.540706548066 30.1948114299031
2.43275 624.661392496796 32.3096841244489
2.43538 286.044584548396 21.8634595426693
2.43801 1003.12560958847 40.9422131919467
2.4459 127.820643764637 14.6139988668138
2.44853 328.426784693655 23.4249941052522
2.45116 304.004885047313 22.5367934160892
2.45379 437.497943678674 27.0353182872254
2.45642 377.675845556238 25.1185589246216
2.45905 119.180549822483 14.1100789169471
2.46168 1119.91277407036 43.2524273084989
2.46431 876.997078420601 38.2744619288267
2.46694 880.685925518329 38.3541341805842
2.46957 238.428663149732 19.9559552584729
2.4722 351.72545180126 24.2374441756416
2.47483 500.931571102334 28.9244932760053
2.47746 159.687166838441 16.3306397563731
2.48009 165.58394582647 16.6291073753384
2.48272 395.089917917938 25.6861745938249
2.48535 427.643565684832 26.7229291339307
2.48798 538.141408901321 29.9766382330599
2.49061 601.187691358656 31.6833717418294
2.49324 733.575660787074 34.9977755025636
2.49587 331.136062222837 23.5132604983487
2.50639 302.176392383962 22.4601128972989
2.50902 414.317026889771 26.299163280732
2.51165 76.1244635011655 11.2727930629332
2.51691 383.133700304134 25.2890393240068
2.51954 751.528437462549 35.4179756551914
2.52217 469.833153514004 28.0037844528848
2.5248 143.444511481905 15.4732212358914
2.52743 15.7544978708836 5.12784537071869
2.53006 208.387624735204 18.64929720955
2.53269 240.172811590259 20.0208402004904
2.53532 11.2944416304667 4.34156823223562
2.53795 13.0171731687746 4.66086430399444
2.54058 9.44215403839216 3.96951573807973
2.54321 180.613533090563 17.360850654144
2.54847 544.311545077061 30.137510061109
2.5511 865.967005641046 38.0126491251307
2.55373 226.776696762879 19.4522814929019
2.55636 886.546910161867 38.4606006015944
2.55899 735.298171503554 35.0260217529082
2.56162 1042.91918650765 41.7136571123357
2.56425 350.271158436861 24.1740266030528
2.56688 121.570248659106 14.2414538465505
2.56951 359.844020810242 24.5014443940048
2.57214 293.605238134195 22.1314724444035
2.57477 328.121647617132 23.3958979685724
2.5774 527.952586906342 29.6765632470198
2.58003 234.416129640397 19.7744201165737
2.58529 308.23499441716 22.6745520630124
2.58792 1474.5265183696 49.592717291417
2.59055 710.529198875148 34.4251976459326
2.59318 407.479250873497 26.0694634715621
2.59581 157.110702527914 16.1873625929866
2.59844 169.03038073702 16.7899522214897
2.60107 248.684801812958 20.3650545766167
2.62211 94.2893340548051 12.5385599794598
2.62474 108.67148454743 13.460729735964
2.62737 306.161763634167 22.5933539981236
2.63 454.357646145905 27.5231779951673
2.63263 309.16094603774 22.7031646448703
2.64052 49.4298383348839 9.07761916866031
2.64315 151.2393869757 15.8783088112558
2.64578 455.634140779005 27.5596910707892
2.64841 453.718688396449 27.501347617031
2.65104 215.232692651291 18.9412740070884
2.65367 238.309326629296 19.930583449234
2.6563 415.842647312 26.3274278643465
2.65893 162.718514772706 16.4686056020132
2.66419 294.399586418934 22.1511251577129
2.66682 563.948486186255 30.6578246229663
2.66945 159.257855641726 16.2917026318994
2.67208 237.716052289171 19.9039706082315
2.67471 201.494028362238 18.324662351433
2.67734 65.7939751608636 10.4711017267057
2.6826 45.718698225574 8.72840906054503
2.69049 101.2730589294 12.990276591825
2.69312 116.720449669561 13.9456683772248
2.69575 224.361151221587 19.3345518740938
2.69838 300.936247982817 22.3919520171105
2.70101 129.106548277567 14.6663986738854
2.70364 77.6954758128424 11.3773738767705
2.70627 126.819461692586 14.53556543595
2.7089 278.54259188736 21.5416813447542
2.71153 256.018929879495 20.652120155712
2.72205 401.380260712131 25.8574599475338
2.72468 557.322611074199 30.4688455500176
2.72731 181.84647628191 17.4040340818368
2.72994 116.217344325762 13.9132236375977
2.73257 36.1331646634634 7.75782724922337
2.7352 224.847505579744 19.3520043679681
2.73783 259.14442787546 20.7753173163138
2.74309 132.450205315469 14.8522643173762
2.74572 193.874019651222 17.9688784306274
2.74835 47.5081899628868 8.89488252262422
2.75624 63.9844011328673 10.3223234246724
2.7615 62.0727451080586 10.1667116309844
2.76413 128.686129607095 14.638302228202
2.76676 99.3973914715934 12.8649216033124
2.76939 38.6509586286219 8.02222051555598
2.7878 91.5090368609583 12.342698546924
2.79043 1007.1098432265 40.945988450533
2.79306 371.935009129993 24.8829162639054
2.79832 49.558116396412 9.08269566170899
2.80095 7.50517452728292 3.53453733517242
2.80358 8.64994705761015 3.79448760233824
2.81147 44.3404975423502 8.59070072928818
2.8141 51.1037381338415 9.22249881920288
2.82462 199.45185033902 18.2186908387408
2.82725 331.55296226419 23.489217621179
2.82988 117.187821825748 13.9645614080294
2.83251 388.260682917928 25.4180207433822
2.83514 1030.14309409323 41.4021375545811
2.83777 982.814831659291 40.4393159237323
2.8404 358.76010387387 24.4322792302689
2.84566 145.442266068455 15.5559004291242
2.84829 167.626522390526 16.6999499131598
2.85881 66.9938847521758 10.5569200065155
2.86144 77.2124375024712 11.33332239222
2.87985 12.7582502273238 4.60645568288624
2.88248 372.763445018939 24.89900304393
2.89037 24.7557126893056 6.41630347934545
2.893 28.531692231033 6.88818662809867
2.89563 2.32792964857778 1.96752394006287
2.89826 2.68300787779871 2.1122242919242
2.90089 148.338429566569 15.7054703041554
2.90352 241.870943741642 20.0545137758662
2.90615 311.620628636054 22.7630035833682
2.9193 386.822672491605 25.3602380200632
2.92719 69.4566093269674 10.7458974535081
2.92982 80.0516179807181 11.5363158726579
2.93508 523.304609538879 29.4952254395131
2.93771 546.137957644311 30.1315726780946
2.94034 191.6204822856 17.8479262234258
2.94297 356.856152770778 24.3562022083843
2.9456 55.1404334261007 9.57401807175135
2.94823 379.562414417366 25.11868698893
2.95086 525.137292000382 29.5452686002946
2.95349 440.31307325321 27.053812829745
2.95612 418.796991108266 26.3843042151145
2.95875 236.777342641185 19.8385587937821
2.96138 319.839048603366 23.0569558838396
2.96401 147.987399795342 15.6835644935877
2.96664 56.1523694136693 9.66078964580628
2.96927 126.229112576707 14.4845339237273
2.9719 227.864582516631 19.4607400866556
2.97453 319.745043237429 23.0525528910246
2.97716 368.519398770036 24.7481917159596
2.97979 104.190625238362 13.15902750476
2.98768 4.86054687536266 2.84210797773315
2.9982 42.0077466881927 8.35501836668744
