-0.19725 366.164106720774 27.6430203570243
-0.19462 539.584650664491 33.5593777783656
-0.19199 1204.58299643468 50.1463078764508
-0.18673 247.555673566293 22.7368347848286
-0.1841 427.158788750144 29.8692770209772
-0.18147 660.096871939278 37.1338810878291
-0.17884 1290.24389966786 51.9205008830922
-0.17621 898.265412157621 43.3253181177179
-0.16832 1016.70064064149 46.1047104618159
-0.16569 596.569298499153 35.3195881503309
-0.16306 906.702072044714 43.5465656778695
-0.16043 1659.62072713826 58.9199608110769
-0.15517 799.783291844701 40.9088250765094
-0.15254 140.272857233798 17.1338146618603
-0.14465 533.510119654266 33.4231776975318
-0.13939 412.817660706182 29.4054809428603
-0.13676 506.491931154125 32.5740517367081
-0.13413 762.518644324043 39.9711926994222
-0.1315 160.985682806793 18.3675762847703
-0.12887 272.105716817965 23.8815991088737
-0.12098 243.911175981933 22.6161887633336
-0.11835 739.31172278219 39.3780029859368
-0.11572 599.340236874556 35.4578928945573
-0.11309 525.541850721972 33.205969771632
-0.11046 319.871962879714 25.9081799983854
-0.10783 310.993635588088 25.5482328334732
-0.1052 1148.2760682137 49.0958249975409
-0.10257 1456.00069827004 55.2889677510279
-0.09994 1469.39224289435 55.5471998898237
-0.09731 438.336072089274 30.3411237721848
-0.09468 1556.23442416008 57.1742289057547
-0.09205 1912.86956834874 63.392843358903
-0.08942 82.675150572736 13.1801329070031
-0.08679 1162.18811032715 49.4202844414996
-0.08416 1683.37214477471 59.4828575169246
-0.08153 1698.27737814843 59.750396388123
-0.0789 2193.12758948672 67.9052175952964
-0.07627 2752.99478680193 76.0866744372878
-0.07364 1306.51142443226 52.4200245949953
-0.07101 699.818925978212 38.3679112816802
-0.06838 931.148962519829 44.2608339728334
-0.06575 2585.17871859262 73.754748563209
-0.06312 953.921333506516 44.8059475113627
-0.06049 1628.03699362586 58.5391211891887
-0.05786 549.475223072735 34.0112656945236
-0.05523 785.686817117667 40.6731808608721
-0.0526 1420.56324935411 54.6950916582142
-0.04997 1892.79988366207 63.1400721540736
-0.04734 1186.88425257212 50.0024815784201
-0.04471 1397.20714618443 54.256580537361
-0.04208 1539.46054270006 56.9561914746318
-0.03945 2821.54525207405 77.1142794191315
-0.03682 4385.32167590567 96.1449884528228
-0.03419 4046.80490685064 92.3669665865593
-0.03156 4686.22051553491 99.4046099929702
-0.02893 7254.60840222366 123.690619579796
-0.0263 7389.33664367507 124.843837843488
-0.02367 8633.42799392341 134.955510266092
-0.02104 9164.82622817855 139.057910496247
-0.01841 10411.5558725586 148.226546206274
-0.01578 12523.7362532137 162.580971231566
-0.01315 13507.9190773402 168.861857266541
-0.01052 14040.1484840484 172.17011152869
-0.00789 16369.3028342115 185.918056321361
-0.00526 16614.3560258971 187.3194172166
-0.00263 16616.3756293103 187.345708672434
-0 16165.0745547212 184.798841777883
0.00263 15872.9844484632 183.138854234943
0.00526 14969.3328620381 177.866115733788
0.00789 14711.5822182141 176.344728967678
0.01052 13683.3349314533 170.086386831906
0.01315 12793.9772638135 164.481531779644
0.01578 9440.20303081777 141.301181108053
0.01841 7850.1145729374 128.864675595686
0.02104 6620.38005670704 118.352681688094
0.02367 5810.8294549341 110.891039288284
0.0263 3676.27118579607 88.2108280319478
0.02893 2701.77943017917 75.6282073067859
0.03156 1729.18245931423 60.509002769343
0.03419 1695.43407316667 59.9212348779686
0.03682 2674.30206896393 75.2638171373378
0.03945 1037.55253321188 46.8842269218153
0.04734 96.3014241162266 14.2876276923936
0.04997 613.08086667247 36.0531588640197
0.0526 654.97824724827 37.2682107290045
0.05523 656.125381326521 37.3043243791569
0.05786 1330.71087255487 53.1310330828111
0.06049 1531.45736815182 57.0032351242812
0.06312 355.106061470109 27.451540688129
0.06575 124.303361015791 16.243130818012
0.06838 390.262606707401 28.7837513498413
0.07101 514.730713527547 33.0597507796287
0.07364 2328.35582186999 70.3193441361655
0.07627 1675.28162326501 59.653323306481
0.0789 980.208764916626 45.6342176184149
0.08153 2436.60520423346 71.9555805827471
0.08416 1973.16366281762 64.7580890348943
0.08679 1440.92364315857 55.3443789386294
0.08942 1900.75169471801 63.5705962190778
0.09205 2747.27621594191 76.4337740146934
0.09468 2909.72696030462 78.6684877159873
0.09731 2419.44395797232 71.7419208057645
0.09994 1729.78695040583 60.666934643107
0.10257 2141.34673938721 67.5040072373228
0.1052 1924.19008159989 63.9938424362987
0.10783 2836.61846605844 77.7038981537354
0.11046 1860.44096885262 62.9329991456213
0.11309 2890.40176513435 78.4472498827397
0.11572 3789.79875925113 89.8327762868593
0.11835 3283.70239291336 83.625122911032
0.12098 3423.51285361901 85.3923527179865
0.12361 4120.22628803557 93.6853432322798
0.12624 4001.44092888387 92.3309787292901
0.12887 4526.88617546918 98.2125832298291
0.1315 4549.10011406614 98.459630857842
0.13413 3849.80190383384 90.5821767218769
0.13676 3667.77575508332 88.4205171562223
0.13939 4082.07588272735 93.2868219372722
0.14202 6004.85966228289 113.151231914839
0.14465 5983.23572439795 112.95462109063
0.14728 6858.87908106363 120.945748578321
0.14991 8144.38087809742 131.801743423331
0.15254 8019.80418125553 130.798293923493
0.15517 9581.09382569302 142.97358926514
0.1578 12491.268004739 163.259931266674
0.16043 16350.9799455661 186.799757503786
0.16306 20096.6409626132 207.10673275157
0.16569 22513.8652913331 219.222726086011
0.16832 27669.7828253617 243.047677705885
0.17095 30654.0933058329 255.835550144574
0.17358 31876.7799775967 260.904715491451
0.17621 32941.382249577 265.242835906277
0.17884 34458.7051935109 271.30030017326
0.18147 34458.0625738102 271.31528722547
0.1841 37115.3759830112 281.600749045574
0.18673 37465.4070814315 282.943768924282
0.18936 37834.1153639802 284.350978706743
0.19199 35039.5954617594 273.665784751521
0.19462 35255.4983348465 274.525323470899
0.19725 32683.1500322412 264.337607665972
0.19988 29831.4773139661 252.557540226007
0.20251 28194.2911139943 245.538889535236
0.20514 22292.3813189241 218.340684175531
0.20777 18310.6109538887 197.890337530499
0.2104 15470.2265813874 181.902322454825
0.21303 12963.7509312596 166.522138591926
0.21566 9709.58325721143 144.119805741826
0.21829 8563.18050918965 135.349811017715
0.22092 6631.49964888552 119.113972747661
0.22355 5153.47771209415 105.008332947291
0.22618 3011.58200441315 80.2763535316621
0.22881 2104.80219271816 67.113928367433
0.23144 1912.12985870509 63.9708958580022
0.23407 1903.85136007979 63.834723834338
0.2367 1456.11450246874 55.8283703002667
0.23933 1832.31767828128 62.6288292844934
0.24196 1570.23618487499 57.9793200502658
0.24459 1787.05954145653 61.8552913683256
0.24722 1451.08262945036 55.7404068587346
0.24985 1144.49083073584 49.5047574824544
0.25248 1314.93149104687 53.0651084507379
0.25511 2114.58125110407 67.2955574170464
0.25774 679.563787533542 38.1510093281174
0.26037 536.541904242371 33.900761355682
0.263 1313.23549841976 53.039038795255
0.26563 2144.05764399638 67.7734002011212
0.26826 2148.29493185412 67.8429470049905
0.27089 1282.86765812405 52.4282530084332
0.27352 1671.76639685808 59.8520401098226
0.27615 915.259857487179 44.2873886046942
0.27878 344.273222657329 27.1629034248479
0.28141 1388.66178250561 54.555621689313
0.28404 3080.83624400319 81.2628919804872
0.28667 3596.55927667075 87.8048035442312
0.2893 2800.09802355522 77.4779245154575
0.29193 2997.6557383217 80.1676095052228
0.29456 3772.81827635691 89.9409961902413
0.29719 2650.10008294742 75.3828547893014
0.29982 1339.14548474505 53.5885510499862
0.30245 910.275372645652 44.1835824167966
0.30508 1103.36195563809 48.6462760791783
0.30771 2479.180343579 72.9223615872562
0.31034 2881.57986396632 78.6209091029474
0.31297 4077.24772233864 93.5238432346618
0.3156 3783.2944514803 90.0927682037556
0.31823 3408.43473252026 85.5162037202941
0.32086 2862.01271397155 78.3651127526903
0.32349 2057.68551675949 66.4496264655716
0.32612 3320.51266171915 84.4153980893237
0.32875 3310.76337955158 84.2944986016242
0.33138 2826.58580483816 77.8901075883093
0.33401 2518.91914777156 73.5316626727757
0.33664 4950.71005900353 103.090126546785
0.33927 5804.41325039042 111.629387546741
0.3419 6244.28995044834 115.78624291256
0.34453 5785.45307013009 111.455157418803
0.34716 4760.12344018206 101.101276512473
0.34979 6740.52363902022 120.312402120378
0.35242 7237.25723446446 124.671341158219
0.35505 7164.21155814795 124.045174343702
0.35768 7368.16490062595 125.803112455274
0.36031 7301.69474324574 125.239001797116
0.36294 7683.18413908691 128.473756951793
0.36557 7416.3056204909 126.227404947708
0.3682 7144.50145936385 123.897301998812
0.37083 6985.22596770394 122.512993980822
0.37346 8032.05599513737 131.377600246942
0.37609 6852.68501067205 121.3540800171
0.37872 6817.63373707998 121.047790235576
0.38135 6289.7649913278 116.271500252004
0.38398 6222.98037073294 115.656838115257
0.38661 6401.48084106775 117.308196055592
0.38924 6067.36093601954 114.209985757417
0.39187 5742.14564699849 111.111060606453
0.3945 3658.9869471465 88.6985763778714
0.39713 3897.82979512317 91.5511242441044
0.39976 3400.63705920609 85.5158656024756
0.40239 1545.54378198013 57.6518722006577
0.40502 1855.72632899401 63.1736439638438
0.40765 999.51146516697 46.3638036741968
0.41028 520.486921175479 33.457715411985
0.41291 1940.49082557507 64.6031022219558
0.41554 1448.75620813877 55.8214913554331
0.41817 1258.97689774144 52.0377924057232
0.4208 2676.55186230161 75.8759285271702
0.42343 1473.16862665915 56.2922517548241
0.42606 900.804491647445 44.0193743158432
0.42869 887.364131445882 43.6903709107602
0.43132 1323.53393157531 53.3591053609286
0.43395 167.878617266852 19.0039944037141
0.43658 701.484485572024 38.8474431429361
0.43921 1304.53525043573 52.9770189012772
0.44184 1051.01818830975 47.5522339858541
0.44447 339.155223354458 27.012903417125
0.4471 193.968814027246 20.4288616701506
0.44973 566.33896604831 34.9078126006836
0.45236 351.362539004121 27.4959255857137
0.45499 1202.93972632578 50.8766784754103
0.45762 970.738696730531 45.7039976549413
0.46025 919.606382860018 44.4846529698103
0.46288 824.944023217356 42.1335118489207
0.46551 1612.15450069478 58.9013094222431
0.46814 1525.35429963619 57.2945331676101
0.47077 654.472373939413 37.5300963706221
0.4734 1057.77927145054 47.7131122773797
0.47603 1433.1083279393 55.5374492775535
0.47866 1509.49783827131 56.9992140133031
0.48129 429.630616548075 30.4093004893039
0.48392 1508.7951161069 56.987571853872
0.48655 1296.31273072102 52.8233706644947
0.48918 459.482746485124 31.4493750776591
0.49181 195.133112921508 20.4950556114763
0.49444 124.049893177223 16.3413529602028
0.49707 338.635766240975 26.9999167102352
0.4997 2497.12999894487 73.3200556207686
0.50233 2029.60654484953 66.1003522501894
0.50496 1153.46718397991 49.8300689066591
0.50759 663.113206152635 37.781023918968
0.51022 1108.57827511966 48.848820940862
0.51285 1549.52190978488 57.7511694513033
0.51548 1548.28135995843 57.7268530758473
0.51811 721.107447677553 39.395257954962
0.52074 187.712020188597 20.0993039181244
0.52337 1374.39753295682 54.3853810398908
0.526 3901.53492127915 91.6293821145983
0.52863 3283.37104057126 84.0558620705703
0.53126 2943.37544988164 79.5832869299671
0.53389 4058.01302800707 93.4430003336086
0.53652 2247.16031474456 69.5341418898859
0.53915 2791.51431772706 77.4982714087285
0.54178 4185.69776340593 94.8958091376222
0.54441 3355.84302553791 84.9679094594124
0.54704 4207.44824283816 95.1381098439287
0.54967 3575.69628265091 87.7034045186936
0.5523 1715.19423565229 60.7412615895846
0.55493 2168.05822916165 68.2894535063792
0.55756 3000.1935354589 80.3311184517788
0.56019 1383.97099957486 54.5586586974616
0.56282 1127.24263681391 49.2379434090006
0.56545 909.061611710115 44.2159409424225
0.56808 2324.36781503659 70.7010151236935
0.57071 1424.36167194581 55.3444877874058
0.57334 601.913120766966 35.9767682046727
0.57597 1207.24621298481 50.9499988120252
0.5786 927.997881694993 44.6694652949546
0.58123 111.497382103112 15.4831957833803
0.58386 442.078575747125 30.8296797011442
0.58649 477.782866354734 32.0498183433163
0.58912 584.997446645898 35.4632292376997
0.59175 289.171895299068 24.9327591687305
0.59438 1053.28358027888 47.583454186408
0.59701 631.373028584351 36.8398054014998
0.59964 402.837701004031 29.4259420419732
0.60227 1077.42915467469 48.1216706504557
0.6049 497.241804974076 32.6894652646888
0.60753 870.248337635586 43.2437415059458
0.61016 854.558483359573 42.8499398129917
0.61279 782.369293135516 40.998019457893
0.61542 970.204726181093 45.6526852136534
0.61805 1098.16274572002 48.5674878695188
0.62068 1719.10025030363 60.7631863315897
0.62331 1669.6485001405 59.8797684054799
0.62594 331.744845530369 26.6899231977186
0.62857 646.598295658559 37.2597686274256
0.6312 911.547999898806 44.237470766839
0.63383 525.925634246588 33.600081147055
0.63646 141.630261135547 17.4354765206467
0.63909 532.042118993447 33.7914194483759
0.64172 863.970594148264 43.0586630251998
0.64435 825.513180141099 42.0872641757907
0.64698 1815.86870354193 62.4178118300208
0.64961 2428.36927020839 72.1774122415005
0.65224 708.313864664313 38.9793360706114
0.65487 771.319438874291 40.6739476367181
0.6575 267.160633255294 23.9366316887529
0.66013 833.159296602527 42.2686564628569
0.66276 1486.96189815598 56.4653410146165
0.66539 1182.62707036947 50.3539511881929
0.66802 1503.35071626769 56.7698060220959
0.67065 947.079760334799 45.0565713693345
0.67328 118.362680213324 15.9275824786108
0.67591 1175.19842078604 50.1852011416123
0.67854 1125.23872389385 49.1043542561135
0.68117 1017.43725033053 46.6905601353446
0.6838 1167.2984566653 50.0084988458066
0.68643 755.224533819163 40.222448133276
0.68906 1124.05566815198 49.0684066851918
0.69169 1756.08357546492 61.3279185354441
0.69432 1796.16867479556 62.0207165635928
0.69695 2351.42555103184 70.9588258840325
0.69958 2440.12192315062 72.2809994778759
0.70221 303.678769009819 25.4979428379902
0.70484 1348.68698273745 53.7320971516325
0.70747 3119.37312860905 81.713187197114
0.7101 3606.70803091808 87.8606187182841
0.71273 2452.49522356697 72.4474533605394
0.71536 1973.08544504696 64.9788855521901
0.71799 1830.36760817649 62.5818999962489
0.72062 1773.18006565092 61.5936971429511
0.72325 728.919290844664 39.489337063643
0.72588 1063.92278550321 47.7062678333228
0.72851 1270.57615279066 52.1315936307074
0.73114 1349.66245815903 53.7271121456032
0.73377 1415.8794635214 55.0268073418496
0.7364 814.09143654286 41.7232400492399
0.73903 1097.85895744627 48.4501320695997
0.74166 1901.75730636802 63.7645783797447
0.74429 1980.092046644 65.0616224094179
0.74692 459.976319077921 31.3566882067096
0.74955 25.4808311503039 7.37988332572047
0.75218 968.649530011765 45.4994644595414
0.75481 1013.82911063452 46.5463438887676
0.75744 509.270898115793 32.988143070292
0.76007 429.473296947998 30.2922662617502
0.7627 987.624703221214 45.9345954102702
0.76533 671.058946808645 37.862082538785
0.76796 777.26176297861 40.7462880861732
0.77059 286.426401965246 24.7338179011439
0.77322 49.7207809457334 10.3046640993859
0.77585 826.779764199182 42.0184492578144
0.77848 1391.80488042664 54.514810726391
0.78111 1535.96882292156 57.2659882224166
0.78374 78.6323248626154 12.9564595660161
0.789 686.539982525069 38.2806365510803
0.79163 910.954722566782 44.0935281625482
0.79426 283.409077570422 24.5931156593534
0.79689 725.153160134667 39.3370477938091
0.79952 402.04786928505 29.2890757161045
0.80215 120.392014090337 16.0265027020894
0.81004 511.18388022412 33.0177813021289
0.81267 1127.93271942834 49.0426616736234
0.82845 155.820936834811 18.2214952209943
0.83108 187.82465098761 20.0041683750072
0.83371 362.443658259807 27.7867373214803
0.83634 140.90962333488 17.3245005615123
0.83897 569.627076970851 34.830427038503
0.8416 290.835471376646 24.8862958780295
0.84423 621.028433751809 36.3634767031933
0.84949 275.600644901019 24.2212152203669
0.85212 825.944830323791 41.9280251325735
0.85475 642.061319161696 36.964957475382
0.85738 225.663587991144 21.9131983023145
0.86001 531.82929123485 33.6383135446919
0.86264 976.96495395555 45.5890602916747
0.86527 844.021704370681 42.3712242214223
0.8679 146.385147308023 17.6447603920886
0.87053 942.434276238537 44.7678094981188
0.87316 893.329039287824 43.5831966574191
0.87842 146.908821549385 17.671905315694
0.88105 349.347730786435 27.2496819994459
0.88631 162.446048205347 18.579461137706
0.88894 380.978500554421 28.4512793165244
0.89157 456.657205310817 31.1472526581046
0.8942 1090.80208627531 48.1360653869365
0.89683 1239.59147256495 51.3109334062094
0.89946 941.655978144192 44.7183395404808
0.90209 346.314642493079 27.1165085707609
0.90472 847.564356627687 42.4173454386969
0.90735 612.828384740979 36.0649531611272
0.90998 831.604452908759 42.0081082073855
0.91261 1436.1254397021 55.1988062313486
0.91524 14.6999605811311 5.58406354620086
0.91787 10.1280238759084 4.63461204770195
0.9205 337.610724531264 26.755797376998
0.92576 76.1224506136163 12.7023374252864
0.93628 144.560002689856 17.497911303729
0.93891 221.204358186617 21.6430107436657
0.94154 428.197124336403 30.1093513258505
0.94417 832.169929818882 41.9705072518833
0.9468 1056.82596629285 47.2931913593125
0.94943 411.631592817895 29.5127650495409
0.95206 659.123429532978 37.342000856715
0.95469 889.751383381419 43.381762960679
0.95732 414.736278340902 29.6153941862439
0.95995 414.205270379205 29.5936102809379
0.96258 589.139417701991 35.2904997282051
0.96521 823.890283581891 41.7293940044742
0.96784 1201.43612506716 50.3867494868668
0.97047 1472.68448512935 55.7801218922542
0.9731 158.897330371797 18.3206762248174
0.97573 52.5582765571396 10.5356745183688
0.97836 149.092031656225 17.7430217202283
0.98099 945.467813331301 44.6768262856511
0.98362 58.4776934347418 11.1099632336057
0.98625 430.897451524567 30.155256294719
0.98888 1329.85690678981 52.9708651896521
0.99151 877.699683271679 43.0294823430232
0.99414 694.352230008596 38.2685141975098
1.00729 751.885639136084 39.7970946251996
1.00992 356.426169695118 27.3960869281496
1.01255 617.81997452176 36.0630923329278
1.01518 99.5223314912061 14.4717311464947
1.01781 1234.37518008748 50.9579566657827
1.02044 253.727636122183 23.0993882085581
1.0257 275.537941526006 24.0637649524862
1.02833 57.3142623509205 10.9731756370841
1.03096 180.343393244775 19.4616284236393
1.03359 206.539127892426 20.8237185189913
1.03622 674.696286635069 37.6304410496903
1.03885 1454.00618827861 55.2327014873422
1.04148 468.505746514421 31.3471891744058
1.04411 226.715118428823 21.802653179505
1.04674 354.628668201391 27.2636478668553
1.04937 67.130566992548 11.8600116292494
1.052 323.131391239485 26.016113729301
1.05463 506.115183439256 32.5540777500759
1.05726 659.414872991724 37.1524898719661
1.05989 401.851427550089 28.9980724835389
1.06515 786.731454289863 40.5606769319065
1.06778 62.952805090274 11.4716853558037
1.07041 51.301548401555 10.3541068432034
1.07304 46.952709843497 9.90388148049392
1.07567 56.5843835681628 10.8705388297234
1.08356 392.46693503533 28.6145678134754
1.08619 736.643852439685 39.196024072824
1.08882 884.03930825925 42.9315503931711
1.09145 1467.68119860553 55.3075192120594
1.09408 307.557675586012 25.3139025127889
1.09671 370.64838336631 27.7846131202108
1.10197 442.46009496439 30.3471878654526
1.1046 533.279853838989 33.312653898705
1.10723 83.9882294429636 13.2187713559944
1.10986 101.227718671578 14.510481526062
1.12564 264.803844788675 23.4528343681404
1.13353 372.513363093539 27.8070241306058
1.13879 67.9253842570697 11.8713426788161
1.14142 1152.88778399679 48.9020869116934
1.14405 592.346796668756 35.0487045102385
1.14668 26.2474318582701 7.37695982427756
1.14931 298.789431174301 24.8866635210605
1.15194 312.077352778491 25.4311046999862
1.15983 459.32250907515 30.8420339776498
1.16246 553.60281964684 33.8558160735223
1.16772 251.801936459744 22.8277771426686
1.17035 590.205768754772 34.9450587222035
1.17298 605.295402981712 35.38487650256
1.17561 212.568196089069 20.9668445442361
1.17824 912.064476556017 43.425679814395
1.18087 763.228773094212 39.7201733187996
1.1835 303.430782745931 25.0416814647356
1.19665 367.446147707357 27.5410089989284
1.19928 378.256275484358 27.9399677166928
1.20717 2.63792754939501 2.33418332396112
1.2098 3.18101874770591 2.56358686467588
1.21506 534.381955362244 33.2363673016453
1.21769 1430.94529225289 54.3951919382725
1.22032 57.0984030643989 10.867316187769
1.22821 315.295468024252 25.5477732929689
1.23084 461.178804275917 30.9022508397034
1.23347 122.99377151463 15.9609317579184
1.2361 111.310771492616 15.1861084711815
1.24399 606.841062159307 35.4730832042372
1.24662 377.583772923877 27.9852550655046
1.25451 128.78982694698 16.3510911029127
1.25714 1238.35995510609 50.7096356994117
1.25977 17.1547635205871 5.96925969624701
1.2624 350.096420657296 26.9701268372476
1.26503 460.584283403768 30.9388909332255
1.27292 1026.69715685365 46.2119562228845
1.27555 759.916990642744 39.7628232911693
1.27818 90.5997402421121 13.7315182066887
1.28081 471.288431118857 31.3227149571479
1.28344 1359.82209906403 53.2130273399487
1.28607 282.945983797598 24.2766960209481
1.2887 227.825362013648 21.7871149456558
1.29396 13.5287857718906 5.31067595173706
1.29659 232.385184737945 22.0133144082519
1.29922 283.420270960548 24.3140598268868
1.30185 105.959043721361 14.8705449303754
1.30448 387.686216468301 28.4567054185317
1.30974 70.4785254473872 12.1435454009787
1.31237 90.2384996067036 13.7467210114781
1.315 51.6989178889539 10.4094993586931
1.31763 82.6030462462125 13.1635467257563
1.32026 722.130668839657 38.9375296742125
1.32289 46.9765565332288 9.93542715544736
1.32552 273.394874284566 23.9787441433817
1.32815 329.868786272988 26.350387047666
1.33341 42.2442923831659 9.43778783429357
1.33604 145.255966359696 17.5080527112563
1.33867 292.520590438068 24.8561341773681
1.3413 205.319367099788 20.8331372129253
1.34919 33.6427813226257 8.44379693704456
1.35182 40.5919511859612 9.2788793099344
1.36234 277.816747635687 24.3157760376695
1.3676 5.66189850368102 3.47420720838716
1.37023 148.479228353944 17.798777507363
1.37286 204.295932847619 20.8866926612302
1.37549 64.7088795489982 11.7599126358436
1.37812 113.764947568798 15.5994245312092
1.38864 810.2146345927 41.6995726942555
1.39127 70.6952138255212 12.3227601237826
1.3939 292.847327955585 25.0908223273177
1.39653 16.5868958173098 5.97389993053295
1.39916 149.352588977744 17.9334040887004
1.40179 156.068535971219 18.3406757503543
1.40442 616.299539391784 36.4633647726497
1.40705 760.384239970918 40.5210182165685
1.40968 189.281484277082 20.226495822363
1.41231 125.126794259316 16.4529712511816
1.41494 168.765318139787 19.1167116424474
1.41757 364.343656721233 28.1014943041323
1.4202 413.750969289471 29.9602443853641
1.43861 602.870687510258 36.2824751362225
1.44124 493.858312019952 32.8538708060397
1.44387 345.410520337049 27.4886553134215
1.4465 17.5007420642363 6.19033448951205
1.44913 548.944729836233 34.6856773019938
1.45965 17.7471921134395 6.2481118816026
1.46228 21.4145210789553 6.86652844774643
1.46491 198.207579068382 20.8997963845671
1.46754 222.03422295048 22.1304675807392
1.47017 425.303257879697 30.6428042922823
1.4728 1180.83458099695 51.0824860657071
1.47543 297.452324872403 25.6498209278317
1.47806 27.1242626368116 7.74912387313589
1.48069 32.729104128496 8.51605564962166
1.48858 556.789956832179 35.1730027836896
1.49121 470.088850724576 32.3333576563673
1.49384 396.319376255271 29.7016369821661
1.49647 512.508100881114 33.7912940742338
1.4991 162.363211182668 19.0280734181232
1.50962 387.567199418268 29.4178705660313
1.51751 63.8610143328292 11.9470165925749
1.52014 77.0108995939656 13.1215627469626
1.53066 509.183429103831 33.7612091371129
1.53855 38.6757487622282 9.30901120273721
1.54644 110.345290266255 15.7312859200305
1.54907 111.049516847143 15.7838640042703
1.5517 106.682372005365 15.4728022135438
1.55433 1192.6685781464 51.7428276979011
1.55696 833.028383422416 43.2501657579394
1.55959 768.343814962345 41.5435171618065
1.56485 133.030952658445 17.2916692894591
1.56748 308.12053811307 26.3201534321319
1.57011 53.1895897815856 10.9372695329866
1.57274 93.1258281338226 14.4743192993279
1.57537 589.92000672241 36.4356982829137
1.578 954.971337557096 46.3653071981922
1.58063 427.126932808075 31.0130064429984
1.58326 192.055518684514 20.7991785517151
1.58589 523.344155398715 34.3394909367004
1.58852 1451.92127133648 57.2056668311093
1.59115 351.024331781896 28.1321849014733
1.59378 222.256668641352 22.3887355201043
1.59904 11.2275501927109 5.03360615788418
1.60167 32.700301566889 8.58752622549079
1.6043 175.407244246453 19.881886803675
1.60693 1006.92968144704 47.6184139959187
1.60956 730.591439970846 40.5465633428017
1.61219 479.048725239221 32.8207041289542
1.61745 559.287937581487 35.4370863097371
1.62008 518.741805579334 34.11590097824
1.62797 238.229963253354 23.0941261554735
1.6306 1180.86971597727 51.3978328518707
1.63323 465.01557984057 32.2416992763974
1.63586 336.440561764188 27.4143898383353
1.63849 587.709790964576 36.2197954461916
1.64112 285.016854419561 25.2138871468678
1.64375 304.640979837236 26.0578500219741
1.64638 629.093019961255 37.4318781552054
1.64901 429.847467774672 30.9300783499517
1.65164 582.731900514095 35.9996070694171
1.65427 1000.88423652844 47.162269964591
1.6569 224.80658786325 22.3432623392397
1.65953 19.663667753313 6.6056187613544
1.66216 1020.0706557501 47.5592966040038
1.66479 802.194042547352 42.1598392926076
1.66742 285.114924649051 25.1251128848111
1.67005 1590.17436252945 59.3142598172556
1.67268 600.905486515462 36.4483944104268
1.67531 140.14608295051 17.5956070591936
1.67794 168.825565708787 19.3050626398167
1.68583 297.293534226495 25.5893422551512
1.68846 386.679346985256 29.1729086284166
1.69109 306.207601144492 25.9507526646242
1.69372 54.5312327729318 10.9471795881183
1.69635 8.01128954130979 4.1943849592895
1.69898 314.890381480792 26.2865831111937
1.70161 725.659455752109 39.881024778658
1.70424 242.310252305442 23.02834447538
1.7095 251.904109672517 23.4448192173123
1.71213 622.937269205041 36.8406185448017
1.71476 614.214612454404 36.554414870334
1.71739 1046.19330202512 47.6716576172169
1.72002 622.219122862769 36.736687631734
1.72265 163.889902004997 18.8398724762477
1.72528 662.617895559734 37.8535393327585
1.72791 273.754084475052 24.3123967380289
1.73843 137.815890446335 17.1981760536463
1.74106 250.79574334297 23.1826401398003
1.74369 425.91915660111 30.1881131165881
1.74632 244.140938531508 22.8381936732799
1.74895 323.831825697529 26.2826874575805
1.75158 389.794954820313 28.8135100095413
1.75684 66.5210918702403 11.8848122198342
1.75947 887.991835840738 43.3894005364764
1.7621 491.021128187111 32.2400171654962
1.76736 46.6658323145551 9.92373501779497
1.76999 56.1705298491755 10.879135204368
1.77525 156.484326157004 18.1302128093434
1.77788 188.355030287938 19.8755424920712
1.78051 207.45008992444 20.8424884415097
1.78314 249.699634525495 22.8488085675848
1.7884 182.150905025379 19.4846401182968
1.79103 599.032101143575 35.3070988193197
1.79366 282.356137815711 24.2211819444087
1.79629 497.025328317227 32.1103598498732
1.80944 65.7449771843693 11.6320963495911
1.81207 79.1307253120257 12.7511768392576
1.8147 130.757866091478 16.3780442503574
1.81733 157.37949267835 17.9536215846372
1.81996 145.869890385095 17.270707470994
1.82259 64.0838619108502 11.438007417215
1.82522 431.502528339686 29.6562254836465
1.83048 355.321023458949 26.8676247312215
1.83311 514.316702548861 32.2983684130994
1.83574 232.175376753069 21.6829925728301
1.83837 566.641968837493 33.8462691521002
1.841 455.307093446782 30.3147056690382
1.84363 547.990786676617 33.2301197830504
1.84889 381.206357616512 27.6701716160928
1.85152 458.802165233741 30.3310110300345
1.86204 20.6162570652265 6.40829710081989
1.86467 345.478755042053 26.2112542888171
1.86993 28.7259188794876 7.54555345550737
1.87256 34.5724139090841 8.27097265032485
1.87519 187.635813016221 19.2524760231598
1.87782 424.19102636808 28.9231671090449
1.88308 258.786797660511 22.5531445007786
1.88571 6.54152205670365 3.58269631697882
1.88834 7.87276436304266 3.92706555053851
1.90149 354.820106052521 26.2575118544928
1.90412 982.419019045451 43.6651299091266
1.90675 1708.27851964514 57.5443001953941
1.90938 804.490512449308 39.4656912082045
1.91201 61.147199114842 10.8738538367947
1.91464 524.259931089602 31.8202930387184
1.91727 643.381737811122 35.2290165270728
1.9199 172.170551085341 18.2129619059822
1.92253 378.058010791632 26.9721168757551
1.93042 6.04891754318953 3.40546710664228
1.93305 233.071239667535 21.1259167198294
1.93568 920.192621492452 41.9511266293418
1.93831 454.69503216426 29.4711488771719
1.94094 131.273141090069 15.8254940572918
1.94357 581.214034063022 33.2789359184496
1.95146 3.01046581788809 2.39063011440647
1.95409 168.651870835732 17.8822365221332
1.95672 536.735808792668 31.8813660518348
1.95935 515.181783589983 31.2152583470318
1.97776 453.708088364392 29.1659297752595
1.98039 185.847255863867 18.6549022481113
1.98302 261.329598953364 22.1073249906521
1.98565 482.399357599909 30.017319296235
1.98828 981.827638782358 42.7969162099604
1.99091 1427.07563444782 51.5637275643325
1.99354 1022.87347930789 43.627204179882
1.9988 360.580202234459 25.8700666102614
2.00143 771.131716836595 37.8117126555199
2.00406 246.246583896446 21.3583009016894
2.00669 19.4240302696647 5.99612453370308
2.00932 21.5122673506138 6.3075876118131
2.01195 12.2454511664438 4.75692900907393
2.01458 224.346277338119 20.3524939492637
2.01721 850.570103017319 39.6124799038447
2.01984 206.184111720667 19.4949980636204
2.02773 207.662598846815 19.5402312745751
2.03299 73.7343939000616 11.6337972911638
2.03562 163.108664722513 17.2958798958193
2.03825 227.90158649251 20.4359755939375
2.04351 540.337367842081 31.4404573598565
2.04614 1029.77104196282 43.3854180487487
2.04877 41.4980709098301 8.70571297684812
2.0514 632.717040542137 33.9791055693536
2.05403 318.778189680415 24.1083844971396
2.05666 541.48625389877 31.4075459994158
2.05929 700.822771562045 35.7158270039378
2.06455 252.810958011392 21.4331859867951
2.06718 90.9400925091467 12.8493848213224
2.07244 557.763573758003 31.7951555599613
2.07507 1158.23278666678 45.7982825697391
2.0777 285.719730674092 22.7371804720301
2.08296 196.98675169637 18.8631833295698
2.08559 430.081893449828 27.8603655715817
2.08822 232.240698120802 20.4642103954837
2.09085 536.756719182849 31.0977531067965
2.09348 319.405275691072 23.9786974858434
2.09611 541.692924846006 31.2136997413586
2.09874 605.924514490574 32.9983245744094
2.10137 383.734753584913 26.249882726803
2.11452 0.614009773033736 1.04862918574209
2.11715 290.579695417419 22.8061116600364
2.11978 350.117928468215 25.0270719872419
2.12241 14.9779283392871 5.17503073732892
2.12504 770.293920618029 37.1021797001047
2.12767 582.147222705841 32.2456898463534
2.1303 243.898552894842 20.8662244892864
2.14082 73.6060385819788 11.4506829562665
2.14871 767.588343606742 36.9478994249085
2.15134 49.619390002166 9.39149617761075
2.15397 565.657812950591 31.7007411858493
2.1566 639.844924991927 33.7064697845215
2.15923 71.2192055712955 11.2423677569055
2.16186 145.327980749829 16.0552511190734
2.16975 671.314994098651 34.4790311081215
2.17238 657.88153321209 34.1231200240544
2.17501 354.832969017292 25.0535810925062
2.17764 41.5461268411302 8.57049646954831
2.18027 50.0583759267306 9.40506721298784
2.18553 150.60445084749 16.3045145655536
2.18816 237.771085843574 20.4809980879449
2.19079 67.8470236407045 10.9375376265225
2.19605 776.927863330816 36.9921390019159
2.19868 456.283586193308 28.3412428472465
2.20131 173.51231480319 17.472998324191
2.20394 271.922508864104 21.8703295025599
2.2092 258.458087007731 21.31516358416
2.21446 180.499552587886 17.8070690665424
2.21709 217.529124976654 19.5453493242154
2.21972 130.780980950944 15.1526068547604
2.22498 415.767984188449 27.0085441079878
2.22761 742.360725628146 36.0838948559634
2.23287 425.469389701367 27.3086689627743
2.2355 488.446283412426 29.2553280786735
2.23813 502.824655097176 29.6780268322739
2.24076 104.203889726439 13.5082427545418
2.24339 163.002679015018 16.8921290421376
2.24602 319.647103067026 23.6511635417709
2.24865 579.167083338416 31.8309164865256
2.25128 950.439636146142 40.7698898186748
2.25391 283.430887797912 22.2602939281944
2.25917 46.0497506563871 8.96976273829651
2.2618 438.565359056133 27.6767089563088
2.26443 572.760242013608 31.6237715360816
2.26706 133.898967103689 15.2878273792083
2.26969 438.956534854198 27.6756492982505
2.28284 101.322981809006 13.2858765362621
2.2881 17.0444742119728 5.44737841416412
2.29073 58.7373339412649 10.1107314945341
2.29336 70.7871138515563 11.0976816648154
2.32229 270.444805054766 21.6639752836946
2.32492 325.965719724349 23.781604276346
2.33018 122.634410596476 14.5839121049815
2.33281 389.549225304719 25.989945207694
2.33544 351.812234857498 24.6965324152604
2.34333 201.997170050419 18.7077714284681
2.34596 114.481148575672 14.082270583309
2.34859 583.088464533054 31.7781927654064
2.35122 305.962133027237 23.0171779818927
2.35385 662.397810689701 33.8636632715012
2.35648 284.466779218521 22.1894490288581
2.35911 82.0264987566586 11.9141775352072
2.36174 254.883002564273 20.9997269483263
2.37226 79.2781848998145 11.7069804482722
2.37489 335.916478030186 24.0957186887595
2.37752 607.387706813985 32.3976423287522
2.38015 439.467793281228 27.5549801586697
2.38278 116.359393280268 14.1772977321749
2.39593 716.411798700332 35.1604776653832
2.39856 357.278378876558 24.8274934356528
2.40119 782.495123940587 36.7392387943675
2.40382 1074.27951451199 43.0443826688532
2.40645 275.46341781519 21.7950716211824
2.40908 143.613406015279 15.735926533831
2.41171 424.230770119811 27.043593532673
2.41434 904.011414122364 39.4746927616086
2.41697 492.176670411758 29.1246552505902
2.4196 757.172639827072 36.1215362694614
2.42486 208.779903961993 18.9648774235688
2.42749 1065.77396364481 42.8456472620197
2.43012 322.829601109752 23.5792119613452
2.43538 840.734074434696 38.0459853688424
2.43801 952.629847705982 40.4958060040294
2.44064 753.222460775919 36.0062609445894
2.44327 906.886962963327 39.5058496806388
2.4459 1084.61663674531 43.2007600709157
2.44853 641.141858557742 33.2122843629315
2.45116 105.234493580023 13.4545494660663
2.45642 60.4057116055413 10.1921529207287
2.45905 651.021142202596 33.4574533773388
2.46168 417.141965866823 26.7796982227397
2.46431 17.8528358001405 5.53969353474212
2.46694 919.731262814118 39.7585924832657
2.46957 524.67993480092 30.0272903078436
2.4722 728.18030695645 35.3717676124728
2.47483 650.397840086571 33.4268322804323
2.47746 309.279724384423 23.0488773117053
2.48009 246.092797281574 20.5585212132082
2.48272 213.897531503629 19.1652139693499
2.48535 354.923782470398 24.6857710619113
2.48798 573.535214891407 31.3781652959895
2.49061 616.594821244252 32.5323764972994
2.49324 240.808326737544 20.3291841511658
2.49587 290.26105067421 22.3175709110278
2.50376 734.532361230017 35.4958497864123
2.50639 1052.46993838852 42.4869697439595
2.50902 1.45444864644685 1.57935186659553
2.51165 401.131881424227 26.2272094753073
2.51691 176.624762047925 17.4017076638315
2.5248 4.44121832565797 2.75901135674652
2.52743 146.867563198993 15.8651488579458
2.53006 170.583744368062 17.097350161584
2.53532 224.158905190265 19.5972680602235
2.53795 493.650288832009 29.0807768790795
2.54058 771.997082320362 36.3649425540558
2.54321 943.772275599014 40.2056836997749
2.54584 99.4676475778247 13.0518938536556
2.54847 711.44021018141 34.9044321551852
2.5511 1771.40568378713 55.0743210141966
2.55373 264.211239136386 21.2688759407068
2.56425 45.6026544958055 8.83443892322161
2.56688 260.350547647448 21.1077483449311
2.56951 493.017263857048 29.0450728708579
2.57214 155.908790847846 16.3326047929673
2.5774 94.3942473804462 12.7072156190751
2.58003 450.473732048314 27.7581877884727
2.58792 70.0220847608136 10.942337239112
2.59055 84.4059527507969 12.0131761587718
2.59318 4.04855869967134 2.63087525233342
2.59844 184.830167376809 17.7743576237099
2.60107 517.241708858245 29.7328075830013
2.6037 640.627959366946 33.088376019688
2.60633 1074.93961538794 42.8595786869502
2.60896 271.619177846322 21.5436573258988
2.61159 177.076693233909 17.3941524384138
2.61685 93.0346107123926 12.6069939459834
2.61948 233.605271154415 19.9762488693112
2.62211 1216.17545386676 45.5778763058654
2.62474 1339.82867360152 47.8370014248613
2.62737 824.130410253353 37.5163544159472
2.63 98.8448956418339 12.9922128670485
2.63263 5.46954128533191 3.05608056417755
2.63526 6.59322909554751 3.35522594188434
2.64315 289.190652960053 22.218504813509
2.65367 601.484031108734 32.0381987956828
2.6563 528.100160018185 30.0190899109546
2.65893 324.276659573024 23.5223413012728
2.66156 798.125461443659 36.9012954921677
2.66682 855.641285228756 38.2048544242303
2.66945 729.428208046237 35.2733969062952
2.67208 119.10959818225 14.2532109002802
2.69312 795.016925283664 36.8123938393527
2.69575 174.818328124351 17.2616642692867
2.71942 339.69021820335 24.0548980725251
2.72205 755.185958345807 35.8653699872265
2.72468 302.978970346938 22.7164762883674
2.7352 208.292856600132 18.8329063219875
2.75098 107.297887156387 13.5143097861674
2.75361 149.621978682584 15.9581422935399
2.75624 24.4449779007038 6.45009054792116
2.7615 164.504477432808 16.7314102067884
2.77202 102.01502981704 13.1741059822667
2.77465 122.975169287719 14.4638574066583
2.80095 70.6256520021743 10.9577623038965
2.80621 400.779632391295 26.101851819931
2.81147 25.9752554236791 6.64471361731462
2.8141 287.308855170614 22.0983469277697
2.82199 109.462001654512 13.6390384051903
2.82988 157.57146168551 16.3627997032794
2.83514 171.027833357304 17.0462979483821
2.83777 195.400755731135 18.2200145597513
2.84303 44.5593958027345 8.70027718627178
2.84566 321.795089115799 23.3798687551238
2.84829 133.389563294675 15.0522772122044
2.85092 130.530035086013 14.8896822257953
2.85355 89.0900904555979 12.3008131156913
2.85618 107.395928005922 13.5052287946097
2.85881 218.526544156436 19.2641146765251
2.86144 536.90374894538 30.1949344521932
2.86407 704.161761017141 34.5788868069847
2.8667 134.569832437787 15.116023587884
2.86933 162.220644003149 16.5960861643794
2.87722 344.703998399157 24.1903706746529
2.87985 706.938081452717 34.6416814768397
2.88248 560.003224620611 30.831343648959
2.88774 51.9527691853434 9.39029772014376
2.89037 295.502070171056 22.3946451737262
2.89563 994.443213052684 41.0801230387109
2.89826 285.190196976658 21.9987471086635
2.90089 159.252411155786 16.4385144340097
2.92193 406.776593098092 26.2679603426093
2.92456 239.423671709031 20.152227714927
2.92719 288.622346330933 22.1256296480618
2.93508 649.53949009856 33.1899708354479
2.93771 66.6382648121716 10.6305827612647
2.95349 87.9835376247528 12.2135745654221
2.95612 311.775098367528 22.9907918879959
2.95875 331.682664449134 23.7129586384334
2.96138 318.216369098896 23.2261247282355
2.96927 19.4829462647233 5.74666957770997
2.9719 181.705605540358 17.5494782979885
