-0.15254 0.843212429754893 1.3971724552344
-0.14991 19.227740352399 6.6656379758931
-0.14465 7.75220015497435 4.2245454970759
-0.14202 242.884453206046 23.6244212420399
-0.13939 476.892932870136 33.0723319072838
-0.13676 513.707906907548 34.2929456141481
-0.13413 176.479836876236 20.0810185103812
-0.1315 350.261086041798 28.263431493999
-0.12887 813.238531991892 43.0256954982758
-0.12624 213.854321731937 22.0428196284004
-0.12361 2.26745404069505 2.267596641538
-0.12098 51.7026576567569 10.8178420997264
-0.11309 1182.24650920728 51.5817939610214
-0.11046 25.973425284755 7.63820878038141
-0.10783 592.237217122525 36.4383289808659
-0.1052 4.89490366981915 3.30952428838257
-0.10257 111.611106486802 15.788079163624
-0.09468 2.59764969495543 2.40314527523546
-0.09205 59.2626391722163 11.4704614115889
-0.08942 57.5481245667708 11.2955200006555
-0.08679 179.715394770395 19.9472538681478
-0.08416 1.29307129820007 1.69083460562412
-0.08153 538.671324081366 34.4866350295583
-0.0789 17.199484099139 6.15807800381205
-0.07627 635.360482167483 37.4020786598168
-0.07364 476.049816453405 32.3526295171259
-0.07101 596.141219334502 36.1788936329398
-0.06838 2315.66286181328 71.254988019726
-0.06575 560.684558381487 35.0375217435736
-0.06312 1100.20265085543 49.0463256756878
-0.06049 1778.14368579811 62.3087710584326
-0.05786 2070.12488458246 67.182974920414
-0.05523 2746.6606284204 77.3318195447615
-0.0526 2769.8350405606 77.602733722073
-0.04997 1612.97798406381 59.1777156973098
-0.04734 1429.27160667508 55.666618115612
-0.04471 2909.75489592017 79.3704243544788
-0.04208 2694.73226651842 76.3274791388193
-0.03945 3048.82567181144 81.1300190427349
-0.03682 2001.58683098306 65.6892397765338
-0.03419 5262.43213464093 106.436741600339
-0.03156 4987.15157410559 103.541740173509
-0.02893 5311.69435017036 106.781528270843
-0.0263 8068.40695093301 131.511420163483
-0.02367 11077.5025508087 153.985572690459
-0.02104 15989.5114555225 184.869722327378
-0.01841 19329.935526498 203.11969562253
-0.01578 18237.1062130795 197.152820089442
-0.01315 20507.5164944885 208.914850226562
-0.01052 21370.1862546658 213.110195920396
-0.00789 23353.238361494 222.618102823651
-0.00526 23614.4302925338 223.69797456592
-0.00263 24365.8600075212 227.064964383789
-0 25084.720254577 230.223352256865
0.00263 23840.8891924224 224.330025597302
0.00526 24398.8663204685 226.832169468379
0.00789 25527.7998311163 231.910258896487
0.01052 23292.4408743151 221.418557532021
0.01315 21208.2392614097 211.179557157441
0.01578 18525.4987210381 197.277418322642
0.01841 15067.4932792765 177.830226285992
0.02104 12115.9027654794 159.387928233665
0.02367 9804.91139675841 143.314994767386
0.0263 7343.22052224976 123.966728786323
0.02893 6678.44277906371 118.165670024398
0.03156 6520.60643075894 116.704975755345
0.03419 3044.29858908142 79.7040635192159
0.03682 3563.96866990949 86.1975734199854
0.03945 1549.99875815186 56.817855308371
0.04208 1698.2300409662 59.4440348099866
0.04471 1012.65428031814 45.8808313840206
0.04734 278.12058082607 24.0329839650105
0.04997 1292.84881937996 51.7911145648152
0.0526 1158.91035441404 49.0113152638075
0.05523 1600.89660710351 57.5761902566996
0.05786 1414.26654949349 54.0899476018589
0.06049 2012.93107316416 64.4992726730301
0.06312 1522.66741226643 56.0702027967691
0.06575 1517.92617056051 55.9556512636615
0.06838 2204.64797837011 67.4026672508725
0.07101 479.097752859288 31.4056757077299
0.07364 2377.90193219237 69.9328871590386
0.07627 1881.41883328214 62.1749491991356
0.0789 654.980924284677 36.6669698787187
0.08153 821.282268448564 41.0388055820141
0.08416 1726.17974881091 59.4674181239909
0.08679 2794.37540585278 75.6250765764088
0.08942 1150.14329511772 48.4938424856585
0.09205 1525.59715418153 55.8235584342428
0.09468 2011.11863992109 64.0623961471873
0.09731 2221.42287207998 67.2955728180946
0.09994 3402.26202555539 83.2417276110725
0.10257 2606.21269844874 72.8287874535171
0.1052 3649.96355234814 86.1608342572566
0.10783 5125.69373944481 102.072642429059
0.11046 4938.91261714973 100.165005859059
0.11309 5821.15446920041 108.710664117331
0.11572 6295.85376807035 113.021758260213
0.11835 6900.45132452269 118.287966635643
0.12098 6105.810297051 111.234745348342
0.12361 6869.34399335561 117.948753564192
0.12624 6741.08551931656 116.806624022147
0.12887 8226.40987490735 128.995474468542
0.1315 9735.56041906582 140.286683146102
0.13413 10124.5955836191 143.018229114243
0.13676 11643.6627831755 153.325315213938
0.13939 9649.4422276415 139.536100665743
0.14202 11077.0890779222 149.456442260097
0.14465 11761.5907266724 153.957589735044
0.14728 13055.3389742502 162.154244796408
0.14991 14779.3395528549 172.47567385814
0.15254 15491.285589633 176.526567119947
0.15517 17787.4721211244 189.099067603261
0.1578 22498.6136370647 212.606233243526
0.16043 29308.8433140689 242.58459263859
0.16306 37315.4484670059 273.636410039368
0.16569 46852.8623856292 306.523100240444
0.16832 59269.0879576571 344.647218655989
0.17095 68037.0626225153 369.146589953579
0.17358 76538.5673053884 391.409706387255
0.17621 83374.5338665364 408.38839906917
0.17884 87217.8604529231 417.565470234157
0.18147 88053.2047537451 419.430048202869
0.1841 92992.2903399995 430.898952125065
0.18673 93387.3472167945 431.678988464662
0.18936 95979.7428757627 437.493417373088
0.19199 98332.7442658393 442.685776609013
0.19462 98948.6790189492 443.93170357226
0.19725 95432.1846018425 435.836082289491
0.19988 93113.06957784 430.37355226356
0.20251 85609.0939606392 412.582944133196
0.20514 78377.9980801205 394.701068684033
0.20777 68132.9777933988 367.933874186356
0.2104 57404.2550940728 337.662608112131
0.21303 47266.9077532349 306.343968051553
0.21566 37855.3172474955 274.103110100892
0.21829 30830.4525909177 247.320558781668
0.22092 25291.9813148275 223.965650627995
0.22355 21355.5851264188 205.762116757006
0.22618 18871.6093552671 193.389910352594
0.22881 16297.5505293731 179.684304565395
0.23144 14051.7423702145 166.814449472951
0.23407 11863.5486562148 153.248226585106
0.2367 10085.5747619192 141.272626244082
0.23933 10257.976494463 142.448557185254
0.24196 10281.17202823 142.583082970971
0.24459 9306.49918625431 135.631109010499
0.24722 8421.0977990302 128.99412167134
0.24985 6585.39779513343 114.050177209721
0.25248 7182.88738228317 119.089603543029
0.25511 7382.02361690561 120.706697889145
0.25774 7580.34561695309 122.294650772298
0.26037 9203.61115329875 134.729085474397
0.263 10038.0133143836 140.677732015529
0.26563 9009.94006015396 133.254424690001
0.26826 8329.64950532842 128.101210830029
0.27089 7992.67440206923 125.459942715865
0.27352 9135.43194576751 134.104295999313
0.27615 9929.74573275022 139.786845375453
0.27878 10259.0212927856 142.059168579018
0.28141 8792.14304888776 131.486967201735
0.28404 11563.1517000168 150.762194222937
0.28667 12668.1279118036 157.771854386565
0.2893 13265.3511498219 161.417875658937
0.29193 12407.4282505756 156.081722766061
0.29456 14552.915638927 169.007139418529
0.29719 16254.3586216028 178.580409656734
0.29982 17697.8771734893 186.30662788004
0.30245 18576.7536468548 190.848895773707
0.30508 21201.4498706444 203.862447586783
0.30771 23644.3664183764 215.262309309273
0.31034 26932.032545496 229.714499876097
0.31297 29582.4878061489 240.724819025065
0.3156 32436.3444826749 252.039807930501
0.31823 37205.6391800601 269.902698947819
0.32086 40053.9726361678 280.0111231651
0.32349 40335.8108196473 280.961952340069
0.32612 43245.1448809398 290.884388697145
0.32875 44815.5613853277 296.084562250006
0.33138 45105.402579421 297.005998895549
0.33401 45063.9143254699 296.834912929287
0.33664 44001.8688807337 293.28216785355
0.33927 43801.4802834357 292.579606428781
0.3419 43786.5530872458 292.495767374463
0.34453 42455.2159334307 287.981288935922
0.34716 43367.3406682539 291.024576320685
0.34979 42906.8456607416 289.441685100299
0.35242 41285.0473693808 283.885806641809
0.35505 39679.5192009635 278.278707305995
0.35768 37375.5487467942 270.047427371639
0.36031 35263.8588904255 262.277261213984
0.36294 31870.6171056956 249.310410671516
0.36557 30219.4306487434 242.737994834629
0.3682 27657.9480917128 232.195624452656
0.37083 25563.8200895553 223.206248958818
0.37346 24482.3611793014 218.408497557766
0.37609 23226.4678534858 212.708018692064
0.37872 22238.5962447627 208.111148979059
0.38135 19904.7797669197 196.865549363067
0.38398 19228.0915011756 193.467707605434
0.38661 18395.3364030381 189.209793614077
0.38924 15722.1866679222 174.902314385669
0.39187 14413.5170242446 167.445465194387
0.3945 12880.3017619552 158.270779118248
0.39713 12367.650388924 155.071012737623
0.39976 11695.2467493008 150.779051757005
0.40239 11812.9366992937 151.521890166814
0.40502 9141.83971405222 133.283642318793
0.40765 6544.17821718736 112.758999659134
0.41028 6047.96015872 108.390623441501
0.41291 7365.1314270771 119.602730879649
0.41554 6357.06207442266 111.10731622748
0.41817 4842.34314949323 96.962943795892
0.4208 5701.1068036312 105.201316173869
0.42343 6696.86565857819 114.009474993451
0.42606 4834.67734695509 96.8617835569005
0.42869 5235.88951806505 100.792334924315
0.43132 5187.14113293173 100.313607880328
0.43395 4965.57773924676 98.1395933382721
0.43658 3907.46231136183 87.0503050207352
0.43921 4102.60452110422 89.1900189662167
0.44184 4260.94766991035 90.8872690536642
0.44447 3315.32087378177 80.163423557993
0.4471 4762.83234369273 96.0748316140989
0.44973 4651.84961659948 94.9408956579873
0.45236 5282.62346358502 101.164658396977
0.45499 4931.86175220767 97.7401345376424
0.45762 4395.00493483897 92.2594065779939
0.46025 4440.40592555435 92.7269108801218
0.46288 4814.75267083254 96.5483646641664
0.46551 5723.08483798538 105.253486857811
0.46814 6564.32624743548 112.714539808531
0.47077 5919.56385860363 107.026956510084
0.4734 7269.61327244907 118.595285722168
0.47603 7684.88763352282 121.925340612965
0.47866 9506.76705394146 135.598561270692
0.48129 9441.86641929565 135.12353981904
0.48392 9909.64489109734 138.418634415088
0.48655 11931.7664848067 151.873257183064
0.48918 13522.2215938226 161.665136395341
0.49181 13471.785371503 161.349763885318
0.49444 14842.3296721606 169.344148726294
0.49707 15525.6267179602 173.183743924514
0.4997 16685.1578321685 179.519282161973
0.50233 17249.4248340149 182.518503784688
0.50496 17040.403211137 181.399050491817
0.50759 19582.7433546465 194.449721180222
0.51022 19707.6547737399 195.057885257978
0.51285 20774.2202871546 200.255236708091
0.51548 21494.5564098173 203.686025179276
0.51811 21818.644526464 205.204246908694
0.52074 21037.7986478957 201.487485553326
0.52337 20444.4983703004 198.614808367477
0.526 21088.7295891758 201.708438932631
0.52863 20614.2517889366 199.415130865784
0.53126 18489.0513676601 188.84569626873
0.53389 18449.2873001065 188.631852206727
0.53652 17284.1432909609 182.567981248139
0.53915 15795.9372744333 174.521458539729
0.54178 13350.393020465 160.434810525652
0.54441 12665.2305269816 156.254874173303
0.54704 13116.27067979 159.003853715952
0.54967 10989.1480315734 145.532474931156
0.5523 10817.9081981073 144.385966551623
0.55493 9507.98032552082 135.354565321549
0.55756 8673.90406535081 129.274095688592
0.56019 8203.61839102417 125.713626069321
0.56282 7377.14360137884 119.206289854616
0.56545 6224.07601996973 109.48835187033
0.56808 7237.39647139553 118.058449473271
0.57071 5925.8880764631 106.821342364452
0.57334 5406.95407296435 102.031215966186
0.57597 4713.15622204752 95.2550589335681
0.5786 4627.37248670762 94.3788693317481
0.58123 4384.51706826645 91.8636775692045
0.58386 3823.30143596074 85.7783359617083
0.58649 4764.4858688746 95.7506581666382
0.58912 4821.13402951337 96.3127415740607
0.59175 5527.39518272844 103.120448758071
0.59438 3815.85576568721 85.67535303176
0.59701 5088.70918662341 98.932533677144
0.59964 3879.06166696015 86.3723094605264
0.60227 4452.42348831847 92.5316207274044
0.6049 4748.32879554032 95.5527241359759
0.60753 3266.40298475366 79.2479991200209
0.61016 4128.68029811083 89.092222399528
0.61279 3713.60207267801 84.4914157556419
0.61542 4648.43130069759 94.5254711528573
0.61805 5340.43081420103 101.312848216393
0.62068 4294.76833583704 90.8504293142721
0.62331 6518.89437500454 111.924410950504
0.62594 6019.73080184658 107.549181945669
0.62857 5551.12105343218 103.273680406245
0.6312 6129.00886939779 108.511347791284
0.63383 5161.41948150121 99.5738586298611
0.63646 5073.30204288999 98.7158392881886
0.63909 4818.1089920499 96.1967755660923
0.64172 5046.10048922901 98.4421007945964
0.64435 6198.83073152635 109.103462450113
0.64698 7254.3939838166 118.022532932426
0.64961 7342.96038830815 118.735523139465
0.65224 9646.85776637558 136.087654443401
0.65487 9884.55013513004 137.747890749165
0.6575 9716.36405102578 136.564903712619
0.66013 9825.26712120856 137.321995404231
0.66276 10101.1646216551 139.230490673849
0.66539 10612.1040095432 142.702007703923
0.66802 9994.57788089974 138.481661693706
0.67065 10481.5545871325 141.808933202364
0.67328 12504.8739806056 154.885620338222
0.67591 12758.2414019996 156.439905809738
0.67854 12978.235308958 157.77589660565
0.68117 13578.0904637961 161.373745318486
0.6838 13437.6940823311 160.530144967573
0.68643 11827.0673710023 150.59600455477
0.68906 12355.81621531 153.918677847156
0.69169 12050.89052176 152.000796192108
0.69432 11338.4361732538 147.432611543911
0.69695 10227.9257883993 140.020443009617
0.69958 10316.5270729736 140.619356852956
0.70221 10882.6371171276 144.420756475019
0.70484 9915.88090693621 137.851791288566
0.70747 9502.88009196725 134.945562359806
0.7101 9385.27733887502 134.103081391385
0.71273 8159.27961030625 125.033194610132
0.71536 9252.08070732732 133.138402717096
0.71799 8630.95902376013 128.587093203905
0.72062 6817.56324327716 114.279058444073
0.72325 5715.00443180387 104.627190782498
0.72588 6310.69709898035 109.940867304626
0.72851 5439.6159144672 102.067815459666
0.73114 4503.81407927033 92.8707897537308
0.73377 4960.21002027055 97.4592697275646
0.7364 3596.69012260099 82.9867656714468
0.73903 5489.05274300086 102.515665602693
0.74166 4802.34468135686 95.8853820116836
0.74429 3926.32763012732 86.6968285902368
0.74692 4777.01102950196 95.6251804707422
0.74955 3808.82150983707 85.3834419598504
0.75218 4157.81712165812 89.2062410666435
0.75481 4021.91504841729 87.7330431820764
0.75744 3606.39297424677 83.0744490548408
0.76007 4595.80076298941 93.776871288496
0.7627 3611.2013633206 83.1237622350065
0.76533 3567.16321513696 82.6123590335032
0.76796 2445.23623477259 68.3955960048485
0.77059 2520.48216832018 69.4374452915886
0.77322 2653.75140283836 71.2469420834843
0.77585 2893.08138993013 74.3876136514823
0.77848 3267.45648221128 79.0513691222838
0.78111 2854.43494245515 73.8837197702974
0.78374 2545.92510123228 69.7743301845388
0.78637 2204.97673379923 64.9320412381734
0.789 2922.1113543909 74.7462855174816
0.79163 3676.92266411313 83.8431652804145
0.79426 2852.90089692242 73.8504154354833
0.79689 2629.66580405046 70.8996449512289
0.79952 4074.92416709354 88.2547737393094
0.80215 5733.97856577615 104.687217106988
0.80478 4637.82235702686 94.1477312411131
0.80741 5087.83542468134 98.6067198232213
0.81004 4652.04838436217 94.2864482315065
0.81267 5000.66574898126 97.7525864347459
0.8153 5731.45575959647 104.64873779763
0.81793 4696.06248582834 94.7230412677347
0.82056 4157.94751638302 89.1282498098776
0.82319 4798.75195117178 95.7474472421358
0.82582 5735.98407345112 104.677706072892
0.82845 5796.71678710317 105.227304167076
0.83108 6188.07058612917 108.718188265957
0.83371 6140.31372695045 108.294657146634
0.83634 5041.30995913677 98.1229559165891
0.83897 7121.51067915097 116.619764227834
0.8416 6568.73509834422 111.998998461843
0.84423 7149.24489323648 116.839723890763
0.84686 6871.87183830337 114.547372051341
0.84949 7363.28374904697 118.568831890587
0.85212 7798.14617664111 122.016236885517
0.85475 7643.50964222887 120.79682424231
0.85738 8414.43823164974 126.738580197637
0.86001 8727.94424578904 129.074193893925
0.86264 8794.993729837 129.565200564685
0.86527 10007.0858001813 138.201125626355
0.8679 8046.19345315988 123.919646794245
0.87053 6472.60761288607 111.140343379104
0.87316 6961.50886225657 115.257964718499
0.87579 6035.32803423392 107.31411716957
0.87842 5056.95733625659 98.2286605937846
0.88105 6333.36824591952 109.925413261861
0.88368 6813.17453383448 114.009923121033
0.88631 5933.86240293172 106.3956297059
0.88894 4639.2620479336 94.0733615110228
0.89157 6070.57441884271 107.607925977939
0.8942 5673.15849965713 104.022905855725
0.89683 4303.78695832004 90.6001799766164
0.89946 2980.14892909321 75.3893182417806
0.90209 3876.98575358532 85.9856278758396
0.90472 3125.52323025758 77.2022354445239
0.90735 3118.32682374049 77.1114857483537
0.90998 2381.28773300026 67.3835578665273
0.91261 2530.75453609828 69.4644749133421
0.91524 3685.22837510493 83.8223230063694
0.91787 2259.44033241946 65.632307167072
0.9205 2199.90235788587 64.7602741276826
0.92313 2738.30065676553 72.2499055508042
0.92576 2393.91636879932 67.5524255724886
0.92839 2300.10532687434 66.2140365132137
0.93102 1131.53693277686 46.4408660473468
0.93365 3789.59335722454 84.9869001840326
0.93628 2183.95188892648 64.5159293163849
0.93891 654.187832675374 35.3090794242089
0.94154 1157.35157217798 46.9631864152163
0.94417 1966.56192981211 61.216494317985
0.9468 1730.33550378231 57.4208397002642
0.94943 2291.84854796234 66.0825928466436
0.95206 2363.13035315386 67.1007993659558
0.95469 2766.46514913161 72.5999285296812
0.95732 3676.94088483948 83.6963755716043
0.95995 2509.42459595583 69.1417135687295
0.96258 1417.56419413049 51.9653870340874
0.96521 3541.24256888659 82.1316166949152
0.96784 2694.77739048745 71.6446417423473
0.97047 2500.19889069073 69.0079745753351
0.9731 3158.20272700443 77.5571313443218
0.97573 3519.54102971629 81.8718274187185
0.97836 3708.38869916555 84.0376355561718
0.98099 2776.20880228446 72.7104773202261
0.98362 2955.67484734794 75.022061110675
0.98625 3995.58545078353 87.2249252791141
0.98888 4320.51796903345 90.7001557542041
0.99151 4933.76356977485 96.9212534069766
0.99414 4005.6006407522 87.3279787581583
0.99677 4470.8533550791 92.2581041738107
0.9994 4403.40036300139 91.5573320186031
1.00203 3342.76693514249 79.7704574236311
1.00466 3915.62475734405 86.3335689859427
1.00729 4510.18910244527 92.6545317226374
1.00992 3661.91845220001 83.4860188585811
1.01255 5048.08259410388 98.0195648796231
1.01518 5651.14850999651 103.706990402357
1.01781 5758.13200939149 104.681661126518
1.02044 5101.74611527383 98.5324641248547
1.02307 4598.8883996289 93.5484256913228
1.0257 4383.71741186173 91.3316803105789
1.02833 4925.82309613945 96.8121137270864
1.03096 4864.09937435864 96.2014549482454
1.03359 4459.14576783772 92.1077935755912
1.03622 5869.78381251081 105.674869533113
1.03885 5530.23016755701 102.57048125577
1.04148 5696.56041834812 104.0991697443
1.04411 5767.78795634919 104.745572874395
1.04674 6706.16162308864 112.942699184222
1.04937 5657.3397256743 103.733111501025
1.052 5079.10957286373 98.2867979616256
1.05463 5045.47395729875 97.9585842515476
1.05726 4606.21478635829 93.5952324764722
1.05989 4494.32962367239 92.4494250052156
1.06252 4185.69948247 89.2166464107869
1.06515 3331.09888319714 79.5876630575519
1.06778 5121.77117099276 98.6852381346131
1.07041 4201.43179783967 89.3780517882065
1.07304 3477.8969115188 81.3168775594324
1.07567 2938.69176424329 74.7462614712
1.0783 3041.57709216088 76.0417298456398
1.08093 3217.42438326064 78.2072226751443
1.08356 4008.70628230352 87.2941061067419
1.08619 3041.14369108695 76.0311200882645
1.08882 2888.00281850238 74.0903827903385
1.09145 1957.13482126338 60.9906859377109
1.09408 2277.07464511565 65.7857594349183
1.09671 2121.51401762884 63.4974557757802
1.09934 2200.76877205956 64.6711659858977
1.10197 1860.60756570537 59.46248724462
1.1046 1880.35474105591 59.7762043314854
1.10723 1687.38102339943 56.624943301205
1.10986 2560.81481733809 69.7562373036329
1.11249 3183.19321355762 77.7710959105869
1.11512 2421.34535054902 67.8278179621264
1.11775 3264.76766693394 78.7586706212007
1.12038 2121.92258901275 63.4935724640962
1.12301 2306.33488275976 66.1940475287369
1.12564 2888.90205501127 74.0827202149449
1.12827 2319.60000048664 66.3819215468786
1.1309 2702.3391273401 71.6483101696245
1.13353 3010.52421644992 75.6222939329214
1.13616 3938.79180016233 86.4974002074232
1.13879 2692.60706722376 71.5156004552638
1.14142 2348.78187706522 66.7926076416071
1.14405 1912.81728053289 60.2749078523521
1.14668 2097.518411752 63.116870729501
1.14931 3431.36561848731 80.727001534014
1.15194 3799.07647851744 84.9409468492814
1.15457 3433.10183232686 80.7447283777718
1.1572 3653.37743643021 83.2934520292209
1.15983 3262.11960994627 78.7057181161389
1.16246 3386.11068173636 80.1862077661193
1.16509 3854.94713514973 85.5561174328914
1.16772 4586.76970494034 93.3228678747192
1.17035 3365.62447549453 79.9392724781314
1.17298 3690.4436261477 83.7065426186384
1.17561 4085.91104543883 88.0759474733423
1.17824 4099.98533042085 88.2260376284733
1.18087 3902.0681986303 86.0688111523272
1.1835 4243.88089983433 89.7579082181237
1.18613 4116.16410650812 88.3955133756728
1.18876 4384.44412089109 91.2292078419833
1.19139 3232.2937086243 78.3293990563604
1.19402 3367.14998271738 79.9453795665511
1.19665 4906.91713262398 96.5070968992724
1.19928 4791.81784997873 95.3669276223323
1.20191 3868.01767507263 85.6810632381108
1.20454 2705.15929528452 71.65235352084
1.20717 4460.54844212337 92.007151162482
1.2098 3657.6044287844 83.3142398803888
1.21243 2645.20130301971 70.8506189048198
1.21506 1459.9721552826 52.6356494461316
1.21769 3045.99890658842 76.0266730020756
1.22032 3408.12385642845 80.4178047475642
1.22295 2835.63210231605 73.3521563631911
1.22558 2783.02357883985 72.6674299231823
1.22821 2232.92732245171 65.0896693731435
1.23084 2973.47508194262 75.1104453706406
1.23347 2402.31458484688 67.5113104495386
1.2361 2152.77174111356 63.9078201757114
1.23873 2501.30872044226 68.8861755986579
1.24136 2891.89384221237 74.0684083257945
1.24399 2733.11535544767 72.0052616360713
1.24662 2685.23776240019 71.3707133157846
1.24925 2225.0696622189 64.9671601051247
1.25188 2413.39050116032 67.6595785980471
1.25451 1246.38447943725 48.622234912475
1.25714 1367.08187504121 50.9213109207031
1.25977 1915.54501002288 60.2756503795302
1.2624 1946.16804211715 60.7546193784096
1.26503 1854.25041838075 59.3016449243102
1.26766 874.568781555609 40.7261112909493
1.27029 1199.09600229209 47.6865986670976
1.27292 2482.51855769035 68.6134144080363
1.27555 2458.07578724992 68.2737605594012
1.27818 1631.81721249917 55.6269637014266
1.28081 1068.9672755581 45.022044791057
1.28344 1015.71702287537 43.8856753396696
1.28607 2187.5950850675 64.4040679491361
1.2887 1964.482564445 61.0305563284905
1.29133 1594.57741807807 54.9843953363236
1.29396 1226.80593070057 48.2278599633097
1.29659 962.405774636708 42.7152130419626
1.29922 1574.53671975915 54.6352924291528
1.30185 871.103246521837 40.6373624503479
1.30448 1633.15537626794 55.6414345974864
1.30711 3125.78266013932 76.9764405425073
1.30974 4313.69941038343 90.4268172925846
1.31237 2543.44029832968 69.4347617146908
1.315 2867.02445281979 73.7183732972783
1.31763 1527.12015686675 53.8010211536961
1.32026 2118.58019665522 63.3680345632173
1.32289 2468.06927673369 68.3943654641185
1.32552 1509.45264904295 53.4866339363958
1.32815 2797.98760570076 72.8202695344299
1.33078 3670.07598419833 83.3989888422318
1.33341 3884.2615732061 85.7968532319864
1.33604 3484.63142322785 81.2623575245854
1.33867 2223.19902763257 64.9073731093493
1.3413 2960.36914708458 74.8982487677692
1.34393 4027.35104721595 87.3579309981447
1.34656 3150.67367610719 77.2659547873657
1.34919 1732.02085952361 57.2871068185261
1.35182 2642.81623559129 70.7632352693307
1.35445 2132.91994224163 63.5704581737793
1.35708 2149.83298939938 63.8211010120922
1.35971 4161.09288078297 88.7890689720265
1.36234 3603.52776278673 82.6254046713694
1.36497 3732.24473136872 84.086947322821
1.3676 2069.26291559818 62.6102203979623
1.37023 3596.31236455279 82.5391446658162
1.37286 3551.2527536267 82.0192735241463
1.37549 4011.2996257416 87.168895543807
1.37812 4720.33596581391 94.558225204972
1.38075 3335.67225411808 79.4874213625777
1.38338 3299.4385800028 79.0534105288894
1.38601 3608.52281739841 82.672139964304
1.38864 2643.9968730901 70.7650445915781
1.39127 2567.4975111263 69.7328147926749
1.3939 2137.19360447327 63.6206317740869
1.39653 1460.96064154551 52.6004145123118
1.39916 2866.03216049574 73.6723124796958
1.40179 3718.34996105017 83.9136799244021
1.40442 4133.64276103969 88.4742677511313
1.40705 3208.41443471078 77.9450614017531
1.40968 2505.40390277814 68.8771412923179
1.41231 1627.1637938545 55.5066146949182
1.41494 2533.62284551888 69.261669175827
1.41757 2406.93339067708 67.5066989672743
1.4202 2998.95056485745 75.3515784958468
1.42283 2345.26847153948 66.6341479343726
1.42546 2775.02673624282 72.4814740014758
1.42809 2052.27676977861 62.3310237479341
1.43072 2800.78397738893 72.814683516845
1.43335 2542.54340208012 69.3755135884252
1.43598 2489.94911135124 68.6530953619334
1.43861 2593.65812368946 70.067095669906
1.44124 3013.7682583191 75.5275751302144
1.44387 2161.82586974067 63.9666831920184
1.4465 2325.125572328 66.3375681232229
1.44913 1315.69837548306 49.9007843669905
1.45176 1248.32812688376 48.6056150828196
1.45439 1882.42459301712 59.6861713670834
1.45702 2395.64326925568 67.3315889845231
1.45965 984.076507060131 43.1534063776145
1.46228 1824.50920004077 58.7579372859436
1.46491 702.331315921203 36.4550241658891
1.46754 1912.1820447758 60.1511386258051
1.47017 2440.11366010877 67.9480696973934
1.4728 2152.99209614456 63.824316669863
1.47543 2892.20396395643 73.9728369587432
1.47806 2118.85498433778 63.3142247495034
1.48069 2475.5840067192 68.4356458691034
1.48332 2129.28659194309 63.467801592941
1.48595 2256.07533083051 65.3290064702334
1.48858 3236.61552827421 78.2469955424801
1.49121 2559.3693341644 69.5795241115143
1.49384 2273.73115493278 65.580902351305
1.49647 1290.08698418103 49.3980933961448
1.4991 2206.96289885517 64.6087091934889
1.50173 2243.13966855788 65.1353408892571
1.50436 2918.36198103057 74.2939750030274
1.50699 1860.8685057807 59.3249446887051
1.50962 1492.15309029319 53.1228875568761
1.51225 2808.14760926482 72.8753127495184
1.51488 2869.83194872558 73.6705956513105
1.51751 2143.44456791479 63.6674651693741
1.52014 3141.19374887969 77.0733571078
1.52277 3020.79961708206 75.5811255790417
1.5254 2596.75009517739 70.0749759173205
1.52803 2827.68238646425 73.1237869883816
1.53066 2570.01755766039 69.7118951019452
1.53329 1639.76149016527 55.6832618347085
1.53592 1356.93586151181 50.6535010986101
1.53855 2300.52987952963 65.953709900958
1.54118 2809.02357574179 72.8783387854774
1.54381 3618.49141719526 82.7141912753703
1.54644 2244.50763547765 65.1436787076469
1.54907 1986.97996028049 61.292023793198
1.5517 2221.99586063828 64.814820464901
1.55433 929.565951514616 41.9216420166018
1.55696 1609.35664878292 55.1594353600704
1.55959 2376.12164238052 67.0229406854527
1.56222 2633.58166987548 70.5599103909466
1.56485 2057.61715980213 62.3680826423083
1.56748 1847.27690383477 59.0937550443311
1.57011 1352.74662730044 50.5684099737636
1.57274 1894.09163112063 59.8366183972571
1.57537 2529.29884228893 69.1452104321555
1.578 1631.04115304251 55.525179373113
1.58063 1133.53836956588 46.2882864599959
1.58326 2042.175373053 62.1290895112435
1.58589 1214.32847684081 47.9084413815204
1.58852 1313.2804979666 49.8216584487682
1.59115 1124.62366279265 46.1039909506047
1.59378 1405.28921420646 51.536301641583
1.59641 1034.28745027096 44.2126453416881
1.59904 921.097326421237 41.7228641440274
1.60167 1628.40945960587 55.4751583282917
1.6043 2430.99077774315 67.7803262313824
1.60693 1775.61878781861 57.9271446711523
1.60956 1454.54541881859 52.4283459321445
1.61219 683.757604320279 35.9458579955319
1.61482 1478.64054416092 52.8596558683046
1.61745 1348.83483528693 50.4856171515977
1.62008 689.783366369442 36.1027179034653
1.62271 2127.28301560287 63.4003173626907
1.62534 1725.80935678852 57.104516841362
1.62797 2152.73097133251 63.7770147859634
1.6306 1479.71901695233 52.8754639964025
1.63323 1198.57731857271 47.5874953312225
1.63586 1198.75650288828 47.5905324251449
1.63849 1760.42774515671 57.6712591415924
1.64112 767.20935004173 38.0717228488404
1.64375 2174.36421645669 64.092466990666
1.64638 882.666546657368 40.8351759429981
1.64901 1477.58731688454 52.8333234040858
1.65164 2567.26782875831 69.6405507978693
1.65427 2806.79094693549 72.8160131659689
1.6569 2085.84500085066 62.7708680573951
1.65953 2430.27925546617 67.7548616597227
1.66216 1929.58765523651 60.3726005839432
1.66479 2234.89094128927 64.972720245712
1.66742 3212.3024598267 77.894420743925
1.67005 2103.37722826458 63.0306775023255
1.67268 2480.17290641023 68.4430926434236
1.67531 2070.72295290262 62.5381311157677
1.67794 1497.59925740575 53.1835057927973
1.68057 2627.26221350747 70.4410981669302
1.6832 2537.46639110611 69.2260913924201
1.68583 3284.20959119263 78.7554012272581
1.68846 3271.43856635544 78.6012683655767
1.69109 2161.38173571604 63.8882749398762
1.69372 1966.24068744004 60.9353087630716
1.69635 3226.08537758831 78.0519681163096
1.69898 1342.45030322623 50.3489354014016
1.70161 3349.94668938149 79.5345311096802
1.70424 2265.73717675128 65.408988154281
1.70687 3896.14003154524 85.772058376079
1.7095 1167.65425514493 46.9549708277352
1.71213 3833.02689196617 85.0729050222555
1.71476 3215.87894349218 77.9230717190236
1.71739 2866.8991887089 73.572974875497
1.72002 2888.95550745011 73.8547479764232
1.72265 2841.0155564279 73.2387102151805
1.72528 269.095398792634 22.5399477638458
1.72791 2778.49219179687 72.4269584037905
1.73054 1241.70029141075 48.4172296199628
1.73317 1201.05278853856 47.6177071595986
1.7358 1236.21637661839 48.3092800842526
1.73843 2017.49230779158 61.7142066461408
1.74106 674.075680140176 35.6721613025576
1.74369 1712.68509657987 56.86037771348
1.74632 1951.42150098432 60.6935319176528
1.74895 1738.18134645218 57.2809612690736
1.75158 38.4961747030046 8.52447085561505
1.75421 614.741977745085 34.0644172584548
1.75684 115.91379968057 14.7916964832116
1.75947 494.940059120801 30.5648736782835
1.7621 2558.55668610422 69.4927840022035
1.76473 2693.6324941557 71.302908704962
1.76736 1914.84928706478 60.1175482492199
1.76999 1687.25025269799 56.4312407527842
1.77262 848.746728649935 40.0234748265852
1.77525 162.893139697903 17.5336776480715
1.77788 1079.50536800972 45.136711014046
1.78051 750.799539147597 37.6422341347631
1.78314 1181.21120001299 47.214245846459
1.78577 2454.79544458652 68.0632713998732
1.7884 1757.10307346316 57.5837136834499
1.79103 1960.29424064618 60.8215618727185
1.79366 2680.86616618427 71.1263281353916
1.79629 1293.36899700526 49.4026142206115
1.79892 1676.71237892878 56.2489145918995
1.80155 2550.48032666244 69.3734176681876
1.80418 2421.55015623083 67.5967905168601
1.80681 2806.88207038545 72.7760810358787
1.80944 1724.26404688839 57.0394998423102
1.81207 1304.82261583871 49.6188620834957
1.8147 2000.17388087493 61.433064303041
1.81733 1218.90473971736 47.9568253349458
1.81996 2184.70179457925 64.2035239164742
1.82259 1780.60524811548 57.9620647348109
1.82522 410.320256272032 27.8239472780317
1.82785 1560.61756307649 54.2628684993149
1.83048 1605.11087371362 55.0306017132172
1.83311 1225.33724576967 48.0813663067996
1.83574 1532.51809318966 53.7711132731752
1.83837 1293.99333709702 49.4093889306854
1.841 2590.96070458827 69.9151213451853
1.84363 2173.92103517593 64.0412536284444
1.84626 3328.01973751856 79.2370190570847
1.84889 2269.86791328055 65.4384064209964
1.85152 2107.39333651002 63.0525220614824
1.85415 2292.54373916351 65.7636207720501
1.85678 1238.65127376179 48.3391119461861
1.85941 1246.08562790785 48.4836518336466
1.86204 1608.04946991004 55.0767521899542
1.86467 2651.4383275186 70.7223404149742
1.8673 2341.62813016441 66.4617943417986
1.86993 1522.86126381769 53.5970033069281
1.87256 2075.16230757452 62.5653117579588
1.87519 1042.27383192454 44.3400046372181
1.87782 1583.0592621491 54.6450267594918
1.88045 2250.31822694671 65.1510267922701
1.88308 1532.64240385509 53.7671421772145
1.88571 1067.00643453871 44.8618618290761
1.88834 1326.28716208434 50.0160967405108
1.89097 557.033375239136 32.4137188754749
1.8936 1122.40646414657 46.0108833568361
1.89623 1802.03348486848 58.2994099288643
1.89886 58.6869748525803 10.5208500685409
1.90149 658.221251669854 35.2340976828721
1.90412 452.420073695193 29.2109285050811
1.90675 220.141123095497 20.3761553105555
1.90938 1426.88261268723 51.875584236875
1.91201 913.643153457249 41.5101597336772
1.91464 213.576799502444 20.0696761278859
1.91727 102.789020965008 13.9230350466304
1.9199 1303.46570062468 49.5801207161285
1.92253 27.189407954492 7.16069005363968
1.92516 714.984490691126 36.7198193109333
1.92779 932.993949282138 41.945836802943
1.93042 866.036786923488 40.4124186664703
1.93305 1307.58647775408 49.6568433353898
1.93568 670.806188797198 35.5663790286193
1.93831 696.317626093266 36.2361493238315
1.94094 650.791624650694 35.0313237068547
1.94357 741.900940155744 37.4029412695028
1.9462 591.103582684146 33.3858020870556
1.94883 625.003272243116 34.3295719538104
1.95146 91.4500538814695 13.1315638495217
1.95409 3.77479973692544 2.66789448266165
1.95672 135.025413186626 15.9560971641986
1.95935 1416.32978691587 51.6771236954742
1.96198 1309.10125949742 49.6821043869004
1.96461 1999.03649537713 61.3932957342958
1.96724 1058.29286585749 44.6694643363028
1.96987 715.858790866218 36.738271167418
1.9725 1103.55342891343 45.6140821238716
1.97513 62.4649749788132 10.8521994452069
1.97776 1455.54595436256 52.3853278218824
1.98039 652.07680879003 35.0625345294447
1.98302 362.663301664776 26.1482698389613
1.98565 394.843132677509 27.2835369756933
1.98828 139.058079405543 16.1913743183152
1.99091 1776.99560751757 57.879663866877
1.99354 1110.35727353428 45.752140534808
1.99617 1387.736897372 51.1482569022849
1.9988 1675.24036753034 56.1969904548948
2.00143 1724.90553853235 57.0236153974423
2.00406 586.699135824384 33.2566111385667
2.00669 1367.27974942529 50.7688278381007
2.00932 549.080136556405 32.1724763042384
2.01195 1000.33363488483 43.4247409651827
2.01458 1357.23512577255 50.5813624917055
2.01721 2333.59314255051 66.32446044077
2.01984 503.201364837772 30.7985477296566
2.02247 1402.79998114664 51.4227604224119
2.0251 1965.18368589906 60.8635476398862
2.02773 1296.83466864118 49.4420160777109
2.03036 775.650520875322 38.2371123474209
2.03299 1279.2316587134 49.104898725224
2.03562 1654.06877340021 55.8373988854295
2.03825 1569.69341358665 54.3943752452045
2.04088 1630.23797987553 55.4332390313807
2.04351 888.585698590864 40.9253676200636
2.04614 1966.01041820475 60.8743047878618
2.04877 2363.77817636744 66.7486741524938
2.0514 2338.07819184105 66.3845441044776
2.05403 2317.25056313905 66.087928150638
2.05666 2375.59838340115 66.9145137796902
2.05929 2158.40382227102 63.7820309586701
2.06192 2283.40797288892 65.6027321986659
2.06455 1003.15697981371 43.4823289645479
2.06718 3217.01456281815 77.8669274763977
2.06981 3215.87113657167 77.852761327323
2.07244 1102.61047903361 45.586257261906
2.07507 1251.70162098252 48.570375801436
2.0777 1929.48589934405 60.3031554867996
2.08033 70.7178657749938 11.5446822302689
2.08296 534.557771204148 31.7404377110307
2.08559 1553.96908188059 54.1171543181261
2.08822 807.052311876918 38.9998363692124
2.09085 414.440464648549 27.9473861048285
2.09348 79.2341989523418 12.2198150221544
2.09611 946.630840645117 42.2373631562431
2.09874 1366.60545235109 50.7488522506398
2.10137 782.528574751808 38.4019286089441
2.104 1596.52707352203 54.8516219686152
2.10663 1940.72295584665 60.4757828589377
2.10926 1491.14036230538 53.0099491432562
2.11189 1543.42278789041 53.9310624158383
2.11452 667.895144886411 35.4771775947182
2.11715 654.076360844231 35.1081174494135
2.11978 346.122314480938 25.5391543259416
2.12241 1567.70638521547 54.3528690474967
2.12504 1965.97249867666 60.8663453884077
2.12767 2257.44365958824 65.222188012397
2.1303 1763.8845590399 57.6527967886817
2.13556 160.742795336404 17.4039510498159
2.13819 1484.76768098038 52.8944060336117
2.14082 822.143268061678 39.3597780976143
2.14345 1094.60394993429 45.4156768673281
2.14608 1523.8207043827 53.5849238298641
2.14871 919.580259556857 41.6264044368896
2.15134 1241.69931675861 48.3705134637024
2.15397 378.434106880897 26.7033660304228
2.1566 1737.71532491618 57.221414047429
2.15923 2880.37459950838 73.6702516442344
2.16186 1347.56971423242 50.3896898094835
2.16449 1474.87182322622 52.7158969256665
2.16712 729.133242360752 37.0651965171983
2.16975 1274.31054290645 49.0003173292894
2.17238 1164.76583064777 46.846695538554
2.17501 701.918848655244 36.3664995714147
2.17764 394.857873476594 27.2757590922682
2.18027 441.089599373808 28.8282480566187
2.1829 377.446491440347 26.6674159356568
2.18553 927.484796858772 41.802767518929
2.18816 874.870366763662 40.599612182976
2.19079 900.54724684378 41.190937825689
2.19342 761.799927185077 37.8849997470209
2.19605 457.620758781229 29.3628414734187
2.19868 1576.54525668423 54.500042353424
2.20131 866.490187640582 40.4039511730514
2.20394 1666.75990273324 56.0371889433906
2.20657 984.720208868767 43.0719020433308
2.2092 831.475196444804 39.5785683125186
2.21183 1574.05958794592 54.4557597520328
2.21446 762.674510772814 37.9053629155095
2.21709 2.13696981999038 2.0064486209587
2.21972 205.395038025348 19.6707821446754
2.22235 1080.43899929542 45.1153765626061
2.22498 514.936453445445 31.1457709373363
2.22761 1598.00470996778 54.866732821052
2.23024 1007.28341233726 43.5605865704413
2.23287 1040.73443482805 44.2777604178693
2.2355 636.820746659427 34.6355502356501
2.23813 703.286311039626 36.3979879998909
2.24076 1727.06911860829 57.0379568624045
2.24339 46.2958209492332 9.33851458895785
2.24602 913.627200660645 41.4848212261996
2.24865 189.241024268527 18.8803553102271
2.25128 291.328820949959 23.4256715221999
2.25391 907.175510952619 41.3374600554317
2.25917 798.227957837904 38.7754822473005
2.2618 930.408228563741 41.8628042814944
2.26443 165.375190366421 17.6491799019679
2.26706 1124.84346192678 46.029176077903
2.26969 1967.2659023689 60.871849127699
2.27232 930.13689883077 41.8558537166616
2.27495 1655.72630936104 55.8437852231481
2.27758 1004.31144834844 43.492321057512
2.28021 1252.21210191396 48.5640762536855
2.28284 1682.30356579448 56.2893420176049
2.28547 710.86648470385 36.5902868530113
2.2881 899.853613253723 41.1675984188482
2.29073 748.947343940551 37.5571862410829
2.29336 363.139190514648 26.1518111330076
2.29599 1039.17361952126 44.2391804016976
2.29862 2460.35729820451 68.0706521599316
2.30125 1340.40780214084 50.2432104448621
2.30651 24.1524494450103 6.74429679120661
2.31177 471.375776933421 29.7945539191396
2.3144 982.161382721723 43.0074082161341
2.31703 1187.79161425949 47.2955803047785
2.31966 616.418131617302 34.0711443520763
2.32229 34.6144399339369 8.0737678866937
2.32492 205.784228023752 19.6857622246845
2.32755 218.847310187093 20.3009043867056
2.33018 1337.86880131023 50.193806177177
2.33281 908.952628819152 41.3725775034614
2.33544 2165.10668761921 63.8528359785804
2.33807 380.067562870419 26.7528176989591
2.3407 395.815955918372 27.3013650958356
2.34333 964.599579811525 42.6196457193622
2.34596 740.391037320115 37.3392391683242
2.34859 19.2352827807862 6.01842374971855
2.35122 939.524696091375 42.0616361314357
2.35385 1717.51739810456 56.8697371992079
2.35648 1386.93864767758 51.1043490526199
2.35911 461.211863899584 29.4698589860723
2.36174 1654.85980682544 55.8222083658199
2.36437 1174.83595589421 47.0341837185598
2.367 534.007014933676 31.7100600406191
2.36963 569.917174972365 32.7588043801917
2.37226 34.1494734340327 8.01886242737289
2.37489 367.591345301178 26.3088571380371
2.37752 615.229987947524 34.0358560858212
2.38015 152.051789874054 16.9204646866303
2.38278 484.237546753665 30.1956466534091
2.39593 24.8194592263292 6.83603370963848
2.39856 761.044013665706 37.8539768433371
2.40119 19.6486877565707 6.08236407928762
2.40382 463.534170364002 29.5423992381576
2.40645 345.550042896926 25.5070133717024
2.40908 246.529822829005 21.5445840895653
2.41697 389.472300187524 27.0794236211364
2.4196 277.664430317595 22.8644364449918
2.42223 583.318632740425 33.1400035216603
2.42486 1148.91129866156 46.5095485942214
2.42749 1603.78374589454 54.9504213161527
2.43012 866.316731305721 40.386453936837
2.43538 68.8650094436928 11.3866290905551
2.43801 348.677376414401 25.6216445397121
2.44064 501.486203336512 30.7272617682432
2.44327 387.659852703231 27.0158743206442
2.4459 606.353865355752 33.7874905954587
2.44853 48.4175211832731 9.54758177433907
2.45116 131.899924631053 15.7584549090753
2.45379 8.39131356573944 3.97471124271714
2.45642 206.608828881172 19.7226058124544
2.45905 340.542599525664 25.3206487499069
2.46168 9.31378651380685 4.18746792342013
2.46431 229.134825925729 20.7698401145338
2.46694 998.682228348574 43.3611220293482
2.46957 625.900823118917 34.3272379671602
2.4722 450.516819992007 29.1233180337291
2.47483 285.745812042327 23.1939402143726
2.47746 1564.46299060743 54.2708335244236
2.48009 1209.31928118502 47.7148521018899
2.48272 461.743627417891 29.4837552303654
2.48535 493.834549429084 30.4910461771888
2.49061 54.032583438251 10.0857443074741
2.49324 570.467496900685 32.7713844149503
2.49587 873.003513416032 40.5402647123847
2.4985 927.726113218241 41.7914772985891
2.50113 1480.71179551578 52.7974030416536
2.50376 1189.5013779761 47.3216053917356
2.50639 1118.99701764428 45.8977251732429
2.50902 211.871815633871 19.9716061259878
2.51428 198.767313359169 19.3440891681967
2.51691 94.306218033491 13.3243388184783
2.51954 153.221549381009 16.9838102775753
2.52217 509.348113081069 30.9657966467915
2.5248 2054.85711081272 62.1964249400614
2.52743 1294.94561561206 49.3742003212401
2.53006 573.120090830732 32.8470845301344
2.53269 65.6996084784115 11.1212884231722
2.53532 737.112189518359 37.251195193125
2.53795 69.848024932478 11.4670097488627
2.54058 1246.15211385911 48.4348933214685
2.54321 44.0113561498459 9.10237860071846
2.54584 1005.45638737218 43.5064693074063
2.54847 299.966531192248 23.7633860667247
2.5511 471.570486191365 29.7951058842591
2.55373 224.368900999235 20.5519321237208
2.55636 4.03911040830371 2.75748964719383
2.55899 434.655863982416 28.6051020490848
2.56162 140.042713296342 16.2368092951465
2.56425 148.307744063369 16.7090611200482
2.56688 968.037836237109 42.6890019201378
2.56951 791.383146056137 38.5978340900574
2.57214 356.674846234858 25.9122711492401
2.57477 875.835359619018 40.6050619317575
2.5774 1005.42082212989 43.5053412037732
2.58003 1028.26067888839 43.9966852343426
2.58266 1340.92804340781 50.2424468262453
2.58529 34.7556084479005 8.08872730696936
2.58792 809.119374761168 39.0277710382225
2.59055 833.914367833393 39.621223104445
2.59318 646.270475559168 34.8798018766799
2.59844 200.440523026123 19.4249101391455
2.60107 985.160335861824 43.0644934551566
2.6037 272.965020614463 22.668280130023
2.60633 256.592899612248 21.9779194560522
2.60896 145.673147904467 16.5597280676645
2.61159 87.7543923831693 12.8527798282838
2.61422 525.512305887054 31.4523622856308
2.61685 557.160667444777 32.3855470384928
2.61948 267.154563165904 22.4254671472831
2.62211 980.945755424173 42.9716356266176
2.62474 107.508739471542 14.2259232492052
2.62737 70.2983764897184 11.503510997895
2.63 919.381153849794 41.601093934327
2.63263 1369.5160326619 50.7738038378725
2.63526 353.822462209616 25.8076243492891
2.63789 398.587739747655 27.3915421865009
2.64578 387.291800690035 27.0004642604108
2.64841 510.411835454094 30.9964271060407
2.65104 556.768697392587 32.3733663212089
2.65367 441.654455683321 28.8330743881759
2.6563 234.133580578137 20.9932987281935
2.65893 990.706448770519 43.1837661328424
2.66156 521.73100768112 31.3379463380215
2.66419 667.129220725449 35.4365454573875
2.66682 218.173684043591 20.2650074032066
2.67208 65.9304117905012 11.1400426676418
2.67471 445.964771708303 28.9729972289623
2.67997 9.81610866233013 4.29844330190518
2.6826 311.74952261026 24.2238746471459
2.68523 575.650411264349 32.9169289055879
2.69049 550.128165192836 32.1788275161841
2.69312 245.320673018219 21.488422648161
2.70101 4.8620582111271 3.02514283302078
2.70364 128.495152311 15.5517634600598
2.70627 397.949045516187 27.3684666722625
2.7089 19.0875313223194 5.99393566015088
2.71153 163.547569615237 17.5452558423033
2.71416 433.373615581052 28.5607333316368
2.71942 115.9572846441 14.7736587855832
2.72205 426.142524926267 28.321545286958
2.72468 268.145472923284 22.4659715994119
2.72994 230.807525702473 20.8432711702932
2.73257 1157.59089198548 46.6787168436117
2.7352 467.599836803608 29.6673664932895
2.74046 35.4174601894248 8.16491096968788
2.74309 815.473104262811 39.1785203306662
2.74572 144.948670116712 16.5177462099175
2.74835 367.889882381941 26.3149807160893
2.75098 16.7774963993991 5.6196358416003
2.75361 383.289712134174 26.8601627881849
2.75887 10.2021345650241 4.38219307313187
2.79043 6.37970815840875 3.46538858926801
2.79306 609.217428625292 33.8639923274161
2.79569 170.502632250362 17.915049152166
2.81673 4.00664524679458 2.74629716683746
2.81936 91.5337392518507 13.126480576243
2.82725 1.54435598899853 1.70503481491494
2.82988 35.2815559394941 8.14955739289296
2.86144 8.26016880039328 3.9433197848382
2.86407 188.707532231183 18.847891327851
2.88248 4.26110077303971 2.83226156054874
2.88511 97.346898210948 13.5373647116065
2.89037 163.368252871505 17.5371142951729
2.90615 35.7075373552816 8.19889575380115
2.90878 815.751530535482 39.1880651213885
2.92193 66.7881080994324 11.2129976348824
2.92719 152.87790176601 16.9645924777207
2.92982 251.47707893441 21.7580382462006
2.93771 29.8093970940392 7.491098383534
2.94823 459.215158155628 29.4018624938878
2.95086 83.6602015619508 12.5494775308327
2.95349 296.540469187242 23.6269485009119
2.96401 1.13859109659785 1.46402121826614
2.96664 26.0115230108086 6.99754705455679
2.97979 13.6303191809704 5.06539406251243
2.98242 311.389542801267 24.2109423406813
2.98768 98.0022730934768 13.5824048363368
2.99294 5.18265212480939 3.12344268171416
2.99557 297.737004497686 23.674094456567
2.9982 90.5406308415032 13.0550393208624
