-0.19988 157.113789142093 18.4475346299829
-0.19725 561.616735825061 34.8706789642984
-0.19462 404.870882426917 29.6013782222549
-0.18147 551.834654370442 34.52423060565
-0.17884 498.366505840622 32.8025053999005
-0.16306 325.898511344189 26.4942396145838
-0.16043 409.232862779715 29.6830378959827
-0.1578 78.8580465297101 13.027434316276
-0.15517 65.4637280759204 11.8672203435688
-0.15254 66.6432132232585 11.9712450942482
-0.14991 1018.35130930668 46.7867475110593
-0.14728 628.306404261113 36.742815694552
-0.14465 663.710620379293 37.7562356815777
-0.14202 188.396837099211 20.1116955973831
-0.13939 299.908477575367 25.3699024821484
-0.13676 59.6148975448551 11.3087430343768
-0.13413 438.617534171123 30.6684906171944
-0.1315 868.472551321861 43.1459358758046
-0.12887 297.327833465389 25.2401557594067
-0.12624 841.994874088985 42.4659983149474
-0.12361 282.569962204018 24.5958560512893
-0.12098 91.2399257878241 13.9734518785719
-0.11572 1199.444788807 50.6437502943221
-0.11309 248.363416799043 23.0404910354473
-0.11046 66.4635907767621 11.9165893076688
-0.1052 221.935916994251 21.7669745415801
-0.10257 242.400474080989 22.7438013364589
-0.09994 281.101860280064 24.4872599947832
-0.09731 251.964876067024 23.1799841347372
-0.09468 830.544956462815 42.0794638672891
-0.09205 35.2557548477375 8.66860298976263
-0.08942 28.9235413518371 7.85064434638527
-0.08679 779.328649886867 40.7460339850043
-0.08416 663.493817904754 37.5914346465835
-0.08153 924.714659169637 44.373098502202
-0.0789 472.765888962758 31.7237385720762
-0.07627 577.921185270625 35.0704226626997
-0.07364 1325.21841668411 53.1001572375572
-0.07101 1939.87185288304 64.2368100522328
-0.06838 2162.87213458479 67.8200684602523
-0.06575 2860.55332577073 77.9853754373158
-0.06312 2519.59462998826 73.1810789938319
-0.06049 1864.57451577693 62.9460754655615
-0.05786 1496.66533546317 56.3879669798028
-0.05523 1846.64115387877 62.6268587305972
-0.0526 1482.38302707477 56.104134080005
-0.04997 947.715843014077 44.8537725747506
-0.04734 646.409348191819 37.0389755448913
-0.04471 2466.31152519594 72.3393079782844
-0.04208 2598.34183086358 74.2409882221537
-0.03945 2186.52972555553 68.0955134177882
-0.03682 2368.8736821392 70.8691049019304
-0.03419 2638.16778286466 74.7794693020445
-0.03156 4474.06441621629 97.3705115004288
-0.02893 7259.41709141246 124.014469170396
-0.0263 8440.13440612366 133.70304560046
-0.02367 8831.20459482295 136.748229748535
-0.02104 9004.21961835473 138.063820355611
-0.01841 11720.1659030022 157.495743112452
-0.01578 10790.3983999679 151.100450647809
-0.01315 10583.7986915907 149.627999853736
-0.01052 11306.8635221808 154.635147105727
-0.00789 9859.61718297336 144.381716601757
-0.00526 9567.73812877583 142.210557276359
-0.00263 10548.305235907 149.301287315208
-0 10062.7110268105 145.805767940646
0.00263 9695.41292968484 143.106226194483
0.00526 10528.4510539742 149.113904779315
0.00789 11038.7788005094 152.671136263037
0.01052 8758.40107279426 135.978219541358
0.01315 8447.7089194961 133.532479321499
0.01578 7235.01746340701 123.565642902875
0.01841 5509.81167334995 107.821857798768
0.02104 4470.71131755963 97.1152050863643
0.02367 3733.2189417077 88.7362610915344
0.0263 2276.52330384095 69.2876634168924
0.02893 3216.67836378112 82.3538956562042
0.03156 2372.22740944051 70.7162047450168
0.03419 894.221932236591 43.4134092445981
0.03682 1788.54219558735 61.3919276865453
0.03945 942.796827137406 44.5688230361105
0.04208 1547.77989254919 57.1001352091161
0.04471 915.879341452209 43.919975373469
0.04734 1491.34739847309 56.0393100275228
0.04997 1662.71405329967 59.1660475472469
0.0526 2239.10189456179 68.6532500203401
0.05523 945.491387590666 44.6080616536137
0.05786 419.778575658008 29.7204295705223
0.06049 725.928149099984 39.0797829225859
0.06312 681.554166902882 37.8630750285279
0.06575 767.693830810897 40.1809389162253
0.06838 584.692074519987 35.0630760634405
0.07101 803.712264794906 41.1052274663424
0.07364 995.511529341593 45.7435899900689
0.07627 1538.13133273544 56.8544078970933
0.0789 1525.85658383432 56.621923058231
0.08153 1917.2534031399 63.4640574769857
0.08416 1031.14968303581 46.5381637754355
0.08679 1095.801978736 47.9705537294617
0.08942 1378.59012330703 53.8005319403873
0.09205 1521.64384447165 56.5178698060122
0.09468 1188.48355168476 49.9443250054193
0.09731 2440.54878079378 71.5638310299301
0.09994 2808.72745695979 76.7652914314148
0.10257 2954.89994112227 78.7325090240476
0.1052 4050.43904974819 92.1737267799621
0.10783 4308.75119800217 95.0616168291684
0.11046 4079.2895132735 92.4900769203247
0.11309 4564.88742448009 97.834334904253
0.11572 4617.76643898926 98.3933221198509
0.11835 5675.55135039777 109.075459125386
0.12098 6289.51075660359 114.816638605854
0.12361 5672.74654438651 109.035133064238
0.12624 5527.47400860037 107.623346241664
0.12887 6433.59248895715 116.102955757948
0.1315 6543.59789559611 117.084165758835
0.13413 6630.65220414474 117.853191242302
0.13676 8243.49258449517 131.399043514928
0.13939 8837.00358247674 136.038691459427
0.14202 11013.2146252041 151.858928315234
0.14465 11307.4053937875 153.864385379034
0.14728 11466.7521484915 154.935229605213
0.14991 12749.510708199 163.361632794825
0.15254 12192.9608349177 159.746455898235
0.15517 14345.0620316871 173.261149042223
0.1578 18370.6927843669 196.05867871519
0.16043 23747.9657476997 222.899881314753
0.16306 31383.2459633299 256.223455170635
0.16569 39634.355902685 287.924867057583
0.16832 46874.4495078306 313.101161684621
0.17095 53839.3398269426 335.536495821021
0.17358 60092.5807161569 354.46522838028
0.17621 64344.0451071303 366.767375647433
0.17884 65150.5484575376 369.036105809733
0.18147 65014.531959555 368.628017633517
0.1841 64244.1490840702 366.414969240416
0.18673 65762.2417564468 370.696098324149
0.18936 66172.7559940706 371.828446054414
0.19199 66722.8664194238 373.347832711628
0.19462 65536.1264103883 369.98997292845
0.19725 62271.0195456862 360.633310476409
0.19988 58164.8096447464 348.519711136029
0.20251 55257.9606579563 339.682922342901
0.20514 48865.4829910298 319.415862203521
0.20777 41778.0982411062 295.330844854148
0.2104 33238.7154290512 263.41207585881
0.21303 26188.5363572956 233.802024542168
0.21566 22382.3873351555 216.134922331746
0.21829 18918.4999895408 198.698310836656
0.22092 17988.888869716 193.745702337102
0.22355 12994.7724073589 164.661977936485
0.22618 11293.366194487 153.496958033127
0.22881 9323.95691154991 139.465655850848
0.23144 8593.67627891503 133.886168788541
0.23407 7487.83117627706 124.969293319043
0.2367 6992.86792889315 120.762480670055
0.23933 4677.46504048773 98.7617339930765
0.24196 5192.91315819892 104.056215780869
0.24459 4772.62391572909 99.7516685976507
0.24722 4496.92472455055 96.8229775182366
0.24985 4427.67690630268 96.0699681723562
0.25248 3524.77602442404 85.7125680158805
0.25511 3438.27342814252 84.6502034485379
0.25774 3301.62988976076 82.9470698741955
0.26037 3294.42236869985 82.8524865364361
0.263 3434.33574460465 84.5894757266191
0.26563 3824.15228598292 89.2568582308885
0.26826 2697.8883790205 74.9661213974317
0.27089 2976.89012072263 78.7432797960771
0.27352 2937.86995061233 78.2217312029767
0.27615 3702.87660036179 87.8131992696534
0.27878 4745.01020603754 99.4003226486239
0.28141 5268.23910818412 104.732385097536
0.28404 5288.05122979994 104.924067027365
0.28667 4021.47497859681 91.4953466671388
0.2893 4890.41191714793 100.892311557267
0.29193 4134.09662430404 92.7587081280707
0.29456 5970.79433930927 111.470375064278
0.29719 6178.77516825109 113.389705313597
0.29982 7110.31571827791 121.631543148158
0.30245 8749.3112608117 134.918521536841
0.30508 8499.89539966787 132.976315388595
0.30771 8775.94905062758 135.113086195321
0.31034 10884.4275071232 150.465185457735
0.31297 10962.6275843656 150.998773569228
0.3156 11508.4404393891 154.706010107789
0.31823 11138.3948563999 152.192450913653
0.32086 11974.1106602376 157.792477911577
0.32349 13445.721960222 167.201273384612
0.32612 12800.8842934565 163.13620570674
0.32875 14152.9215031975 171.528493090741
0.33138 15109.8243746878 177.225325400764
0.33401 15034.5351728416 176.776253904809
0.33664 14372.6915257332 172.834653870445
0.33927 14063.0486811541 170.95600436514
0.3419 14275.3506277385 172.234780639829
0.34453 13185.2035326241 165.521238562089
0.34716 12523.3336494957 161.306967508888
0.34979 12245.9830780379 159.504455908718
0.35242 13445.4111525646 167.126714725094
0.35505 11435.8551258274 154.12603062528
0.35768 9428.52166016135 139.941430863095
0.36031 9871.27540603882 143.183831269505
0.36294 10038.4179088968 144.385245321795
0.36557 8191.8805471388 130.42619300292
0.3682 9523.80264593462 140.624515127745
0.37083 8146.40358442059 130.053377647531
0.37346 7873.33933583199 127.85007553368
0.37609 7380.16510606349 123.776264232978
0.37872 6602.38103261425 117.067798307093
0.38135 6875.27107295869 119.457905680529
0.38398 7891.54765803511 127.977581629586
0.38661 5783.63523374141 109.555977235479
0.38924 5463.77920389337 106.479259241801
0.39187 5543.12150776547 107.245349719258
0.3945 3903.45136146124 89.9929472079016
0.39713 4500.9642888614 96.6317154373281
0.39976 4788.55237472305 99.6672925723678
0.40239 3930.26512996773 90.2916399300921
0.40502 2973.42313202798 78.532794342357
0.40765 3334.33185952327 83.1597507545427
0.41028 3273.85012654136 82.3994360045179
0.41291 2824.35882432786 76.5316102475719
0.41554 1496.60613036917 55.708408011671
0.41817 2158.66172413669 66.9029633966218
0.4208 1491.05239438565 55.6013814684237
0.42343 1978.36384131186 64.0439754753962
0.42606 1547.878275922 56.6473595102705
0.42869 2032.15671396603 64.904668276839
0.43132 1620.01825720961 57.9486546751988
0.43395 1111.89622195299 48.0066716409642
0.43658 1250.70683865729 50.9135403112637
0.43921 834.404172009415 41.5843418765284
0.44184 1069.66992710361 47.081745531379
0.44447 769.574433056522 39.9336530814971
0.4471 2038.39821264883 64.9896655196489
0.44973 982.629601180592 45.1212132869186
0.45236 751.179449852804 39.4497047050695
0.45499 1474.66068318264 55.2718520573963
0.45762 1017.13266048362 45.9021285149116
0.46025 570.044611749286 34.3624803319196
0.46288 1332.96720621341 52.5443314450448
0.46551 1751.5968369366 60.2308884865729
0.46814 1065.27344937328 46.9698095753536
0.47077 2086.67956535318 65.7358348941976
0.4734 1713.05193872987 59.5587562222303
0.47603 1498.76527011953 55.7074419814431
0.47866 819.634425252871 41.1948145882895
0.48129 1253.47749004782 50.9420921114422
0.48392 2656.09647804818 74.1526163956278
0.48655 2706.9188198263 74.856276434802
0.48918 3737.61793280099 87.957748556777
0.49181 2550.54288470582 72.6572595536652
0.49444 4021.99136641204 91.2366458483123
0.49707 4992.48011038245 101.64662428531
0.4997 3974.70115449346 90.6928548059869
0.50233 4305.83926533566 94.3923688881719
0.50496 6262.28882073807 113.831742722284
0.50759 5287.08714834775 104.59090753773
0.51022 3917.38437439012 90.0269731187297
0.51285 4761.85501346464 99.2547950779393
0.51548 6808.80596391356 118.682790544702
0.51811 6420.20580763226 115.243277731683
0.52074 6217.29444252022 113.404607717828
0.52337 5960.03331543031 111.030726648317
0.526 5827.74796743381 109.78880907115
0.52863 4835.77985307785 100.006863886915
0.53126 4326.96190141844 94.5969070938702
0.53389 3596.80483467545 86.2447547053252
0.53652 4451.40007064574 95.9425863041097
0.53915 2819.64007164098 76.3569893334882
0.54178 2808.61944413826 76.2056654672471
0.54441 3160.72476005409 80.8393850294968
0.54704 2120.73728306556 66.2158483911918
0.54967 2190.90558889159 67.3006398896172
0.5523 3073.02615334959 79.7038572086861
0.55493 1491.34999735591 55.5232460858597
0.55756 1318.24294404957 52.2001361160944
0.56019 1388.51209892868 53.5719666015471
0.56545 323.764710488459 25.8675444168419
0.56808 920.023855435303 43.604251753133
0.57071 215.067536002937 21.0816971012024
0.57334 150.119522397067 17.6126851286516
0.57597 1724.02951557613 59.6854092993363
0.5786 309.504335614249 25.2882071323868
0.58123 1018.66937563073 45.8764854332059
0.58386 1940.12225238076 63.3106693624453
0.58649 459.642645354159 30.8149421135038
0.58912 1600.33442847876 57.4970302717888
0.59175 1771.32373282663 60.4892014283744
0.59438 674.033554007573 37.3128548459218
0.59701 674.60719356321 37.3277698478011
0.59964 586.541473061049 34.8052503091341
0.60227 390.285267048728 28.3906700101844
0.6049 580.025463492849 34.6096626696255
0.60753 840.600945960204 41.6637202437552
0.61016 923.819551647306 43.6763116446619
0.61279 523.081204678008 32.8644380604723
0.61805 791.341242811753 40.4205385241743
0.62068 1310.82361108012 52.0213469452112
0.62331 874.905301690255 42.4990535832411
0.62594 1401.05678421531 53.7793900692558
0.62857 218.22989136391 21.2243495952798
0.6312 425.489626888884 29.6354160482582
0.63383 893.491791585786 42.9438612749599
0.63646 1836.76373091738 61.5703641527162
0.63909 2248.73372867472 68.1245047354573
0.64172 116.608737389417 15.5127628521585
0.64435 118.751575373313 15.6542606994122
0.64698 992.045531016571 45.2447236104563
0.64961 775.291629641663 39.9966805075757
0.65224 1720.99092954305 59.5895294129941
0.65487 2705.67327492227 74.7149661880466
0.6575 2853.5978347572 76.7282997030448
0.66013 1336.09729653831 52.5009903441979
0.66276 1925.20331723464 63.0196541412002
0.66539 1287.54953923786 51.5357914128942
0.66802 2900.35039296774 77.3466432499233
0.67065 3113.8839076271 80.1413594110315
0.67328 2841.00757086334 76.5474894223632
0.67591 3943.80513114713 90.1865427315372
0.67854 3414.40683240454 83.9133204953202
0.68117 2855.75700110143 76.7402405655052
0.6838 2028.1524034791 64.6698839835102
0.68643 1911.05949692463 62.7737609887
0.68906 3197.9637139346 81.2020638592662
0.69169 2456.71937231464 71.1700601257178
0.69432 1628.04053710025 57.9350545084801
0.69695 1286.04119230236 51.4903100750526
0.69958 1160.76938978334 48.9170541232395
0.70221 788.860355373182 40.3254450295271
0.70484 405.696463888473 28.918239248754
0.70747 339.206250153283 26.4420602040282
0.7101 1051.69931951874 46.5587481220578
0.71273 1563.57776210882 56.7684937862753
0.71536 1161.93336493416 48.9362144708453
0.71799 858.61688967968 42.066037384371
0.72062 1464.29086223215 54.9335538558857
0.72325 613.822891417445 35.5662183207024
0.72588 268.083274292934 23.5040736241514
0.72851 441.206244406042 30.1523547209473
0.73114 63.6901944061255 11.4558897297525
0.73377 459.057968317829 30.7551911881416
0.7364 533.942316742541 33.1683574524134
0.73903 1448.92611857904 54.6376539270271
0.74166 856.363227059203 42.0039424952324
0.74429 268.278644130355 23.5096535448702
0.74692 390.981830329326 28.3807319974136
0.74955 1260.84831118557 50.9646272753379
0.75218 1917.60722792592 62.8505941361424
0.75481 1842.53335224935 61.6069010981248
0.75744 1162.13351430018 48.926238026741
0.76007 1123.56611351705 48.1066652809016
0.7627 692.415016541608 37.7642880146461
0.76533 304.932521731103 25.0606343591744
0.76796 1447.6017515813 54.6017877358136
0.77059 640.108996391775 36.3079227295871
0.77322 579.496142094597 34.5455280784116
0.77585 543.025354730707 33.440190236904
0.77848 198.659333210809 20.2257807882893
0.78111 664.400145046208 36.9877396473371
0.78374 835.035996845739 41.4655714294734
0.78637 1120.28196756416 48.0275963140194
0.789 164.221429296039 18.387988156292
0.79163 116.853677856635 15.5107435296652
0.79426 534.591719715023 33.1752847957007
0.79689 228.184190174173 21.6739687652617
0.79952 807.540256618407 40.7727383288727
0.80215 651.237130825608 36.6142214230532
0.80478 252.926713013092 22.8176240445862
0.80741 432.53944386242 29.8386226591942
0.81004 914.45748862157 43.3850914499556
0.81267 1204.6735930668 49.7950640234718
0.8153 714.106652238327 38.3376935852663
0.81793 247.398170908211 22.5650098436687
0.82056 1089.30747476114 47.3484066903354
0.82319 965.003996666238 44.5643447659467
0.82582 1824.792584809 61.2805373686792
0.82845 923.96933602251 43.6051145801523
0.83108 372.761680341245 27.696004718826
0.83371 449.680955351436 30.4191155585132
0.83634 1428.89136990472 54.2234045948752
0.83897 279.876589798247 23.9973509824047
0.8416 884.314275472469 42.6556117734123
0.84423 1261.72879761866 50.9505298835449
0.84686 646.4629039079 36.4695447093896
0.84949 1049.58804162592 46.4687311314923
0.85212 838.566146680988 41.5348722653758
0.85475 675.966459848803 37.2906221697148
0.85738 1801.7764915679 60.8808002803026
0.86001 2038.9635496529 64.763075454192
0.86264 1930.28267478611 63.0124009962831
0.86527 2306.81739170896 68.8834703122015
0.8679 1488.32165458774 55.3285958117515
0.87053 170.162409655997 18.7079370250583
0.87316 411.406890520608 29.0885922548123
0.87579 630.758569662464 36.0173155325819
0.87842 1301.96376076136 51.7454354349379
0.88105 33.3287551373599 8.27894468610968
0.88368 751.49213236121 39.3115791971508
0.88631 201.835083786844 20.3727397460918
0.88894 62.9547298681593 11.3777955653356
0.89157 634.112252393071 36.1093650695975
0.8942 106.906324194898 14.8262498317189
0.89683 908.376972459835 43.2170888411626
0.89946 1153.65328204496 48.7026888384426
0.90209 18.5518892202269 6.17593457150707
0.90735 127.143173764573 16.1674606459555
0.90998 686.284496689348 37.561308991613
0.91261 382.966398152861 28.0583608257243
0.91787 80.1150741218918 12.8329278252667
0.9205 81.5888225932865 12.9502246033988
0.92839 659.761084504827 36.8243695832595
0.93628 30.6797018143861 7.94049439224547
0.93891 120.84362866711 15.7589467899518
0.94154 123.066594078575 15.9029881320457
0.94417 74.8686650566408 12.4037219570387
0.9468 1273.40361319583 51.1538528740107
0.94943 456.355001483375 30.6224582817264
0.95995 173.122900021673 18.8598934303729
0.96258 687.140498794158 37.573191003968
0.96521 302.748704723605 24.9396173736698
0.96784 790.896706036172 40.3089842532612
0.97047 1129.47580530652 48.1696808416131
0.9731 394.981135978725 28.4850385351095
0.97573 434.239754708914 29.8666667082559
0.97836 1070.95965217714 46.9031327284542
0.98099 862.183512340026 42.0831736051307
0.98362 1501.46345725129 55.5340492214049
0.98625 14.8442628635551 5.52172286923139
0.98888 897.665154396068 42.9383944702194
0.99151 465.232048651551 30.911263708286
0.99414 227.979953977186 21.638323455681
0.9994 215.76133048715 21.0498372437454
1.00203 549.302800943225 33.5862160699129
1.00729 237.224041832749 22.0708475824006
1.00992 799.398435922532 40.5147863276612
1.01255 390.114902350867 28.3022146505766
1.01518 3.71215179418454 2.76076383740705
1.01781 224.435463067878 21.466160813682
1.02044 1332.92949213232 52.3123789343708
1.02307 1607.85526666643 57.453514644392
1.0257 477.228134326772 31.3002918836464
1.02833 1233.0606410681 50.3117968869423
1.03096 922.603822178715 43.5188567605926
1.03359 747.19807326293 39.1633620071291
1.03622 872.046214045216 42.3081550982895
1.03885 1098.88371149101 47.4922173738667
1.04148 394.940445432907 28.4711248712672
1.04411 555.503081997158 33.7655865043023
1.04674 1350.53356589009 52.6472866643665
1.04937 1599.26804421524 57.2896504499047
1.052 1939.93141265341 63.0958754720659
1.05463 528.764958481457 32.9405886806611
1.05726 246.936218995172 22.5104750197093
1.06252 77.9462030208329 12.6466128382422
1.06515 561.052479529665 33.92897369597
1.06778 256.005861147761 22.9184990956735
1.07041 827.391258622254 41.2011104287301
1.07304 114.641668288841 15.336171045975
1.08093 461.210953491342 30.759000124923
1.08356 1268.32677390505 51.007052076641
1.08619 934.329518086505 43.7781006843162
1.08882 821.319285722922 41.0445149494192
1.09145 337.184573264929 26.2981502156319
1.09408 1246.74631947291 50.5676343036696
1.09671 1275.84821171136 51.1534970765021
1.09934 1174.74740837513 49.0840407245474
1.10197 1082.43041448516 47.1153976206951
1.1046 132.545375966776 16.4869472073011
1.10723 711.111385585532 38.1875557793683
1.10986 297.821327549125 24.7130320604946
1.11249 303.302317942785 24.9391179196259
1.11775 367.761159940575 27.4609989798441
1.12038 71.9111856387982 12.1430201328025
1.12564 94.9180928887321 13.9506090843086
1.12827 178.6231004693 19.1373838362688
1.1309 304.180708262981 24.9732277290719
1.13353 234.526118290202 21.9280261263075
1.13616 534.550189466027 33.1049749936062
1.13879 23.5881584918507 6.95410312598181
1.14142 24.0222658504463 7.01772232899489
1.14405 713.530696663824 38.2464045489937
1.14668 1089.97695524546 47.2702641576767
1.14931 370.729914522081 27.5678739426729
1.15457 479.986275086414 31.3674376145666
1.1572 727.404662278257 38.6142639258776
1.15983 1100.52020384332 47.49564801938
1.16246 1519.12518374852 55.8016031456885
1.16509 670.641484842086 37.0757707872782
1.16772 466.528589871595 30.9228276298212
1.17035 340.105503447989 26.4023135439071
1.17561 674.953005321354 37.1930757848612
1.17824 147.150359608275 17.3660512135323
1.18087 136.08780015989 16.7003316797361
1.1835 1547.1623794395 56.3090932659087
1.18613 1750.59657869262 59.8961226347033
1.18876 796.267899325362 40.3952556895722
1.19139 761.243728920475 39.4964176942563
1.19402 637.935630990915 36.1559151542834
1.19665 1203.34434254525 49.6570567216124
1.19928 568.074099441053 34.1180022792169
1.20191 267.688749069516 23.4202282477714
1.20454 603.413467466995 35.1623916225818
1.20717 1582.79759832841 56.9479954042105
1.2098 893.070869577262 42.7763332589009
1.21243 495.327078176813 31.8567502322556
1.21506 159.039707936634 18.0510746651545
1.22032 120.502637037915 15.7122448378282
1.22295 726.450167718575 38.5778232311679
1.22558 803.450394918056 40.5703898403893
1.22821 704.322147145664 37.9848277082839
1.23084 78.1979141247465 12.656595911671
1.23347 44.8729289725786 9.58752216160731
1.2361 418.399866707977 29.2755310703886
1.23873 1098.49182476496 47.4353674706984
1.24136 1057.41555050247 46.5394817127327
1.24399 157.070733948118 17.9366433876516
1.24662 284.150547584332 24.1247391834488
1.24925 202.776967452133 20.3794533729739
1.25188 340.567267171734 26.4106756727587
1.25714 748.239872841412 39.1460696765916
1.2624 526.05256298517 32.8225253282489
1.26503 371.467934711614 27.5811853913082
1.27029 27.1024197774479 7.44982336226502
1.27292 594.875542503597 34.9019617748578
1.27555 480.578308689003 31.3699411240455
1.28081 130.74522644108 16.36191834758
1.28344 595.166096536661 34.9088250277778
1.28607 56.328916523376 10.7393173870651
1.2887 907.434508848678 43.1035920085199
1.29133 812.565138697515 40.7877500913024
1.30185 350.304520758456 26.7795525074404
1.30448 514.514628999417 32.454493619881
1.30711 160.666240994786 18.1356789506785
1.315 244.07918715574 22.3523640994111
1.31763 248.571630826755 22.5568991749557
1.32289 812.485324104426 40.7804897376957
1.32552 467.227418982467 30.924619401327
1.33078 417.362083309535 29.2272365734756
1.33341 753.986289046695 39.2833495464181
1.33604 337.173463846016 26.2693307646565
1.33867 530.466317241329 32.9493422497636
1.3413 190.530409279272 19.7467451353804
1.34393 270.325058063119 23.5207979311417
1.34656 455.597769479152 30.5348099011838
1.34919 236.597637490907 22.004178297844
1.35182 692.59301870843 37.6473607552194
1.35445 358.52764321531 27.0864650928348
1.35708 266.367262486303 23.3467782891658
1.35971 104.282588538978 14.6079059449189
1.36497 26.0530916274289 7.30134298076732
1.3676 62.4561907700991 11.304630970785
1.37023 519.205751465355 32.5937190279046
1.37286 228.579244569437 21.626094344398
1.37549 1354.11092255454 52.6359352390583
1.37812 641.799598822991 36.2368526842115
1.38075 478.215030954558 31.2793620831569
1.38338 1371.99430155631 52.9807322295757
1.38601 316.777839852008 25.4574397820513
1.38864 216.08323329617 21.0253575307467
1.39127 358.680332963576 27.0883257194279
1.3939 405.860394342372 28.8145766494222
1.39653 374.857042061586 27.6918690659928
1.39916 339.671403675272 26.3599678968718
1.40179 739.863394587928 38.9034532883527
1.40442 807.619446499431 40.645527658337
1.40705 217.951504072015 21.1147681112836
1.40968 286.912027949835 24.2257793613581
1.41231 391.185031482722 28.2872997797789
1.41494 100.812878719794 14.3600312750618
1.4202 215.762345767214 21.0077336617692
1.42283 568.097052793599 34.0878525023814
1.42546 418.867979712592 29.270082976444
1.42809 332.532792759529 26.0795210345453
1.43072 306.179901825001 25.0246325662181
1.43335 974.559848235755 44.6458016614688
1.43598 1011.02527935281 45.473080330462
1.43861 362.583881785663 27.2316911188496
1.44124 290.688467185938 24.3826702102346
1.44387 251.049046106732 22.6591518498576
1.4465 216.90188284459 21.0616805502763
1.45176 727.680856655461 38.5767673519943
1.45439 150.988023630196 17.5720975424852
1.45702 835.567687443682 41.3371158266973
1.45965 61.6986125800562 11.2326971678961
1.47017 323.469303356281 25.7188105966092
1.4728 528.472440603191 32.8732402341919
1.47543 805.809867377335 40.5923906949321
1.47806 698.740990546853 37.7992730625894
1.48069 1354.99766963288 52.6370581814
1.48332 150.064520435611 17.5169441406347
1.48595 595.226983334459 34.8865188720402
1.48858 308.994554492469 25.1355701626195
1.49121 273.509629844888 23.6481208771291
1.49384 423.968165492681 29.4424500738498
1.49647 846.983654274249 41.6142273389823
1.4991 407.081139709137 28.8497337346663
1.50173 284.06862493761 24.0996060681093
1.50436 610.310500407121 35.3240679932674
1.51225 597.93166477987 34.9632674939842
1.51488 455.652111123774 30.5210809985886
1.51751 244.846802102832 22.3731646008257
1.52014 742.196667899289 38.9526206528193
1.52277 501.916069294832 32.0324172576536
1.5254 1039.89755784471 46.1069531005404
1.52803 118.713324817686 15.5782209817997
1.53066 120.899133298787 15.7208745131527
1.53329 130.861985026242 16.3556888752343
1.53592 209.561637523562 20.6973603888354
1.53855 77.6948490002381 12.6023682228114
1.54118 76.3066814933141 12.4891912512263
1.54381 613.404403914693 35.4097987743049
1.54644 1161.66930460585 48.7290844958973
1.54907 627.457318720623 35.8126180544514
1.5517 324.959691695844 25.7724499207818
1.55696 57.4848141938231 10.839555801968
1.55959 58.5432529143071 10.9388162087232
1.57537 37.0786550532368 8.7051402364672
1.578 18.9919344856247 6.23010502505946
1.58326 516.958676960393 32.5036881079873
1.59115 109.835526964316 14.9819066941076
1.59378 689.721174228999 37.5430393713892
1.59641 151.42054366392 17.5906557855277
1.59904 809.755540161836 40.6783729942562
1.60167 530.179840979925 32.9151392597375
1.6043 705.08611178638 37.9579884949781
1.60693 144.504927396814 17.1838888822567
1.60956 147.166326122117 17.3413286807
1.61219 1496.15079162467 55.2921970353025
1.61482 1259.22401341014 50.7254233288965
1.61745 464.498565972468 30.8080626155818
1.62008 256.281120443386 22.8838200753045
1.62271 397.765441294994 28.508985253627
1.62534 139.283137037716 16.8700171110545
1.6306 531.116425260139 32.9425455592872
1.64375 310.740383174002 25.1971386875607
1.67268 932.155335086273 43.638992644882
1.67531 124.316149676425 15.9364786392288
1.67794 313.437169332701 25.3047386020986
1.68057 782.193089158091 39.9743685247368
1.6832 955.610004994769 44.1837920436555
1.68583 531.108216772614 32.939133456821
1.68846 908.829061305571 43.0883416858862
1.69109 670.654245321792 37.0140010989383
1.69372 214.356922959652 20.9258673999144
1.69635 218.304810170471 21.117591367074
1.69898 81.8965713488625 12.9343201605011
1.70161 424.663435697545 29.4531219794348
1.70424 421.016017253124 29.326245612055
1.70687 74.8253058210257 12.3631649955092
1.7095 6.66292445914234 3.6892332696223
1.71213 6.7856453722337 3.72303833426363
1.71476 318.42312026606 25.5036583564594
1.71739 451.869263890958 30.3811943319936
1.72002 152.535981084201 17.6515500456062
1.72265 23.021200293425 6.8573913748885
1.72791 645.981956541742 36.3246687163347
1.73054 349.635804224303 26.7237669031551
1.73317 70.3770427342911 11.989566711189
1.7358 58.8993918423301 10.9683586671558
1.74106 456.02320943583 30.5194164057942
1.74369 952.587920493338 44.1096430093663
1.74632 74.5028704694118 12.3357559093222
1.75421 261.804234294162 23.1239683952558
1.75947 78.41378551282 12.655134262885
1.7621 79.8580478280265 12.7710953699311
1.76473 429.303806515088 29.6107514861181
1.76736 207.894367409375 20.6056670274458
1.76999 211.723464489924 20.7944801889177
1.77262 216.582810538487 21.031673039786
1.77525 4.18314936971993 2.92288528991174
1.79103 985.976189299322 44.8727656112324
1.79366 399.839869144199 28.5753085138298
1.79629 43.996833938848 9.47887614326462
1.79892 454.253443021646 30.4574476220013
1.80155 1167.50661716231 48.8283740348342
1.80681 175.090238738235 18.909009604212
1.80944 776.24857031645 39.8140021374409
1.81996 533.500568900986 33.0060328144061
1.82259 324.394609651789 25.7371415956596
1.82522 16.221261652815 5.75523982586235
1.83837 121.666786573989 15.761414760019
1.841 54.1403230285226 10.5139816214371
1.84626 879.947370854366 42.386774372959
1.84889 714.51814866503 38.1949780348714
1.85415 481.025508649372 31.3385510575797
1.85678 963.257931958453 44.3469513511842
1.85941 207.331096661633 20.574169252471
1.86204 486.060847644361 31.5016294769681
1.86467 517.162009562922 32.4936590706948
1.8673 717.389094735796 38.2701628941291
1.86993 355.266837013954 26.9313344577842
1.87782 52.3271852404944 10.3356326475576
1.88571 23.5102394982359 6.92779046782247
1.88834 107.914563479033 14.8423906989267
1.89097 104.01353495452 14.571570820945
1.8936 18.8364000526064 6.20094685056004
1.89623 235.998982269097 21.9488481625717
1.90149 265.080795998782 23.2616979775693
1.90412 269.963437044269 23.4748711579107
1.91201 57.0101135638539 10.7875317213159
1.91464 58.0602081826011 10.8863900418285
1.91727 244.179778930314 22.3253310388788
1.9199 248.677434774382 22.529923225865
1.92253 358.293246684389 27.0432757698044
1.93305 412.693473014711 29.0233566406962
1.94094 193.818168326273 19.8896192872925
1.94357 81.6138813106476 12.9065362919058
1.95146 614.370878441289 35.4110162830835
1.96461 106.941891409057 14.7737017034636
1.96724 108.911701526012 14.9090897806218
1.98302 644.545032757845 36.2686398805187
1.98565 14.5090065383146 5.44154139806686
1.98828 8.55404223125552 4.17818107187751
2.01458 34.8756954035354 8.43629497778212
2.01721 35.5182040175676 8.5136344718075
2.0251 485.588122395673 31.4790108309629
2.02773 274.889753555902 23.6845701987693
2.03036 18.6235027163631 6.16475892563261
2.03299 178.295482008872 19.0745704490396
2.03562 1476.92775528829 54.8988701069107
2.03825 1139.00109028828 48.2108771044321
2.04088 194.904499046706 19.9431188577365
2.04351 322.227458023363 25.6426320585185
2.04614 328.163796016876 25.8777101538302
2.04877 684.062022000889 37.361769208326
2.0514 587.338781366873 34.6196932177521
2.05403 64.1136761411919 11.4380870746821
2.05666 65.2948307601159 11.5429454098411
2.05929 449.018680352486 30.2697356845513
2.06192 186.355036774934 19.5005191931906
2.06981 180.796845563401 19.2073999280534
2.0777 47.5679514849028 9.85207994054945
2.08559 397.609679140007 28.4837210877559
2.08822 16.8569090072356 5.86484318501393
2.104 635.290311872453 36.0038889428071
2.10663 300.741085364114 24.7719020487282
2.1303 214.877264534952 20.9389686002859
2.13293 218.83640606543 21.130973954612
2.13556 142.097364313713 17.0275598164518
2.13819 144.71552672147 17.1836984838653
2.14345 459.336886707667 30.6142829015561
2.14608 311.143395253216 25.1963944504961
2.15397 757.728151178775 39.3200302380661
2.1566 63.842623324792 11.4133246124808
2.16449 88.1229153898096 13.4091195322747
2.16712 89.7465915581651 13.5320779638918
2.16975 158.542210145432 17.985712169633
2.17238 161.463370970506 18.1506368653585
2.17501 280.182252797861 23.9097396616231
2.17764 341.108721090249 26.381569125354
2.18027 56.7915341826622 10.7645452431853
2.1829 220.232016510144 21.1979464202992
2.18553 224.289820031801 21.39232653859
2.19342 279.412607704688 23.876752831601
2.19605 257.539482549414 22.9231264089455
2.20657 582.754342207677 34.4819767083121
2.2092 706.30615422349 37.9616435628288
2.21709 518.261443402103 32.5177368755677
2.21972 561.727241769703 33.8538232406905
2.22235 572.075667365337 34.1641668372167
2.22761 186.345574127317 19.4985299950038
2.2355 61.1298259740876 11.1677648262218
2.23813 588.210030101644 34.6421637210555
2.24602 394.422362484337 28.367228855911
2.24865 163.764027775891 18.2786669512077
2.25128 247.799062088225 22.4845505152028
2.25391 252.364142678706 22.690670103855
2.25654 123.026523538314 15.8428018535785
2.25917 569.058151745881 34.0729750934544
2.2618 1105.97868906737 47.5011613127619
2.26443 666.087275951606 36.8634122966983
2.27232 25.7874839994027 7.25323587436151
2.27495 135.574236465679 16.6308717895288
2.27758 111.325477794914 15.0703324364711
2.28547 48.6054012394345 9.95784048891426
2.2881 10.6509956102532 4.66140801390962
2.29073 7.51650982065575 3.91587884907228
2.29336 7.654982792791 3.95177635634005
2.30914 34.1421468534092 8.34575241759159
2.31177 298.383379441395 24.672201383294
2.3144 562.880993628261 33.8867081577088
2.31703 79.8239503645409 12.7611026341134
2.31966 39.7075027686954 9.0003289763317
2.32229 140.375536278414 16.9226477198197
2.32492 81.1778148350767 12.8689105172385
2.32755 82.67384172191 12.9869648587243
2.33281 27.651917353552 7.51081797902276
2.33544 581.198892479524 34.4340023087131
2.33807 141.440162177015 16.9868163365775
2.3407 551.348764994995 33.5381671238308
2.34333 515.071276615881 32.4160646981605
2.34596 321.121994898027 25.5954137473862
2.34859 223.047300956789 21.3317319107208
2.35385 64.9629368332274 11.5122831348828
2.35648 66.160139542249 11.6178923077679
2.36963 719.057553414663 38.3012971191464
2.37226 892.679417147427 42.675627871761
2.37489 312.497959367831 25.2497018801471
2.37752 595.206817520854 34.8471378664455
2.38015 365.76800615988 27.3172215957439
2.38278 122.999966872846 15.8411486210507
2.39067 278.794843536451 23.8494324820806
2.3933 283.932756888702 24.0682178253421
2.39593 116.57106989069 15.4216938753524
2.40119 358.56400311914 27.0471220929296
2.40908 112.918510087115 15.1782706851562
2.41171 114.999574366492 15.3175218801507
2.4196 56.0954206614945 10.6980864718244
2.42223 57.1292474082376 10.7962347622351
2.46168 1.43637663652182 1.71193498199122
2.46694 180.221844445147 19.1760058207985
2.46957 183.543294916141 19.3519337456497
2.4722 158.460913613004 17.981124710371
2.49324 12.3263679589605 5.01508951830566
2.49587 12.5535403118703 5.06109984448817
2.5248 405.720142199462 28.7720435109006
2.52743 137.156476383771 16.7288078756527
2.54058 43.2367415957314 9.39248179530536
2.54321 6.4014174875718 3.61402680381677
2.54847 397.763095803662 28.4881571656821
2.56162 98.5686444963846 14.1813819682604
2.56425 100.384661792526 14.3114043570135
2.56951 98.9698465029525 14.2101558338573
2.57477 103.479502079858 14.5302597215558
2.5774 763.521276957468 39.4690064340363
2.58003 272.756495974868 23.590252154956
2.58529 570.810053645317 34.1263356842511
2.59318 26.4039439308788 7.33966912341211
2.60107 8.17621032570692 4.0842901720348
2.6037 89.5358498699367 13.5157207826033
2.60633 780.445183784523 39.903602231289
2.61159 707.422231700437 37.9909882141669
2.61422 1199.82230298686 49.476602890751
2.61685 113.832111393417 15.2396141900558
2.62211 30.1599973517177 7.84436086859127
2.62474 157.337643079426 17.9167157743927
2.62737 259.846016986405 23.0250342758993
2.63 443.99223438935 30.0974782656311
2.63263 316.41463789794 25.4080230538992
2.63526 133.146550802119 16.4819169277734
2.63789 135.600101554888 16.6330899903699
2.64052 511.774886191414 32.3133946023387
2.65367 59.5183206048473 11.0196874999843
2.6563 60.6150911889106 11.1207606891497
2.66156 1009.96744859132 45.3939672814158
2.66419 249.374319625927 22.5564362374058
2.66682 385.387130535604 28.0409933353241
2.66945 1.05025903375889 1.46383852370463
2.67208 421.474269632801 29.3245031056185
2.67734 536.965475402955 33.0992877450019
2.67997 148.092524427267 17.3824986379321
2.6826 339.526880186916 26.3198182795847
2.68523 182.541889736995 19.2986640151699
2.69838 76.7973710812832 12.5175690732813
2.7089 18.7160285913007 6.17949714782341
2.71153 179.90801416838 19.1589335565776
2.7352 439.103684136339 29.9314481128698
2.73783 131.392358293699 16.3730290562001
2.74046 309.286094663219 25.1202505270679
2.76413 135.68176861831 16.638057813864
2.76676 182.946107135302 19.3198280866182
2.76939 675.423676333335 37.1218491582452
2.77728 138.881160591332 16.8330378813762
2.77991 313.147135221319 25.2763781427292
2.78254 695.025916823815 37.6565832783112
2.78517 451.946769551396 30.3657383899755
2.7878 278.142281855627 23.8217410684861
2.79569 5.42141168144389 3.32579562305715
2.79832 177.77165385907 19.044536633378
2.80095 211.124956905166 20.7543305672806
2.80358 1001.87218357992 45.211079953062
2.80621 243.528826794734 22.2901858172844
2.80884 87.9963058703598 13.3989417739811
2.8404 270.684241762177 23.4999594783808
2.84303 275.671765388607 23.715459803306
2.85092 48.3805221011979 9.93504909923113
2.85355 50.5770644812623 10.1580730303886
2.85618 1.32914880421707 1.64672509023789
2.86144 309.485532807458 25.1277749759795
2.86407 399.670648807813 28.5551709668492
2.87722 45.3759898477613 9.62156210749617
2.87985 46.2120703664628 9.70979416419611
2.88774 115.637042332589 15.3596081002777
2.89563 200.315606041742 20.2156810379052
2.89826 204.006544273572 20.4010637329616
2.90878 541.051845757219 33.223821404185
2.91141 962.511461104091 44.3131844398353
2.91404 898.483293986651 42.8139081015296
2.92456 30.2359537558234 7.85400475766253
2.92719 30.7930818094069 7.92603097657328
2.94297 290.634941581173 24.350185958615
2.95612 61.9167430027021 11.2391052644567
2.95875 63.057621665994 11.3421750079435
2.96664 35.1007568414447 8.46224085313417
2.97716 165.470118236673 18.3732669383192
2.97979 319.379134581271 25.5258216022921
2.98242 345.772934686632 26.5596178154657
2.98505 405.534692866397 28.7633982013529
2.98768 213.728229454865 20.8812741211157
2.9982 434.506896009679 29.7730853118355
