-0.19725 111.465097894552 15.3026573993332
-0.19462 986.422096940975 45.5243377491506
-0.19199 721.712395235061 38.941184526215
-0.18147 524.480610896001 33.200996992404
-0.17884 708.750576528196 38.5965022508214
-0.17621 139.184465501247 17.104541957898
-0.17095 826.924453201938 41.6944873427058
-0.16043 552.896158134035 34.0978350342463
-0.15254 186.012339062647 19.7797300106091
-0.14991 1021.90028302992 46.362683048932
-0.14728 1296.99194672209 52.2333354120173
-0.14465 1843.89458756471 62.2819183789114
-0.14202 345.181068431205 26.9483535578199
-0.13939 310.09982884208 25.5431427500702
-0.13676 1473.6245016135 55.6841760781368
-0.13413 713.00394388391 38.73460754985
-0.12098 576.28827992432 34.8294917717125
-0.11835 967.361158277469 45.1269906779859
-0.11572 562.234824010381 34.4045377562827
-0.11309 749.478366281482 39.7238389036902
-0.11046 479.234545585476 31.7658531161454
-0.10783 718.984599375151 38.9099848682192
-0.1052 738.845160302604 39.4450750068572
-0.10257 596.713499788607 35.4498010533015
-0.09994 430.046334737125 30.0956200725448
-0.09731 1472.5012752376 55.6917394725037
-0.09468 992.694055185099 45.7286166812692
-0.09205 1501.14548297713 56.2353178493714
-0.08942 202.812465291255 20.6710478305442
-0.08679 305.188246432171 25.3580864364682
-0.08416 774.423228034562 40.3960746457866
-0.08153 454.871971825979 30.9607856555344
-0.0789 1271.09750013352 51.757610532337
-0.07627 1740.95864260689 60.575417167506
-0.07364 889.913910453382 43.310538482556
-0.07101 898.102406050066 43.5110850317288
-0.06838 1508.9280207631 56.4012386164842
-0.06575 1499.25628538102 56.2224431406292
-0.06312 629.967741591112 36.4458701940071
-0.06049 1088.85920794507 47.9173094632248
-0.05786 655.08544903588 37.1683196808223
-0.05523 728.294140433864 39.1917583507261
-0.0526 1917.04035471757 63.5878815159463
-0.04997 2771.7098349737 76.4627646784813
-0.04734 2383.89970800563 70.9148993531987
-0.04471 2851.91509446409 77.5673903388771
-0.04208 2470.34638963506 72.1950121564643
-0.03945 2684.34103129242 75.260048329923
-0.03682 3253.27016706543 82.855833966574
-0.03419 2367.52047235001 70.6850024615677
-0.03156 3921.37160722602 90.973893655432
-0.02893 6309.51092486431 115.401912600326
-0.0263 6017.7763505613 112.706912795425
-0.02367 5810.49588092871 110.75325629142
-0.02104 8919.51468102694 137.226469052114
-0.01841 8959.73372540187 137.541006422257
-0.01578 9178.55758537481 139.216026304705
-0.01315 8931.06247590597 137.331747310121
-0.01052 8871.56397558557 136.879005815006
-0.00789 9161.14082796057 139.100564297685
-0.00526 10753.4913968943 150.711440607884
-0.00263 11679.3378396028 157.071701141755
-0 12508.0732699071 162.555401561055
0.00263 10520.0650541992 149.086502852197
0.00526 11775.9738052775 157.743489130727
0.00789 11238.9518389141 154.113201420408
0.01052 10533.0172379185 149.202892218431
0.01315 10346.7821188779 147.886115250162
0.01578 7305.81039506504 124.274736016396
0.01841 6509.40190888572 117.312176832581
0.02104 4969.46104400868 102.50642609625
0.02367 2381.08332698366 70.9590247235784
0.0263 3071.22819930885 80.593548056812
0.02893 3069.82101417679 80.5795148688372
0.03156 4268.38429834196 95.0219118053523
0.03419 4259.56229917956 94.92888459193
0.03682 3804.55948508075 89.7205569842743
0.03945 1280.91126601645 52.0622786891599
0.04208 2291.40440443057 69.6367344887497
0.04471 1314.9760628324 52.7558132456907
0.04734 1638.75508380128 58.8968807970179
0.04997 2055.70118960195 65.9688829697155
0.0526 1878.76246199358 63.0694348040136
0.05523 594.278299861767 35.4733170553152
0.05786 1134.42720427913 49.0138752053112
0.06049 433.531967961658 30.3015709969398
0.06312 144.94385948192 17.5217849971009
0.06575 991.818575794264 45.8372344910782
0.06838 181.000530968934 19.5824065297506
0.07101 162.236010504194 18.5405927125138
0.07627 227.115382400327 21.9392079831228
0.0789 195.764112728893 20.3698602523141
0.08153 610.321971524904 35.9687088193772
0.08416 237.389535819413 22.4336512975769
0.08942 609.698320336519 35.9562456067575
0.09205 591.054258384155 35.4041637057546
0.09468 51.6541478825983 10.4668762357827
0.09994 2.62243943106584 2.35865738233859
0.10257 708.442523989706 38.7696199974056
0.1052 639.209519809452 36.8288769409771
0.10783 920.459587788592 44.1974123276765
0.11046 60.0502417687729 11.289624006357
0.11309 523.157072054258 33.3246627454817
0.11572 36.1083188649916 8.75550011752175
0.11835 716.034026283653 38.9916632933804
0.12098 521.936040677259 33.2920990921998
0.12361 710.960393956043 38.8582143539637
0.12624 96.9432333316551 14.3498209776676
0.12887 68.3398983199175 12.0490412272492
0.1315 534.083334209603 33.6858437086152
0.13413 1.83947689950159 1.97705008630904
0.13676 180.435145609359 19.5820724418604
0.13939 580.055976082465 35.1124082902328
0.14202 839.402692743457 42.2414113416488
0.14465 3.51327568687024 2.73298299004873
0.14728 1212.22361124758 50.7691335875559
0.14991 587.623458064239 35.3496819169046
0.15254 289.065767613716 24.794870354032
0.15517 1290.49037988316 52.3924194199774
0.1578 3906.0127583914 91.156040387663
0.16043 2403.13524661677 71.5048140340529
0.16306 2810.59141419529 77.3343750826697
0.16569 2941.21213421246 79.1160218699434
0.16832 4179.81080773824 94.3207228932895
0.17095 6516.96476710244 117.782029224778
0.17358 5074.70168529801 103.941537969904
0.17621 5791.40764767398 111.046142828175
0.17884 5952.96819642502 112.591529422841
0.18147 6572.66624653006 118.314303329172
0.1841 6196.82163985242 114.889007869849
0.18673 5948.1930238006 112.567760019885
0.18936 6632.82590685363 118.877129523491
0.19199 7090.31609799866 122.916254726606
0.19462 7679.29652515441 127.927745147101
0.19725 6691.87190329905 119.427774226759
0.19988 6221.07113878358 115.157361408414
0.20251 4757.77131618101 100.714377544428
0.20514 5209.91604523348 105.398788474328
0.20777 6011.38378019901 113.223882999457
0.2104 3721.58704716007 89.0933860078136
0.21303 3987.92830764002 92.2328433777459
0.21566 2784.57951642177 77.0765534183409
0.21829 1074.30556772749 47.8781026260766
0.22092 1084.50050908778 48.1081257604643
0.22355 2011.04341038874 65.5156139742248
0.22618 1212.63673136015 50.8779943843262
0.22881 649.404343242081 37.2351188593523
0.23144 338.735105467207 26.8940232695579
0.23407 927.416531665886 44.5034425404759
0.23933 154.042373535687 18.1400013195339
0.24196 604.153562577909 35.9270359835232
0.24459 5.82790685850856 3.52886074383077
0.24722 956.222519272721 45.2051796558215
0.24985 1030.24339741723 46.925523704435
0.25248 1068.45819877779 47.7912581852786
0.25511 461.874129455327 31.4240385240591
0.25774 289.216432606974 24.8680734736291
0.26037 802.032152098592 41.4149387981756
0.263 540.275934484022 33.9937766789941
0.26563 1718.77507524712 60.6361467827725
0.26826 1136.25659957974 49.3049750867189
0.27878 0.647892472105448 1.17767595468714
0.28141 63.5529107275147 11.6646712916628
0.28404 1643.10985826103 59.3155442056695
0.2893 2.08311739407424 2.11228712513106
0.29193 204.336628498448 20.9218273961065
0.29982 138.578951862522 17.2332181440888
0.30245 312.411677293495 25.8770419817536
0.30508 696.375694362568 38.6373075450471
0.30771 618.970727481 36.429579143584
0.3156 443.125738201277 30.8307928274351
0.31823 84.4968699004919 13.4640445608591
0.32612 0.290803675595742 0.790054803135454
0.32875 30.8410701802605 8.13684410234656
0.33138 231.08969315729 22.2748896649556
0.33401 1041.32638497532 47.2881912359599
0.33664 358.415100375128 27.7451069429549
0.33927 1303.00278101883 52.9053884280154
0.3419 223.485095659643 21.9121753860577
0.34453 411.927858812483 29.7512876235854
0.34716 772.210568620701 40.7377483562274
0.34979 1813.59526092938 62.4357449128243
0.35242 986.772511799554 46.0580544149717
0.35505 1575.92556828624 58.2101700747467
0.35768 2631.82868155375 75.2304691341039
0.36031 1974.56788604249 65.1680816237113
0.36294 2290.95069885092 70.2005812410584
0.36557 2231.27028225062 69.285579862768
0.3682 839.575174808405 42.5040666030901
0.37083 3973.95236800848 92.4795986473653
0.37346 2433.00972780767 72.3669790540011
0.37609 2332.56824866134 70.8630120967423
0.37872 1470.04463525867 56.2602414900823
0.38135 2206.45824790036 68.9315565477066
0.38398 1013.57607729944 46.723169559191
0.38661 954.684777477491 45.3490304178316
0.38924 1636.00744710824 59.369655208099
0.39187 2120.16231074482 67.5912253456624
0.3945 798.455961437049 41.4825188767497
0.39713 2780.55839787901 77.4175657267479
0.39976 1550.38584594866 57.8132333275439
0.40239 959.943605034872 45.4952194483181
0.40502 720.245051088384 39.4112876973705
0.40765 1515.74841399324 57.1783498277589
0.41028 196.244199030151 20.5756723865648
0.41291 868.153058100443 43.2804065624543
0.41554 153.394074669953 18.1942864188249
0.41817 27.5749400164681 7.7148159574914
0.42343 148.740299029102 17.9208118807023
0.42606 203.723936565743 20.9749972609764
0.42869 114.681461463899 15.7385606938475
0.43658 204.725117858764 21.0337395528964
0.43921 952.155326746174 45.3651470154816
0.44184 1921.60678864682 64.4522632805366
0.44447 878.75554044417 43.5890526482444
0.4471 854.046241100172 42.9755615679002
0.44973 394.718183128662 29.2187682020877
0.45236 177.567562667515 19.5991671052463
0.45499 901.913439381825 44.174911105669
0.45762 1093.80463105411 48.6519871660174
0.46025 77.5966943030372 12.9595451134029
0.46288 701.357531579031 38.9650570898345
0.46551 3.5372409854729 2.76742167941203
0.46814 610.350059471543 36.3554842623766
0.47077 798.804797596031 41.5947183466052
0.4734 207.252458394899 21.188739019871
0.47866 35.3818195319541 8.7562902773704
0.48392 1.18036802383444 1.59960798496758
0.48655 115.788072257031 15.8443393631173
0.48918 1.4823165196883 1.79287524429016
0.49181 966.282195018189 45.7792792298827
0.49444 1104.84433967043 48.9558808310788
0.49707 573.965215492026 35.2886026000985
0.4997 894.495151979628 44.0572658309023
0.50233 560.776933157441 34.8866602677555
0.50496 1230.93135521162 51.691247831483
0.50759 301.496215078795 25.5844920393164
0.51285 555.033938141861 34.718995680679
0.51548 801.397394505253 41.7221900644717
0.52074 1320.14523251242 53.5581382782846
0.52337 457.437195955384 31.5294276112473
0.526 795.42728938575 41.580175533377
0.52863 665.544993142106 38.0373721782767
0.53126 85.8009889075764 13.6585204430474
0.53389 673.370692337757 38.2666394348782
0.54178 782.763929851124 41.2682176910402
0.54441 62.4347713530579 11.655992476678
0.54704 590.561790146072 35.851253695775
0.54967 948.145266771253 45.4302147139814
0.5523 280.773516886155 24.7241339253149
0.55493 310.057527313652 25.9836296776369
0.55756 236.281846692527 22.6845157440022
0.56019 1267.01894051257 52.5341292370438
0.56282 857.217634057215 43.2146676290274
0.56545 839.386207021493 42.7663495791125
0.56808 574.792262774674 35.3925909490486
0.57071 0.140067920694228 0.552537638964589
0.57334 18.5440601425081 6.35814695210935
0.57597 472.37190246793 32.0926656366118
0.5786 583.222175391633 35.6628778695328
0.58123 191.971221043648 20.4622336369073
0.58386 377.381689247785 28.6920107674099
0.59175 5.71493873494381 3.53169442935533
0.59438 1362.62001151353 54.5381354784029
0.59701 1002.81609348468 46.790654599895
0.59964 393.32003290481 29.3060353746969
0.60227 2.33130397907584 2.25644552584063
0.6049 231.411487836731 22.483289484775
0.60753 294.744178225629 25.3765161278816
0.61279 499.389176441168 33.0379347491125
0.61542 309.3909852578 26.0069317359516
0.62068 348.573565148405 27.6100004030008
0.62594 411.038637747659 29.9877843487192
0.62857 3.41446174879386 2.73341832871268
0.6312 335.336541964921 27.091143084585
0.63383 38.0906370002549 9.1314114494394
0.63646 351.120991710121 27.7267577655807
0.64435 0.77435929940653 1.30246958955117
0.64698 75.9622600393369 12.9014087836611
0.64961 46.267196274188 10.069702622495
0.66013 2.6571484252776 2.41410027812587
0.66276 422.047566751918 30.4277553311378
0.66539 110.045551057688 15.5387925213221
0.66802 319.302371318535 26.4712162007046
0.67065 129.429678679153 16.8551084665538
0.67328 879.874699738294 43.9508029866481
0.67591 15.6666322526676 5.86524286149052
0.67854 510.413466121233 33.4811991973076
0.68643 564.134363817613 35.2092258194327
0.68906 560.812481898689 35.1087825229747
0.69169 75.6154356018778 12.8929972774146
0.69432 309.833080005524 26.1008273330451
0.69695 211.478523712874 21.5657828652758
0.70484 350.160918712296 27.7568086478312
0.70747 656.516745350079 38.0090974730433
0.71273 268.146027943759 24.2945155353651
0.71536 1538.99576534431 58.2063301631818
0.71799 165.19089537257 19.0710016051365
0.72062 1031.88781372162 47.6678572597152
0.72325 697.141377461807 39.1830965132071
0.72588 982.825814890199 46.5270516619423
0.72851 7.08218424879261 3.94984263759057
0.73114 1120.41301752535 49.6837285041307
0.73377 115.443386318908 15.94918720522
0.73903 2.13590664406081 2.16971648507587
0.74166 212.513439805384 21.6438225311335
0.74429 294.281393297317 25.4712976066302
0.74692 775.981366308587 41.3641605818902
0.77059 5.39981081651816 3.45261199636122
0.77322 529.96758571177 34.2067661895494
0.77585 83.5399289665795 13.5819858792166
0.78637 1658.13960363307 60.5260267692581
0.79952 391.885486872593 29.4343763602915
0.80215 77.2039089567505 13.0650812809321
0.80741 327.438602007821 26.9086463079054
0.81004 745.30664036807 40.5986530494541
0.81267 1017.5951250126 47.4404560805329
0.8153 165.587462340156 19.1378121551155
0.81793 85.2052878539306 13.7286884766761
0.82319 101.230118536132 14.9652878018698
0.83108 54.7927988085324 11.0114261143736
0.83371 1152.77078431619 50.509202721027
0.83634 304.873009128663 25.9762063720943
0.83897 452.656621573033 31.6532187719351
0.8416 395.952310568706 29.6054783948858
0.84949 863.741643651924 43.7314793878085
0.85475 237.509520114243 22.9338592331712
0.86001 32.2655868505876 8.45358262397341
0.86264 290.636304115553 25.3724928945323
0.87053 501.226687436222 33.3239801104057
0.87579 2.74871488878586 2.46796496638864
0.87842 269.609810239059 24.4432624696654
0.88631 218.772645786601 22.0211185897226
0.88894 657.362530590865 38.1735470869575
0.89157 597.440872699084 36.3935721330145
0.90472 1004.13381632311 47.1908741068039
0.90735 216.549972702114 21.9158248877957
0.91261 154.933891371802 18.5389453955285
0.91524 1272.96433035324 53.1418236784478
0.91787 2360.978952598 72.375390399965
0.9205 1277.30824723778 53.2364691045003
0.92576 714.175621558618 39.8104364705517
0.92839 830.120915671824 42.9221656544074
0.93365 298.697042897244 25.7489453430851
0.93628 1465.09666250143 57.0287220059642
0.93891 713.887593741487 39.8099774729442
0.94154 642.844074856526 37.7786426968569
0.94417 727.277944490626 40.1846554359946
0.9468 868.861877828556 43.924003995339
0.94943 267.019252710688 24.3508625260695
0.95206 188.603519633136 20.4660704977462
0.96521 165.258968184926 19.1612841397494
0.97047 757.137513998877 41.0168661534813
0.9731 1244.15559420257 52.5810119247019
0.97573 1247.764723417 52.6592222222077
0.97836 215.856714167658 21.9031897487356
0.98099 284.292771821309 25.1376102375684
0.98362 137.624489913614 17.4906292365571
0.98625 468.913881562463 32.2864733444768
0.98888 272.001880273781 24.5910180587084
0.99414 285.053008706108 25.1759778780287
0.99677 487.300365576787 32.9183750787596
0.9994 3.05203369308054 2.60525827728783
1.00203 299.346179423834 25.8017620138619
1.00729 488.314038961668 32.9552701123347
1.00992 1640.44999600198 60.4036456392851
1.01255 926.328268442026 45.3910776338921
1.01518 631.424221235218 37.4761557568818
1.0257 1.35527148552654 1.73633329371539
1.02833 132.926231676279 17.196167621762
1.03359 132.387246211937 17.1617732210715
1.03885 0.0253483532650083 0.237479825237366
1.04148 2.48618900357228 2.35193489563355
1.04937 2.59844518769005 2.40455183786662
1.052 254.857811163371 23.8140202042854
1.06515 254.529435794829 23.8004212718298
1.07041 67.6573350289012 12.2711661521983
1.08093 407.338945954818 30.1114639507981
1.08356 1169.21597642694 51.0161464067941
1.08882 285.442288237469 25.2076401449548
1.09408 86.2705928617044 13.8585303501382
1.09934 129.678923420388 16.99155932476
1.10986 56.8876106097978 11.2532331917994
1.11249 303.324263204192 25.984406914427
1.12301 647.722807846215 37.967925414056
1.12564 201.870257479416 21.1957700978906
1.12827 300.791052028596 25.8723719804611
1.14931 143.293631132583 17.8543189542855
1.15194 61.2616793782307 11.6738752733341
1.1572 357.226621139615 28.1886330825335
1.15983 2.27600356330663 2.24998349056371
1.16246 223.615728980258 22.3015367430744
1.16509 39.1649736254272 9.33304346452263
1.16772 5.77023454347361 3.58229919118146
1.17035 565.909000364229 35.4755530514642
1.17298 747.788829439146 40.7789569061206
1.17561 1.56922447815856 1.86801308705631
1.17824 153.899853508335 18.4989565285927
1.1835 273.707815173357 24.6690956352061
1.19139 739.193307308477 40.537866792298
1.19402 1246.5312545353 52.6410099638486
1.19665 1097.41890110529 49.3912017503212
1.19928 211.812486728223 21.6985095059608
1.20454 336.889995205162 27.3626119107039
1.21769 617.292161502524 37.0291681275219
1.22032 544.225062643112 34.7668106488084
1.22558 880.128392420265 44.2081772876038
1.22821 1501.06784040154 57.7306909428565
1.23084 568.01836601418 35.511153795804
1.23347 144.760412462274 17.9260868700331
1.2361 1668.7514213521 60.8602047705353
1.23873 1530.65169449509 58.2844583724756
1.24136 846.230491211955 43.3347106270234
1.24399 3.97281874371149 2.96905285174351
1.24662 687.660557890221 39.0600320173643
1.24925 2.0402771989273 2.12748794238119
1.25188 455.835785625648 31.7982857115055
1.25451 272.458735134901 24.5825450677689
1.25714 29.8999111847251 8.14307434396333
1.27555 323.911932362941 26.7920335546692
1.27818 44.7327352044696 9.9559312085859
1.28081 752.114962912991 40.8214312143016
1.2887 268.631667496281 24.3924576742393
1.29133 708.742153399561 39.6185002053133
1.29396 193.251197425138 20.6867342914603
1.29922 490.123198580174 32.9410427396902
1.30185 846.288549400211 43.2835145426182
1.30448 293.081852513993 25.4704994532219
1.30711 381.923468352004 29.0744079746614
1.31237 884.547432599394 44.242808235896
1.315 312.737166440036 26.3058037065651
1.33867 6.7377669810622 3.85955359025532
1.3413 667.200762443481 38.4049349980898
1.34393 631.154005201889 37.3513344383856
1.34656 938.804812788758 45.5518255368493
1.36234 180.654127336421 19.9765334727869
1.3676 183.564771211248 20.1349329080213
1.38338 51.7750586178301 10.6903956047025
1.38601 771.784587350859 41.2725384774028
1.38864 659.240966324389 38.1430024053008
1.39127 349.602111876234 27.7753445320654
1.39916 494.464190214717 33.0277349029464
1.40179 676.011014479993 38.6154658243369
1.41231 127.526877502739 16.7677449792936
1.42283 1084.088794484 48.8759906967079
1.42546 350.411905387225 27.7859276560749
1.43072 253.349831500359 23.6232926498338
1.44124 372.01267793873 28.6185904982219
1.44913 297.574099218843 25.5907983242133
1.45965 636.38002082826 37.413961036162
1.46228 907.515714397918 44.6760509180548
1.46491 79.8653646147672 13.252542784475
1.46754 454.92441600297 31.6272819732145
1.47017 885.644878269774 44.1259758958715
1.4728 762.8050246022 40.949023806868
1.48332 8.86944340267239 4.41442342074571
1.48595 476.707097054663 32.361143534165
1.48858 872.892199502358 43.7875454007407
1.49121 623.280647150055 36.9985202964123
1.49384 1992.55707338148 66.1485236260519
1.49647 144.994340264228 17.8427803234468
1.4991 259.424721040416 23.8650687419662
1.53066 295.876126292613 25.4567387391073
1.53329 579.183794485726 35.6134064628613
1.53592 36.0269755983423 8.88130371657469
1.55433 2.37584978525566 2.27915888705946
1.55696 232.972941548288 22.5670760094699
1.55959 168.868678562654 19.2112016853091
1.56485 5.09834764437544 3.33740978073043
1.56748 554.603665604753 34.8051558803192
1.57011 405.407768010882 29.7547046475348
1.57537 108.626095868121 15.3989625189695
1.59115 2.20590106287913 2.19311541670214
1.59378 216.30785977747 21.7151054687176
1.59904 88.4227059686164 13.8810496784593
1.60167 160.4454585015 18.6963594055073
1.6043 127.417908887362 16.658457761059
1.60956 1128.43507289065 49.557593745616
1.61745 484.773579145648 32.4653252175784
1.62008 144.372864601936 17.7141021345315
1.62271 425.1202493592 30.3919313187822
1.6306 2.52821087875601 2.34254011582742
1.63323 599.604930092724 36.069401102929
1.63586 547.557277597396 34.4625199978026
1.64901 236.078376668686 22.6094280707999
1.65427 1957.31210424176 65.0793223563895
1.6569 667.535780241661 37.9993329153104
1.66216 313.428584145889 26.0291122195157
1.66479 468.319098937174 31.8116818641291
1.67268 798.927829388115 41.5284994574348
1.67531 287.178516699719 24.8939593995317
1.68583 219.555631789208 21.7516492768776
1.68846 420.245099206313 30.0882300265499
1.69109 706.736432283582 39.0121096995177
1.69372 1471.0808042048 56.2748466799823
1.69635 132.650066357796 16.895658608346
1.70424 210.352615104183 21.2664400964845
1.71476 0.909651409770283 1.39782658574624
1.71739 95.3042439657323 14.3060792768223
1.72002 598.969715485011 35.8604418695635
1.72265 77.9986289184918 12.9391388621447
1.73843 980.283711373544 45.8384198623021
1.74106 820.437967539853 41.9300345433827
1.77262 63.5651409446531 11.6545122392489
1.78577 100.433051936604 14.640806802148
1.7884 87.1319545279638 13.6352714395353
1.79366 0.583861389358487 1.11590355590268
1.79629 57.250340392804 11.0486486520631
1.81733 183.264750855584 19.7843062138977
1.82522 950.852191264164 45.0845023940593
1.82785 2.73344113100565 2.41762390175064
1.83048 271.026994165831 24.0770479314476
1.83311 280.451236066976 24.4956353818473
1.85152 467.804501008677 31.6689148278664
1.85415 358.12427443987 27.7128240318022
1.85678 0.178057268924245 0.618025878381779
1.85941 28.1912834801935 7.77762706420078
1.86204 554.335271071108 34.493623025335
1.86467 490.255512064143 32.4434213326841
1.8673 714.966865767923 39.1851209075965
1.86993 841.044601295484 42.5060313663627
1.88308 8.88723495805297 4.37258398336125
1.88834 640.489785997481 37.1309721156445
1.89886 58.8452372741032 11.2612456188538
1.90412 298.129068536794 25.3645159786457
1.90675 553.472637776528 34.57517903585
1.93305 439.260396514369 30.9376650590752
1.93568 326.592823369618 26.6882391894959
1.94357 184.660347157844 20.0942921420222
1.9462 327.254115722958 26.7619575431665
1.94883 35.0690815603408 8.76449263406283
1.95146 817.470908073352 42.3340519167962
1.95409 6.98190556086041 3.91407917372423
1.95935 379.25065279887 28.8724188674051
1.96198 25.4807801537791 7.48712020664721
1.96461 10.5780202212461 4.82612896199957
1.96724 1067.1946134332 48.4960823384898
1.9725 316.35585051329 26.4270402856175
1.97513 1.05903637654953 1.52969082061693
1.97776 56.5918318568483 11.1869723814264
1.98039 569.852557324721 35.514380801947
1.98302 537.944722824685 34.5206501977545
1.98565 724.700500707129 40.084494016477
1.98828 525.50084477975 34.1484233974048
1.99091 606.992101464192 36.7165722983552
1.99617 99.2922025790785 14.8628134614027
2.01458 67.7683446921119 12.3194132235757
2.03562 36.6957937629826 9.10003842024974
2.03825 259.652897171112 24.2179898954723
2.04088 152.602326609115 18.5749782229014
2.04351 307.613183247609 26.3849478738497
2.04614 4.41673127318195 3.16307940343121
2.04877 433.594626795536 31.3550281125412
2.0514 2.58962511966309 2.42431554489734
2.05403 254.225457158103 24.031753958787
2.06981 0.858273758629996 1.40028466560305
2.07244 84.2568607077406 13.8806549126358
2.10137 1.85301728254332 2.06861032196681
2.104 181.798763993453 20.4929428375691
2.11715 0.761706172903948 1.3275528861115
2.11978 547.471620597487 35.5966130506342
2.12504 199.949421771258 21.5192651870056
2.12767 202.627731619649 21.6663878709246
2.1303 430.454900463957 31.584251497188
2.13293 11.7217317197002 5.21281504386345
2.16712 3.36534800756542 2.79894943144143
2.16975 1524.16933606231 59.5752709985497
2.17238 285.389728298185 25.7832653513383
2.17501 1665.86841467949 62.3029207440645
2.17764 263.925181249188 24.8026315901906
2.18027 798.47969664181 43.1477897011174
2.1829 91.5023870561372 14.6087168218329
2.19342 394.370985548841 30.3476518446507
2.19605 1119.12287031415 51.1305700607754
2.19868 36.554629122868 9.2423423681938
2.20131 383.036711783246 29.9098544431139
2.20394 106.875739305016 15.7932310489038
2.21183 292.172247914243 26.083276346125
2.21446 449.58470485467 32.3433693574705
2.21709 672.051741786942 39.5291580358472
2.21972 302.303596298231 26.501744006704
2.22761 407.759454641872 30.7442459728369
2.23024 92.2175678101699 14.6151997019314
2.23813 488.981720196556 33.6164445238137
2.24076 200.231616861819 21.5034128209395
2.25654 425.544947009768 31.2769761410846
2.29862 80.5013544171881 13.5205386858566
2.30914 351.768468426436 28.1827832856354
2.31703 696.629123899795 39.5688882153697
2.32492 318.111937710036 26.676937813971
2.33544 766.840198933574 41.2903344063586
2.33807 308.463152286013 26.1672924535
2.3407 563.391581379617 35.3364540322808
2.34333 114.930312033141 15.947595058679
2.34596 44.1864940462113 9.8805759890414
2.35122 698.657700310944 39.2271971511148
2.36437 508.264254515896 33.3260852481842
2.367 52.9459314661092 10.7475895932528
2.37489 8.67757009723274 4.34066558413107
2.37752 849.720067953537 42.9188678695717
2.38015 2.46448306395726 2.30954134255484
2.38278 244.529901674103 22.9869183630417
2.38541 596.666070352681 35.878297291605
2.38804 342.058170010097 27.1435697453412
2.39067 35.3510380426615 8.71903312023388
2.39593 4.51664045792529 3.11152886545736
2.39856 442.266740904834 30.7649901067636
2.41434 557.459121216621 34.3695097781218
2.4196 274.96581359533 24.0981866529678
2.42486 450.333699137225 30.7884636214213
2.42749 3.09581369607741 2.55061662122536
2.43012 501.757663061739 32.444505450377
2.43275 296.640768293601 24.92558357872
2.43538 500.243456676267 32.3411737620023
2.43801 276.902153392997 24.0415672117938
2.44064 424.768447767862 29.7515540535088
2.44327 716.84884953619 38.6171867056565
2.4459 615.133909913418 35.7424529510655
2.44853 195.999196142536 20.1585238504681
2.45379 378.670698699423 27.9720747654245
2.45642 373.879277581671 27.7708843153477
2.45905 509.099700123482 32.3783701487379
2.46168 50.4900736123036 10.1879189897898
2.46431 176.412441847939 19.0272213078977
2.46694 3.31967095810827 2.60786994231836
2.46957 1784.69882683087 60.4154318483005
2.48798 1.05298125498536 1.45863516986014
2.49061 105.307847008665 14.5743279116442
2.49324 217.901733140936 20.9464129395235
2.49587 118.327059857794 15.422040609758
2.50113 60.6284214134063 11.0217143253143
2.50376 99.2906277441668 14.0959296708496
2.51165 259.520290661288 22.7462046482902
2.5248 692.172238740731 37.0307912883369
2.52743 290.972937692623 23.9942782698212
2.53006 75.1054295891761 12.18266212381
2.53532 6.98902839186648 3.71162566984947
2.53795 684.599567562155 36.7111653030338
2.54058 229.120944626813 21.2244281264058
2.54321 112.738069728918 14.8786075624448
2.54847 783.553135860182 39.1748135847568
2.57214 1301.03352305222 50.1885950201576
2.57477 172.466323684174 18.2613148201136
2.5774 730.84298248988 37.5673588529591
2.58003 630.454743924844 34.869357767494
2.58266 638.935350099556 35.0803122177797
2.58529 104.806570036025 14.1986443328286
2.58792 2.6891236637741 2.27287358212235
2.59055 266.14946649088 22.5969379030657
2.59318 269.284780455462 22.7148161179893
2.60107 99.3395175173208 13.7702077932534
2.6037 388.382060582747 27.2158914157709
2.60633 97.1196677036434 13.6037902910172
2.63526 450.972106676112 29.1754380851272
2.64841 2.17568256191585 2.02206774405104
2.65104 213.200554112213 20.0079541957015
2.65893 60.8397597879823 10.6741431768991
2.66156 680.795442522587 35.6909016212031
2.66419 257.559289400343 21.9430787983918
2.67208 101.094499730208 13.7293816566598
2.67471 353.759945346364 25.6714635274978
2.67734 1.00315959228399 1.36643894603642
2.67997 103.754991496365 13.8905187505783
2.6826 1051.83128895644 44.2074626457598
2.70364 341.478024460317 25.1041628079022
2.70627 321.155865059187 24.3390077062029
2.7089 9.51697894715989 4.18865898960185
2.71416 1.74497946644154 1.79259192356315
2.71679 173.572128630117 17.8733756497995
2.71942 247.248294156489 21.3262004916707
2.72205 2.10796727466945 1.96860665675893
2.72468 215.370849238592 19.8930141986689
2.72731 856.702074705633 39.6645097335582
2.72994 0.188718793970399 0.588538313231356
2.73257 18.4989302673033 5.82532805670797
2.73783 2.49779915742224 2.1393678787731
2.74046 244.84349968668 21.1753559538405
2.74309 0.99570897916881 1.34999541062617
2.74572 230.723594650405 20.5443151413977
2.75098 45.1059890020206 9.07865964058247
2.75361 50.668371342319 9.61949968865138
2.75624 100.468902113834 13.5418860926398
2.76413 172.541120459202 17.7315695207358
2.77991 550.377885498117 31.6158329168725
2.78517 84.0587076289217 12.3487417658645
2.7878 382.329752192693 26.3286691771344
2.80095 779.298171995081 37.5375154099843
2.80358 341.657831811089 24.8506296351909
2.80621 500.54498110728 30.0740037908849
2.80884 575.682841254325 32.2469987831882
2.81673 426.564178598614 27.7442889239051
2.82462 86.6210742693792 12.4961642056328
2.82725 1064.57511579206 43.8006839694038
2.82988 332.433696176303 24.4722008660682
2.83251 1230.63380333624 47.0774225936556
2.83514 266.637674410908 21.9097155169862
2.83777 302.023901817981 23.3144051580376
2.84566 449.908334029795 28.441248550628
2.8667 566.127107515198 31.8613202364992
2.89826 262.69235579525 21.6599688254205
2.90352 3.56836538867741 2.52377508145531
2.90615 349.905415154452 24.9888447181067
2.92456 456.550805936847 28.523258871285
2.92719 178.200306266329 17.8181902651479
2.92982 71.929783667819 11.3192725998973
2.94297 0.9109999284161 1.27320119310653
2.9456 295.035294250875 22.9102362764631
2.94823 0.700570023444731 1.11627979525815
2.95086 68.69617807025 11.0526972486009
2.95612 183.313648834889 18.0513112246017
2.95875 292.638069000669 22.8050712414197
2.96138 448.588597091087 28.232204855986
2.96401 78.9954992419253 11.8461303188734
2.96927 0.398770738780182 0.84148474138859
2.9719 39.1024668615877 8.33184733926652
2.98768 222.251568400877 19.8513101224249
2.99031 367.169387612648 25.5125897039671
