-0.19199 87.4830290759286 13.6422775928829
-0.18936 250.378308181586 23.0781600865961
-0.18147 85.3422603324775 13.4715774836273
-0.17621 29.8126314059925 7.96145102258509
-0.17358 31.3558516328795 8.16449287318502
-0.16569 138.417301127473 17.1513619927745
-0.16306 145.582324405396 17.5887745240405
-0.1578 115.224604310013 15.6462234286985
-0.15517 256.226356649844 23.3306393998922
-0.14728 1260.25302652434 51.734121457208
-0.14465 928.415232316109 44.4014495945718
-0.1315 355.51405822166 27.4690385261269
-0.12887 373.916811784883 28.1695797504879
-0.12098 70.4147212356061 12.2224424009518
-0.11835 74.0596506869946 12.5341500844788
-0.1052 248.611023562241 22.959011574879
-0.10257 261.480043986115 23.5445313925699
-0.09205 73.683140237102 12.4960781619656
-0.08942 77.4982031657527 12.8149210891749
-0.0789 407.543267030237 29.3818246463214
-0.07627 1048.84844879339 47.1333938444618
-0.07364 1053.79154849283 47.2422025156392
-0.07101 1385.71633999405 54.1714409534215
-0.06838 589.323988568836 35.3256949509324
-0.06575 621.50212945074 36.2756663717038
-0.06312 1223.27475645348 50.8904777021651
-0.06049 379.412431382245 28.3407102074134
-0.05786 808.596564433156 41.3715055562203
-0.05523 1353.67647151764 53.5270423345735
-0.0526 1251.60984993659 51.4672208825827
-0.04997 1713.51300082161 60.2171721857017
-0.04734 2279.13082270537 69.445115408293
-0.04471 1621.85518189274 58.5792130271373
-0.04208 1039.49400005381 46.8952556846823
-0.03945 1292.9906718938 52.2993181464672
-0.03682 2071.1653147972 66.1890469375402
-0.03419 1767.44332701404 61.1409111839568
-0.03156 2828.82557547109 77.3468540311902
-0.02893 3617.71533435269 87.4655786745664
-0.0263 6055.84194829072 113.15862244808
-0.02367 8034.0211540181 130.330864814441
-0.02104 10687.4969541283 150.31391885159
-0.01841 12679.24495971 163.714932678311
-0.01578 12212.0567349783 160.663197019725
-0.01315 12785.1888321473 164.382647220279
-0.01052 14478.3474907607 174.921136914748
-0.00789 16052.5471353 184.176902840343
-0.00526 16668.4054182882 187.668165823709
-0.00263 17049.981899867 189.795510215563
-0 14887.504090924 177.342860782697
0.00263 15456.5170222077 180.689099818499
0.00526 16478.0363711555 186.552998653788
0.00789 16840.3104513815 188.580993284983
0.01052 16709.1579195707 187.833701602595
0.01315 16181.1156358674 184.830579866121
0.01578 11965.4597808177 158.930645601716
0.01841 10332.073766339 147.676045554198
0.02104 9989.51298993616 145.198394195601
0.02367 7961.40544179255 129.615778563267
0.0263 6008.70552332494 112.596996514619
0.02893 5017.28675828292 102.883125146273
0.03156 3960.90277795848 91.4071386693279
0.03419 3533.59743504198 86.3306264461109
0.03682 2076.40948459792 66.1738174844572
0.03945 1573.64178290982 57.6044392887831
0.04208 1319.58919658918 52.7467510186944
0.04471 1098.56291262497 48.124045154113
0.04734 728.606598771865 39.1894823057918
0.04997 597.562842447982 35.4885359010867
0.0526 479.843182573294 31.7994248968775
0.05523 521.304279508856 33.1427509877503
0.05786 345.638853335155 26.9853149307137
0.06049 132.332492591177 16.6963969128409
0.06312 11.0835468974454 4.83172483319281
0.06575 567.528873256466 34.5724443853261
0.06838 932.119900144172 44.3042395997303
0.07101 365.465775380788 27.7399734726251
0.0789 418.420180390207 29.6762376187081
0.08153 1192.7630394727 50.1017493378774
0.08416 1007.59622654422 46.0460457735391
0.08679 716.451957656475 38.8253947133037
0.08942 241.587874467332 22.5441141085847
0.09994 30.9396359985117 8.06565419751302
0.10257 217.569419553349 21.3865187334613
0.1052 419.391733875115 29.6900047457174
0.10783 480.85397247594 31.788211519329
0.11046 887.779945480982 43.1888165441223
0.11309 640.403375854423 36.6779104393933
0.11572 944.684852056336 44.5430948325627
0.11835 340.865002069262 26.7539089305926
0.12098 1342.19998084674 53.0840158166751
0.12361 2039.08152786599 65.4231666097404
0.12624 1546.09385457098 56.9627955793216
0.12887 2089.9951877509 66.222428928219
0.1315 2473.38996507818 72.0340523271151
0.13413 3743.10471428157 88.6067112382114
0.13676 4409.97099675757 96.1673319368825
0.13939 3932.09386762135 90.7989241603965
0.14202 4460.68613024817 96.7004852368698
0.14465 5212.11007770961 104.518617957378
0.14728 4747.6723287265 99.7438846178523
0.14991 4429.58061174267 96.3354759060264
0.15254 5145.7009167365 103.821246218877
0.15517 6828.55504616681 119.587942060577
0.1578 9450.12780323005 140.669788892572
0.16043 11125.2825857934 152.614754435806
0.16306 14178.3685782353 172.271375736118
0.16569 18404.1092417553 196.25303362182
0.16832 19964.8564429375 204.385956614928
0.17095 21367.176346199 211.422154566912
0.17358 23049.1423736119 219.565082698472
0.17621 25012.7893518657 228.705131322876
0.17884 25684.8077938267 231.735171524641
0.18147 27012.4333379481 237.626344777229
0.1841 26646.2789052709 235.988016733994
0.18673 26738.5504098404 236.373899383432
0.18936 27688.5999566857 240.513802872201
0.19199 27899.2768682767 241.404237439336
0.19462 27447.7799110631 239.420276589957
0.19725 28044.4657511953 241.985752009113
0.19988 25405.7621071262 230.298553023569
0.20251 23876.2433052064 223.230335954856
0.20514 20769.1058275306 208.165171386383
0.20777 17972.9835080409 193.614637433253
0.2104 15088.451001962 177.369660641664
0.21303 10765.1037747789 149.794201087406
0.21566 9460.86849755584 140.404250138491
0.21829 8333.54177222597 131.75235816349
0.22092 7021.75098831702 120.919158151858
0.22355 4574.12133482154 97.578701366589
0.22618 4170.79095711939 93.1620792100304
0.22881 3363.41618055648 83.6467380548656
0.23144 1458.53806681193 55.0739606354297
0.23407 953.837820172937 44.5300714594956
0.2367 1502.29397810098 55.875607738406
0.23933 1216.82839162942 50.2791716596116
0.24196 933.155972806514 44.0229553203902
0.24459 456.134790514687 30.7735271543523
0.24722 92.1220540712087 13.8274171112197
0.24985 504.933218706709 32.3671742071184
0.25248 551.085992136931 33.8085101230773
0.25511 1186.10394532251 49.5913842897353
0.25774 754.806430007064 39.5540663323335
0.26037 47.3809961544222 9.90840837813478
0.26563 536.994142206889 33.3459759209106
0.26826 296.223488813459 24.7626315632996
0.27089 415.641032890225 29.3274717593015
0.27352 612.717337539529 35.6019549674978
0.27615 1598.36138420549 57.4922852619779
0.27878 277.08367730025 23.933479991186
0.28141 1000.89180182293 45.4801845898718
0.28404 1011.29497483229 45.708379746551
0.28667 559.270432507133 33.9856873588005
0.2893 1035.57256154516 46.2384851739344
0.29193 810.501880040183 40.8995492652691
0.29456 428.058412799061 29.7181097076967
0.29719 952.659324561007 44.3268229773968
0.29982 2498.02826168901 71.7669640681074
0.30245 3305.45371738056 82.5423514413292
0.30508 2429.11497977697 70.7515608144616
0.30771 2539.26042652792 72.3296381537611
0.31034 3441.4174711124 84.1941699921394
0.31297 2438.67468822433 70.8664919115169
0.3156 2213.97464654678 67.5151082739729
0.31823 2873.61872414676 76.9094765803383
0.32086 4293.64585742483 94.0002522145854
0.32349 4441.65623694731 95.5958400891601
0.32612 4243.86822988889 93.432521753511
0.32875 3274.68911891507 82.0640138737053
0.33138 3708.86293127004 87.3250189848632
0.33401 3798.65547016135 88.3657197004098
0.33664 4275.452776075 93.7368771233062
0.33927 4850.15882390557 99.8269840434155
0.3419 6101.69633759884 111.955594574752
0.34453 4833.77785461119 99.6355616747716
0.34716 4486.92347125669 95.9833433293032
0.34979 4888.43834274384 100.174484118646
0.35242 4623.94812356347 97.4157122724547
0.35505 4040.10370547371 91.0477607635197
0.35768 4973.88091861776 101.011581763281
0.36031 4471.28549836463 95.7613228813718
0.36294 4601.6231776997 97.1359310468273
0.36557 3363.054577867 83.0312875757026
0.3682 2615.62719776008 73.2172072702123
0.37083 4236.18915100233 93.1672593004915
0.37346 2617.01830190918 73.2199499707505
0.37609 3436.70501646702 83.8972188865894
0.37872 2911.17382408578 77.2077474459321
0.38135 1616.97277669937 57.5345251299073
0.38398 1783.58252627409 60.4190841165048
0.38661 2360.44987450196 69.4984737598344
0.38924 1720.6502970768 59.3300227066941
0.39187 789.922361103398 40.1948795775345
0.3945 351.424908069109 26.8068081783612
0.39713 126.85162054629 16.1037546084209
0.39976 48.7211855508275 9.9791849852695
0.40239 611.06728061734 35.3461036686029
0.40502 31.5553050926353 8.03330190533787
0.40765 296.180779707044 24.6148493040771
0.41028 282.424692120871 24.0398032212729
0.41291 923.519468014633 43.4773852963018
0.41554 535.957556371944 33.125800867023
0.41817 332.32803520507 26.0882806404379
0.4208 614.96948069255 35.4935560181645
0.42343 490.631724116936 31.7074480762993
0.42606 350.640489530614 26.808668093347
0.42869 134.805115009775 16.624864093631
0.43132 225.90975190557 21.52450151812
0.43395 356.765194325774 27.0531306914851
0.43658 111.964079832564 15.1574557902153
0.43921 135.468352241767 16.6750260492635
0.44184 787.19223007172 40.2020892699228
0.44447 968.315865065962 44.594095377587
0.4471 990.936784806237 45.1182663059741
0.44973 76.9192628285841 12.5720923201031
0.45236 541.968146977581 33.3762427753488
0.45499 319.078278302001 25.612957408971
0.45762 1130.31764932335 48.2138583655287
0.46025 1518.35677330378 55.8880630133315
0.46551 473.091952466678 31.2051223901786
0.46814 649.385369641462 36.5649360770395
0.47077 1020.9384711765 45.853637670945
0.4734 596.291568931869 35.0480427251216
0.47603 345.944557582051 26.6991905325509
0.47866 68.0678894453073 11.8447630425889
0.48392 581.311357702181 34.6242496878177
0.48655 511.062615017163 32.4693327700372
0.48918 1488.09428844535 55.4130247275069
0.49181 1368.32291991133 53.1436329860249
0.49444 2166.25513570414 66.8762684965922
0.49707 1833.63127945835 61.5366016105881
0.4997 805.444370938833 40.7901719967582
0.50233 1580.21657830008 57.1522885434187
0.50496 509.621381591303 32.4701279067187
0.50759 640.895018157415 36.4282518049766
0.51022 1508.67872667552 55.9149333365313
0.51285 1517.1805427112 56.0960717360471
0.51548 1547.16317185911 56.6716829824381
0.51811 2331.82944768239 69.6034102576985
0.52074 2977.79850603885 78.6889412750987
0.52337 2081.42198922121 65.8157572810128
0.526 1528.71514639712 56.4282663540181
0.52863 2101.30388256954 66.1852646204132
0.53126 1380.6207209613 53.670713836934
0.53389 613.360573092694 35.7883150031976
0.53652 904.82977132095 43.4860293872768
0.53915 1508.01556178365 56.163228209841
0.54178 817.045383852993 41.3575615216008
0.54441 980.170432390459 45.3174185010279
0.54704 2166.09873582467 67.3962704310036
0.54967 2400.92908590501 70.9853338804981
0.5523 1619.82042535833 58.3303347483335
0.55493 868.036991567139 42.7181137336599
0.55756 375.06044318605 28.0915270433801
0.56019 61.7752482442605 11.4054803295809
0.56282 754.433379360779 39.8747744548487
0.56545 1377.54653932535 53.904154974325
0.56808 417.344124928575 29.6822906421184
0.57071 1329.82991181041 53.006523060161
0.57334 117.431266511667 15.7581053202734
0.57597 144.355596611744 17.4787208378991
0.5786 350.378272013148 27.2421871884051
0.58123 943.830340666132 44.7301920757548
0.58386 311.632860988904 25.7131732529462
0.58912 328.488049476388 26.4212831285019
0.59175 855.316106791978 42.6517889839529
0.59438 288.532058306715 24.7828143608959
0.59701 532.271878303655 33.6743994460277
0.59964 373.783698232552 28.2308971521698
0.60227 36.6379014156694 8.84262775042154
0.6049 222.125685658773 21.7829551963606
0.60753 233.864194467147 22.3614750471695
0.61016 89.2864845118596 13.8233221468896
0.61279 913.592123807507 44.2381077055765
0.61542 2344.92089946382 70.9063422130674
0.61805 1280.62079382823 52.4241851275279
0.62068 144.370786064932 17.6100796353756
0.62331 232.702362905017 22.3677405665379
0.62594 605.424527801816 36.0953787254683
0.62857 649.214608781156 37.3951631208166
0.6312 427.65475195802 30.3645920432017
0.63383 388.779626565172 28.9648894366826
0.63646 801.935141686933 41.6187365687523
0.63909 2263.36534017108 69.9512631401179
0.64172 1359.7666239539 54.2436865974777
0.64435 1197.14616140255 50.9200938481886
0.64698 330.554625723169 26.76921537847
0.64961 734.105269859214 39.9108914122004
0.65224 1166.07206521675 50.3237511942845
0.65487 2950.75547176878 80.0893547372168
0.6575 2107.52579896346 67.7161607185652
0.66013 2917.62559755607 79.710984092045
0.66276 3932.42908514089 92.5829839956742
0.66539 3536.50469215287 87.8385177145862
0.66802 5833.31159941176 112.863221628331
0.67065 5667.02392984894 111.293339837332
0.67328 4314.4366893797 97.1516814616387
0.67591 3403.17647613001 86.3230840464604
0.67854 4123.71230800968 95.0659857493701
0.68117 4236.30615974188 96.3986012703892
0.6838 3414.74946211679 86.5869406257444
0.68643 3546.51982944684 88.2815402188448
0.68906 4416.2444917329 98.5577581925754
0.69169 3201.17077096015 83.9487172031484
0.69432 2281.31787865863 70.9002472871013
0.69695 3125.45000493364 83.0244783986636
0.69958 3039.88118645828 81.9151678512362
0.70221 2853.27396552489 79.3734452044031
0.70484 2723.9404135838 77.5657058064963
0.70747 1190.64371179682 51.2895974211624
0.7101 217.406079720153 21.9200546316693
0.71273 1441.90998618599 56.46017949666
0.71536 1127.85257334199 49.9420903634191
0.71799 235.818985957535 22.8400621124368
0.72062 1003.24272543009 47.117065440769
0.72325 970.965308712171 46.3601024674039
0.72588 421.884864345742 30.5637605380579
0.72851 127.653781562898 16.8148858357014
0.73114 134.316937067758 17.2508188376339
0.73377 103.941226575504 15.1776825933739
0.7364 937.644812214841 45.5929745750619
0.73903 652.207150859921 38.0310844396935
0.74429 15.4231798747171 5.85015258509026
0.74692 16.2282156120265 6.001816809542
0.74955 6.44293775949159 3.78230387191797
0.75218 255.520915579265 23.8229069530258
0.75481 274.760435691465 24.7073223933059
0.75744 834.725595741763 43.0712509630531
0.76007 881.547308309515 44.2695846840078
0.7627 245.849264198605 23.3821308795481
0.77848 827.262519394766 42.9311814961101
0.78111 178.501904071019 19.9452481345824
0.789 343.250182476767 27.6709349672039
0.79163 386.612948179533 29.3713163586159
0.79426 188.564902098882 20.5155134799992
0.79689 170.234364132655 19.4958558495353
0.79952 646.221826074202 37.9882250738794
0.80741 28.0716150543516 7.90898412852611
0.81004 246.854998523501 23.4450237506701
0.81267 181.401606085622 20.0905984845131
0.8153 273.827649533182 24.6747886539562
0.81793 225.291309474212 22.3732656585956
0.82056 461.414013684965 32.0069877075526
0.82319 540.635995729406 34.6333123825111
0.82582 1020.12017566862 47.5564297819395
0.82845 2191.74369553687 69.6819613379604
0.83108 1001.27973131444 47.0809252391471
0.83371 603.967419874094 36.5523842505879
0.83634 602.771626378912 36.5028620839378
0.83897 942.332465065384 45.6240716519649
0.8416 845.647404625641 43.2043976772362
0.84423 1254.78353400476 52.608862924131
0.84686 1478.77788099416 57.0909252280585
0.84949 595.69677448507 36.2217321686038
0.85212 774.35545618235 41.2826566859236
0.85475 152.112472834775 18.290291156513
0.85738 835.875033204945 42.8597382667697
0.86001 2102.61913959224 67.951595707107
0.86264 2053.48921841108 67.1283487699151
0.86527 883.735581822706 44.0211315972272
0.8679 1883.31303304973 64.2393962349266
0.87053 411.425700093271 30.0141430604697
0.87316 376.13421777566 28.6874264332759
0.87579 372.801037774843 28.5495017164737
0.87842 161.077802974143 18.7593383324864
0.88368 357.866770464071 27.9408350213983
0.88631 489.028057989988 32.6501302320237
0.88894 144.921314957754 17.7673794857774
0.89157 27.6200222242244 7.75368858538439
0.89683 46.1203980621681 10.0119967957724
0.89946 48.4767093164649 10.260758895115
0.90735 705.219934180088 39.0528416374577
0.9205 802.480672026564 41.5046044664207
0.92313 22.0774255903753 6.87906624319799
0.92576 126.750673212846 16.4704785819384
0.92839 427.568048123266 30.2279727959587
0.93102 478.619027767384 31.9577514578384
0.93365 160.02120330812 18.4647888864594
0.93628 9.45380667593625 4.48469379825303
0.94417 589.163529365535 35.3236836121506
0.9468 1377.46680407163 53.9710062193654
0.94943 510.933486660316 32.8453214829707
0.95206 378.160730028299 28.2358221814265
0.95732 555.967731569407 34.1843478547131
0.95995 271.749870287368 23.8812231511133
0.96521 1294.03247283626 52.0333446854269
0.96784 213.792855968244 21.1336067020667
0.97047 90.949285659319 13.7734911609147
0.98099 392.552392442533 28.5270939021574
0.98362 389.461369611778 28.3926353888921
0.98625 797.985447672631 40.6102136241583
0.98888 380.704017499653 28.0282043164148
0.99151 385.865882240811 28.1957057754598
0.99414 125.818175670944 16.0878935343741
0.99677 572.082885883483 34.2782906419281
1.00466 316.974137211847 25.4552237760654
1.00729 63.2738160759923 11.3640255659427
1.00992 490.440514868075 31.6131660708361
1.01255 202.946892946896 20.31983190255
1.01518 716.534278940431 38.150560776784
1.01781 1.48269655676719 1.73404977127502
1.02044 141.804520929196 16.9446608608107
1.02307 1260.8593048445 50.4862394435412
1.0257 1253.90170557656 50.3063447368339
1.02833 1258.87233366715 50.365437058216
1.03096 308.702580194689 24.9208055143238
1.03359 745.584509903084 38.6981321915322
1.03622 1894.26809792196 61.6327209260461
1.03885 345.738890254011 26.3095379046405
1.04148 881.102246425087 41.966250890426
1.04411 1195.15214432511 48.8366605356694
1.04674 877.990793366075 41.8240525973833
1.04937 297.653150868166 24.332266654518
1.052 421.348796690234 28.9263622497526
1.05463 1045.35979581793 45.5250965535458
1.05726 190.486987616711 19.4175795002283
1.06252 77.1418398209836 12.3365746822052
1.06515 64.0041553535658 11.2278443200304
1.06778 164.712520954755 17.9969005253224
1.07041 438.24145940095 29.3313911152169
1.07304 411.735476986695 28.4070413621329
1.07567 2083.96314090863 63.8560733639465
1.0783 552.927631174921 32.8648062620136
1.08093 171.97605248354 18.3134453256117
1.08356 381.825612970685 27.2651025023735
1.08619 369.452979337958 26.7973672092481
1.08882 429.446008734922 28.867166465931
1.09145 587.00588590027 33.7215728422813
1.09408 356.886273325213 26.271667067597
1.09671 1.15450350297228 1.49298636394121
1.09934 571.610838707639 33.1927574478771
1.10197 370.209583547925 26.6964951337214
1.1046 145.022789785163 16.6989034036986
1.10723 635.371683324438 34.931951173217
1.10986 603.335133740161 34.0194276421515
1.11249 359.009761674607 26.2264365847845
1.11512 199.792734343931 19.5530338006508
1.11775 406.602037621689 27.8770563415189
1.12038 101.336952292437 13.908604943283
1.12301 228.434560025131 20.8697743869275
1.12564 413.361768991243 28.0568481595946
1.12827 182.140760814518 18.6128921521595
1.14405 235.047266325667 21.0668935148034
1.14668 362.201243216825 26.1355816164052
1.14931 339.84996271511 25.3008313590396
1.15194 229.82046564114 20.7930970228537
1.17824 19.7591906178905 6.0593744962448
1.18087 20.7582995762772 6.20681949209426
1.18613 37.2560566900078 8.30482869168679
1.18876 679.889184416905 35.4552293859088
1.19139 95.5252768467568 13.2815586603476
1.19402 407.780792302531 27.4240501515386
1.19665 387.164312354661 26.7050779662141
1.19928 420.536148415198 27.8147714266883
1.20191 241.671626258344 21.0751966110533
1.20454 253.99837114538 21.5971079091574
1.20717 267.899026397338 22.171081724886
1.21243 842.147141635246 39.2769022362251
1.21506 1121.05653687446 45.2978652812226
1.21769 274.615252861228 22.4102601258816
1.22032 168.979640113169 17.5720408305595
1.22295 253.863882704994 21.5290946535831
1.22558 209.393635704545 19.5446182864092
1.22821 18.1606098271102 5.75348075755769
1.23347 412.501523838389 27.397931475439
1.2361 614.178530933763 33.4173386869111
1.23873 298.323432384266 23.2802492777961
1.24136 904.174361770093 40.5125224362913
1.24399 440.635350551802 28.2697491998888
1.25188 164.706066740679 17.262093754434
1.25451 173.104830889425 17.689345288584
1.25714 250.32070573907 21.2629683614462
1.25977 241.440487407875 20.8736666530548
1.2624 290.436879522484 22.8842988699593
1.26503 215.996328317128 19.7266254080735
1.26766 543.655003721817 31.2830463913077
1.27029 744.691165718565 36.5976350649225
1.27292 432.714503326073 27.8857976220767
1.27555 401.772779448418 26.8590019321997
1.27818 233.636765613212 20.4732752315843
1.2887 271.352402821509 22.0267534034796
1.29133 285.186501191012 22.5717109225125
1.29396 225.598980403727 20.0671062862902
1.29659 402.859780782816 26.8045902423152
1.29922 300.559043328208 23.1426449398161
1.30185 525.0059497445 30.5755266564542
1.30711 191.455050867876 18.4542680449409
1.30974 175.913986785242 17.6847650331841
1.31237 184.94144828657 18.128082683423
1.315 489.08548217739 29.472210447631
1.31763 370.693419223165 25.6515303116536
1.32026 623.093958886655 33.2481946417355
1.32815 14.6384534349258 5.09207631156298
1.33078 260.571942213416 21.4781240048133
1.33341 503.731868871054 29.8550214970183
1.33604 108.464990881831 13.8499294031945
1.33867 285.188722168326 22.4519452071227
1.3413 316.088621740109 23.6307335293179
1.34656 38.9880933341238 8.29484986994152
1.34919 151.264446069645 16.3341203286334
1.35708 878.603669256306 39.3348795112654
1.3676 617.27553063206 32.9350747355386
1.37023 1071.90283902254 43.3891488104484
1.37286 200.355179898231 18.7537422546471
1.37549 250.196084088515 20.9513534427806
1.37812 47.9015947214401 9.16496745949245
1.38075 179.577860141585 17.7405217193401
1.38338 158.172686282075 16.6452271014521
1.38601 166.288398271126 17.0623513571796
1.38864 92.5886476721713 12.7283069636796
1.39127 465.43686747044 28.5302753075119
1.3939 901.546252235006 39.6966006151427
1.39653 361.933119018451 25.1453191379826
1.39916 536.33020764366 30.6015013132776
1.40179 932.787325073016 40.3486015919021
1.40442 644.684312287818 33.5383677179716
1.40968 65.3209563858681 10.6722742262642
1.41231 106.164271199846 13.6035117504194
1.41494 39.4082858543226 8.28679759506158
1.4202 181.142506326564 17.7609138657617
1.42283 289.912935347484 22.4657006175308
1.42546 439.749047078348 27.6642977820411
1.42809 352.464341398777 24.7631446872597
1.43861 500.369389043697 29.486102333236
1.44387 62.5586891928713 10.4226364642579
1.46228 170.884465926714 17.2068176678538
1.46491 126.71383818807 14.814670055149
1.46754 393.437922168369 26.1004949982216
1.47017 441.447733605434 27.6427300738065
1.4728 362.953190142281 25.0609324740514
1.47543 381.099700166204 25.6756725778845
1.47806 358.719764607817 24.9063888379243
1.48069 172.611727832475 17.2742350419242
1.49384 31.7757182253287 7.4056613214829
1.49647 33.4132594657006 7.59287081183405
1.50699 49.9497300354912 9.27889160667376
1.50962 729.277058386156 35.4513420250165
1.51225 689.211776839245 34.4603446183973
1.51488 1200.87623497474 45.4830159716627
1.51751 295.371045431544 22.5549017551637
1.53066 94.8685869762124 12.7762180805954
1.53329 426.891647498151 27.099216049787
1.53592 43.1834531429369 8.6181365731482
1.53855 45.4143954338584 8.83706883985653
1.54118 221.968086917503 19.5350043197441
1.54381 158.177748772808 16.4891284503896
1.54644 162.783716593173 16.7258131688444
1.54907 400.498597948466 26.2324593251939
1.55433 540.1146546032 30.457549320619
1.55696 173.179568747721 17.2447547953079
1.55959 53.6455085512184 9.59692480858157
1.56222 16.611104271045 5.33975541210657
1.56485 17.4692597192642 5.47540260408962
1.56748 171.646520138313 17.1614111152647
1.57011 180.514031618306 17.5973654935777
1.57274 47.3012656680861 9.00710491019414
1.57537 49.7449146043031 9.23591326240324
1.578 543.835468688964 30.5348588587682
1.59904 241.440208551957 20.3291796344275
1.60167 253.920174943808 20.8461645153348
1.60956 187.38159385961 17.9038957838222
1.61219 447.128772701913 27.6547168900593
1.61482 142.486403119494 15.6101992484823
1.61745 111.391795504175 13.8012098385326
1.62271 190.580667678968 18.04960116847
1.62797 172.009422451841 17.1451749029569
1.6306 210.943714877816 18.9853188723706
1.63323 31.5915008935427 7.34663605567647
1.63849 31.8949212939884 7.38077116840415
1.64112 131.769746211858 15.0009101569991
1.64375 270.322319484763 21.4842147720918
1.64638 518.570548700199 29.7544022272201
1.64901 360.651140500021 24.8118832463966
1.65427 30.3076893490347 7.1916743034118
1.6569 211.695163992355 19.0054352820532
1.65953 446.876223077821 27.6111646997925
1.66216 20.6329809610819 5.93254221512028
1.66479 219.717511164481 19.3580196094514
1.66742 1086.8871636699 43.0516257985555
1.67005 874.718805234318 38.6189348238263
1.67268 29.5906051285446 7.10250765653987
1.67531 323.617956025831 23.4865818609916
1.67794 155.282032717713 16.2679501673158
1.6832 251.155038379709 20.6861943851654
1.68583 264.144707225823 21.212864399581
1.68846 38.3870926721826 8.0861104799084
1.69109 40.3724607686102 8.29198231483524
1.69372 74.5676593742284 11.2683338113227
1.70424 388.455170401585 25.7125959597165
1.70687 374.585036192896 25.2481587868222
1.7095 766.647582289172 36.1186419167782
1.72002 665.287661529259 33.6398729248617
1.72528 90.8018692679887 12.4266777683029
1.72791 108.079595335538 13.556841218914
1.73054 64.2104598131989 10.4488514426294
1.73317 67.5346111111665 10.7153873367188
1.7358 272.707796600051 21.5314092629705
1.73843 508.365024980814 29.3961540567752
1.74106 141.859054472045 15.5278102452263
1.75158 1018.93210159991 41.6073728721991
1.75421 238.387732986592 20.1241995942695
1.75684 219.458697402023 19.3077671493748
1.75947 277.832322719391 21.7233113443354
1.7621 718.152113397177 34.923828670108
1.76473 1237.29863811861 45.8384452401951
1.76736 915.308857620398 39.4235224546325
1.76999 553.898420099629 30.6666005109102
1.77262 130.805249210883 14.9019168717972
1.77525 476.043848925324 28.4270638288388
1.77788 906.693727630873 39.2299545429537
1.78051 998.059963348799 41.1571020749857
1.78314 561.454923774294 30.8676016903195
1.78577 158.151216917866 16.3817644335403
1.79103 93.7690840595322 12.6128192832731
1.79366 0.994699407421924 1.29899424557902
1.79629 149.305928057069 15.9139790690041
1.79892 346.358379101008 24.2371786130636
1.80155 624.416748275098 32.5416214957297
1.80418 999.808983553492 41.1759828299305
1.80681 1317.99165918059 47.2743238104173
1.80944 261.330053921732 21.0497629949493
1.81207 40.4297700580852 8.27916813404104
1.8147 167.528806977716 16.8525005015631
1.81733 256.771671787766 20.8629966392594
1.81996 170.745514853211 17.0122328206007
1.82259 5.62309805803561 3.08715207967373
1.82522 133.859867860218 15.0618709033469
1.82785 134.572034446435 15.101311356102
1.841 171.710240441396 17.0550490091339
1.84363 656.876904333157 33.3564934754786
1.85941 428.780098471232 26.943673050496
1.86204 450.987235743098 27.6315423221327
1.88308 33.3647099720431 7.5133691393373
1.88571 148.745607238779 15.8634127587974
1.88834 119.539132521184 14.2204421222214
1.89623 216.085244690815 19.1170596406518
1.89886 414.948546470432 26.490439081839
1.90149 331.45245252036 23.674909017261
1.90412 411.073016288439 26.3647527475274
1.90675 284.060436468958 21.915738503585
1.91201 29.0892942298644 7.01278231759723
1.91464 30.5962936499478 7.19191739634199
1.93042 289.256803309114 22.1091038718393
1.93305 304.242027507246 22.6738599970039
1.93568 3.0344282402544 2.26433563227247
1.93831 3.19162966073871 2.32217592416039
1.95409 2.5729988090835 2.08462378044148
1.95672 2.70629536896651 2.13787344684319
1.96198 33.3039763325235 7.49920870004988
1.96461 372.465505880264 25.078232432085
1.96724 176.479446794417 17.2618547634523
1.96987 200.369959763392 18.3926028650564
1.9725 210.750304156804 18.8624233976262
1.97513 279.020966615655 21.7029264468163
1.98302 186.169318229084 17.7261089139252
1.98565 289.644626414704 22.109483075702
1.98828 196.435837574133 18.2071807346053
1.99091 242.910358249709 20.246121979335
1.99354 298.644441271073 22.4482525038203
1.99617 392.179161199169 25.7237373133381
1.9988 245.131635662859 20.3365827580695
2.00143 456.163595126712 27.7413356871572
2.00406 363.383669907236 24.759325595772
2.00669 736.473771393445 35.2471332945474
2.00932 72.4980167035845 11.0585267275178
2.01195 323.744131013605 23.3681434944837
2.01458 459.773727704011 27.8473827253712
2.01721 183.098122707753 17.5728945310474
2.01984 927.595866449655 39.552123688193
2.02247 1.63627605834227 1.6611457539512
2.0251 50.4350879212791 9.22220752138411
2.03036 195.955401192156 18.1771257314239
2.03299 500.267846619199 29.0426962480193
2.03562 567.071272865362 30.9202862395994
2.03825 391.483279225642 25.6903685833177
2.04088 422.850371647726 26.6990696621281
2.04351 356.771278370198 24.5237429654417
2.04614 708.54980212732 34.5593882715651
2.04877 350.56183038189 24.3081670337608
2.05403 348.130859487047 24.2225154552484
2.05666 415.554841699455 26.4637383694351
2.05929 51.9434765686764 9.35602917830566
2.06455 113.260871788159 13.8147836816679
2.06718 190.934330669466 17.9363962016042
2.06981 175.17126499727 17.1796237368967
2.07244 459.781089978077 27.8321530874794
2.07507 430.873816199078 26.9423417057906
2.0777 60.4881874466727 10.094495290332
2.08033 13.0760688324275 4.69328533698113
2.08296 177.31963694285 17.282469985711
2.08559 187.047159399817 17.7497396591362
2.08822 15.7830329935031 5.15585499837579
2.09085 286.090086833008 21.9505749758843
2.10663 113.738052131283 13.8384058805592
2.10926 119.632969145388 14.1922043525775
2.11452 484.920811078897 28.572110001609
2.11978 135.008131423299 15.0754175820059
2.12241 142.005451886622 15.4608418867889
2.1303 161.224912677092 16.4729139348139
2.13293 131.422426675547 14.8723752940628
2.13556 116.936062422832 14.0284945681966
2.14871 55.8197471292307 9.69140994875942
2.15134 58.7128211451049 9.93918432975938
2.1566 51.3033975276501 9.29051544536719
2.15923 53.9623940160449 9.52804035399878
2.16186 30.7895040517875 7.19698449630245
2.16712 161.992503007469 16.5074180948477
2.16975 170.388388279234 16.9294530156343
2.19342 129.379566730857 14.7494858603373
2.19605 136.08515877598 15.1265765714204
2.2092 25.1902245763818 6.50741646437393
2.25654 191.942453280727 17.9566929365403
2.25917 434.374824164459 27.0124965911848
2.2618 517.804373838697 29.4921765786449
2.26443 351.764663673572 24.3075752747338
2.27232 156.839878466541 16.2299984469394
2.28284 198.306411409757 18.2484030150297
2.28547 308.734407250876 22.7688221892623
2.29073 84.9959819665292 11.9462162642838
2.29336 89.401360425042 12.2516561834874
2.29599 344.998184432029 24.0670413271167
2.29862 282.864199178877 21.7918877243852
2.3144 291.483571406602 22.1194705886156
2.31703 480.485068831721 28.398895912925
2.32492 121.857159499109 14.3010687167432
2.33018 199.070976264887 18.2782486407836
2.33281 209.391087506832 18.7457803230472
2.33807 175.828418060307 17.1773672075225
2.3407 184.943602897587 17.6167398609195
2.41434 140.8633213143 15.3686097579744
2.41697 148.166251643959 15.7617577893859
2.43275 77.7313429506063 11.4154851375748
2.43538 401.432641187674 25.9416149720548
2.43801 393.810553258463 25.6938227047092
2.44064 60.5505569368302 10.074847917491
2.4459 588.564971869894 31.4098160910217
2.44853 478.661446187745 28.325448270066
2.45379 53.385765234715 9.45941027650957
2.45905 166.937109715166 16.7269411635697
2.46168 175.591809807909 17.1548367957395
2.46694 73.1305452954887 11.0706373985316
2.47746 134.996506288803 15.0404904399448
2.50376 325.334332493733 23.3458715645854
2.50639 211.4876573789 18.822721967159
2.5248 238.989976386697 20.0075147724533
2.53532 337.895695432414 23.7888643221243
2.53795 343.227131951486 23.9755155295644
2.54321 102.711493058307 13.1152389388446
2.54584 73.4157034197284 11.0880694274901
2.54847 360.176424744774 24.5591801155465
2.5511 297.624457141223 22.324682915805
2.58529 195.022132939638 18.068617221706
2.58792 548.196526040368 30.2932502543621
2.59055 56.9208044472187 9.76130794784853
2.59318 59.8719177166068 10.0110320119757
2.59581 254.213060318621 20.6281823170987
2.59844 388.616513304734 25.5045357802417
2.60107 230.773708653805 19.653718358677
2.6037 375.231943423025 25.0608395692271
2.60633 305.061082422776 22.5960763594421
2.60896 25.902894792498 6.58427097857651
2.61948 74.5201003585808 11.1672417938939
2.62211 78.3833583388498 11.4528890042248
2.62737 27.4434826998054 6.77657982565783
2.63526 268.027981101058 21.1769179803304
2.63789 298.715774380348 22.3560812239205
2.64052 274.746305301461 21.440082084996
2.64315 240.9801912622 20.0791395725606
2.65367 126.959884884152 14.5734822394253
2.6563 261.464855557275 20.9136891734093
2.65893 134.554907456747 15.0026394033179
2.66156 82.9250717351141 11.777544113263
2.66419 253.514384343263 20.5924028719824
2.66682 232.22482270032 19.7085173721482
2.66945 184.654127690776 17.5740984818335
2.67208 130.816700254686 14.7917327573291
2.6826 1.01803957127854 1.30480444865755
2.74309 250.098295120645 20.4463313225598
2.74572 263.066551993086 20.9695442527238
2.74835 106.231000403861 13.325329539204
2.75098 341.070854453054 23.8765059891849
2.75361 291.503665531403 22.0732674866
2.75624 173.850812647396 17.0462606694917
2.75887 127.235143822503 14.5827842993114
2.79306 110.961102722948 13.6167101170488
2.80095 33.7837021441015 7.51326732205705
2.80358 35.5354449663908 7.70552184778891
2.82988 374.858919437227 25.0244564747258
2.83251 297.934890539144 22.3093730937246
2.8404 349.570600290463 24.1647328253721
2.85092 73.3920449003304 11.0719179639515
2.85355 77.19754762834 11.3552335553374
2.85881 118.825810315534 14.0877494652458
2.86144 124.987131155881 14.4482361413059
2.8667 34.5367496397529 7.59477338980246
2.86933 341.756390016039 23.8906719212224
2.88248 311.892147924778 22.8219122227356
2.88511 328.064286486427 23.4058943746278
2.90089 207.933385562495 18.6330408352451
2.90352 278.71329269258 21.5723252051748
2.90878 218.0882312173 19.0821463033127
2.91141 314.778852973533 22.9250543833528
2.91404 89.8092199985391 12.2451626091076
2.9719 62.0784195200045 10.1788162894443
2.97453 65.2974534431736 10.439304496759
