-0.19725 1.92811876336629 2.00938507851272
-0.19199 443.547525707598 30.479918438694
-0.18936 454.181342768756 30.8448086226029
-0.18147 520.410020290584 33.0226095338826
-0.17884 746.269784915018 39.5466953225176
-0.17621 383.39457246988 28.3471205846155
-0.17358 267.999108956999 23.7015280087644
-0.17095 252.341576124345 22.99999665194
-0.16832 311.714416309392 25.564394186279
-0.15517 73.8189083074593 12.4439799562535
-0.14991 15.8306543739158 5.76331400782501
-0.14728 621.69516069549 36.118962396691
-0.14465 1364.36135407731 53.5099934681798
-0.14202 165.067494977316 18.6133542089163
-0.13939 32.5608804194603 8.26733616476822
-0.13676 1417.64769438889 54.5538428997626
-0.1315 7.12317699627611 3.86745596443524
-0.12887 1119.07932664219 48.4777663859064
-0.12624 333.193164237239 26.4535437830984
-0.12361 129.118137504586 16.4684640009277
-0.12098 199.969892579484 20.4958258757089
-0.11835 112.971937356364 15.4060764860154
-0.11572 767.482026892819 40.1573005438588
-0.11309 624.41285924377 36.2234626951544
-0.11046 1114.56788930232 48.3983933661851
-0.10783 778.755903576286 40.4577747862597
-0.1052 834.427727215378 41.881218852703
-0.10257 126.733159376276 16.3227643007336
-0.09994 519.13679880726 33.0379516484315
-0.09731 637.018933416472 36.5995240861227
-0.09205 170.662834378156 18.9462624524682
-0.08942 151.385414655921 17.8452849150966
-0.08679 588.82031497769 35.1965629093432
-0.08416 1977.9069907824 64.5118037510458
-0.08153 336.81135774703 26.6230006498538
-0.0789 583.108136852159 35.0320516610324
-0.07627 253.810574367697 23.1139014528274
-0.07364 446.996024953689 30.6759208144069
-0.07101 981.780147648748 45.4653222080069
-0.06838 797.528265675638 40.9801516757858
-0.06575 216.734776999614 21.3644731167036
-0.06312 399.669508819084 29.0138763562153
-0.06049 1040.28177557562 46.8120975743459
-0.05786 900.190184830518 43.5488908671762
-0.05523 1925.55233550478 63.6964131852611
-0.0526 711.903566166341 38.7324747752841
-0.04997 1190.12707067296 50.0828084553045
-0.04734 1916.82223190722 63.5638608384933
-0.04471 846.076305180845 42.2329534554355
-0.04208 1236.42131696731 51.0572317539842
-0.03945 1951.9816462479 64.1562865620321
-0.03682 2386.32472130876 70.9403704011001
-0.03419 3350.06587648927 84.0587020152755
-0.03156 3166.07114585518 81.7228797597139
-0.02893 4025.42714733411 92.1545176285298
-0.0263 5089.82904705002 103.630968447186
-0.02367 5424.73966579395 106.992841128074
-0.02104 5826.71980646137 110.893130566161
-0.01841 6449.44444001518 116.675866143499
-0.01578 9449.62052664563 141.238912648422
-0.01315 8952.8742684129 137.485127509484
-0.01052 10918.505208502 151.839010339005
-0.00789 9669.90667681789 142.902623901513
-0.00526 10343.3279338403 147.804104843486
-0.00263 10138.0829198292 146.339494742686
-0 10261.1323005028 147.234229202856
0.00263 11539.3600818777 156.146528054941
0.00526 10562.218975341 149.399579225833
0.00789 11084.8862832319 153.062121738651
0.01052 11110.2864701627 153.248082692851
0.01315 9732.85390367825 143.444146983418
0.01578 8948.75752648466 137.554374066307
0.01841 8922.48952200181 137.361921809522
0.02104 6675.78081611955 118.824136182298
0.02367 5208.25604535925 104.961513987362
0.0263 4734.04666312637 100.076124339849
0.02893 3566.43663814847 86.8683856359429
0.03156 3759.0385196604 89.1893834196279
0.03419 1149.33577115202 49.3206180710396
0.03682 1725.54813985793 60.4364379115554
0.03945 1869.10588765639 62.9046193633513
0.04208 2399.49294000117 71.2780133526188
0.04471 2945.61804799922 78.9794895657506
0.04734 725.755842126139 39.2059183155738
0.04997 1046.7933632942 47.0887422505331
0.0526 660.02674352363 37.3936296359561
0.05523 908.180238351403 43.8665137732893
0.05786 1003.9072419162 46.123698832726
0.06049 954.92171478168 44.9874577374138
0.06312 185.722658471319 19.84130538425
0.06575 2042.38258066662 65.8016174590809
0.06838 2573.82820288294 73.8733881610794
0.07101 1687.81569744809 59.8261378551271
0.07364 383.592686915431 28.5229097528106
0.07627 994.499865206035 45.9294495241844
0.0789 851.545168980507 42.5033267921621
0.08153 532.48278873305 33.61259681295
0.08416 393.086308258491 28.881745202163
0.08679 21.264579896071 6.71797012551385
0.08942 696.844399461437 38.4598652479159
0.09994 0.801970616234693 1.30508796286294
0.10257 107.147843684329 15.086393347428
0.10783 471.994271226591 31.6686558399009
0.11046 974.840512500687 45.5157624486158
0.11309 1063.09092410761 47.5350558266098
0.11572 1078.36729546495 47.8790933041062
0.11835 1004.47039723115 46.2130773745019
0.12098 1328.15437240758 53.1440131038504
0.12361 612.486268561158 36.0920866422238
0.12624 1019.41094367968 46.5663500033871
0.12887 1946.67677738233 64.3543947961133
0.1315 894.969250319459 43.6384254671287
0.13413 30.2433139472743 8.02256838676385
0.13676 202.176124296959 20.7442334300133
0.13939 961.693579665584 45.2464519151625
0.14202 1703.02468910125 60.215784738455
0.14465 1668.341759215 59.6040940625005
0.14728 1198.27115073004 50.5178466663258
0.14991 5.3081549823789 3.36258110403749
0.15254 2255.06659924435 69.3129437898406
0.15517 2136.29292330245 67.4681404950172
0.1578 3077.78957773766 80.9881500109196
0.16043 3364.49730965698 84.682911332587
0.16306 4121.94601343198 93.7390404170146
0.16569 6357.85105182232 116.428201626621
0.16832 8053.63043553001 131.048640154606
0.17095 8485.86207051078 134.529740684681
0.17358 9188.68228081636 140.000821369507
0.17621 9963.56469032695 145.795788362584
0.17884 10715.9608596928 151.212188961413
0.18147 9721.62727356618 144.037094996594
0.1841 9452.14210238049 142.037695065952
0.18673 10081.4387097716 146.701100355158
0.18936 11970.8866381203 159.870703980449
0.19199 11939.2595265802 159.671730973183
0.19462 11551.2231345523 157.067715568559
0.19725 11227.7589244466 154.864929334394
0.19988 11553.4497977331 157.107158226327
0.20251 10389.5191689469 148.995546722616
0.20514 8805.98593894135 137.183487842564
0.20777 7341.95153958357 125.272539047938
0.2104 5583.62568455385 109.256061603699
0.21303 5169.0993307372 105.131314750123
0.21566 5626.89928081342 109.697438026341
0.21829 4118.46952028412 93.8570917367413
0.22092 3025.55259265507 80.4523552557933
0.22355 3509.8180633681 86.6594542801421
0.22618 2239.54913535482 69.2294970961081
0.22881 1547.02059964016 57.5434839840946
0.23144 1502.88030603962 56.7214755628797
0.23407 323.744796471341 26.3283676826668
0.2367 1380.52360556397 54.3727953102838
0.23933 1250.58362539161 51.755118935137
0.24196 1667.43238514536 59.7665588679968
0.24459 1452.88157364966 55.7938628340173
0.24722 159.085750687265 18.4639299588341
0.24985 1494.92246084864 56.6050282018938
0.25248 938.229647240327 44.847415639293
0.25511 424.800491335165 30.1795328019166
0.25774 347.395733806952 27.2941392427511
0.263 289.477441910812 24.9194708972705
0.26563 449.347736597321 31.0498759390717
0.26826 175.216036165757 19.3906624159673
0.27089 820.496919018873 41.9644292463613
0.27352 856.741400923268 42.884943042762
0.27615 7.03999854872082 3.88779499344846
0.27878 233.937804151467 22.4132265205713
0.28141 116.705315888953 15.8320296006174
0.28404 406.543308912017 29.5516527266899
0.28667 614.134403114572 36.3242925348572
0.2893 1175.03963063136 50.249157837111
0.29719 13.7689781069883 5.4408228332179
0.29982 457.848817111674 31.3769907730823
0.30245 217.972597199493 21.6514352373254
0.30508 31.8984700348562 8.2833528325229
0.30771 171.504871614824 19.2085663417678
0.31297 216.9339793627 21.6068506723319
0.3156 861.932762167909 43.0724765679179
0.31823 866.808441923708 43.1976557858823
0.32086 122.268401234838 16.2252422074488
0.32349 118.42077513361 15.969211553378
0.32612 9.73762801959573 4.57964233723585
0.32875 1407.92488939494 55.0719121430808
0.33138 365.738920431841 28.0712296535698
0.33401 1140.94859086033 49.584314739206
0.33664 804.079957782136 41.6290327155536
0.33927 1516.30419532029 57.1709340247113
0.3419 2276.04933475088 70.0500367003235
0.34453 2105.01409445851 67.3721554322327
0.34716 1426.69791017678 55.4695127629073
0.34979 1804.50291721198 62.3882103424264
0.35242 1322.04161457655 53.4049712418488
0.35505 1430.97890167588 55.5662541863801
0.35768 2663.09003898083 75.8093562323553
0.36031 3566.20924560902 87.7341486624515
0.36294 4335.19533873481 96.7397491734262
0.36557 3396.17062700414 85.6309441647818
0.3682 2967.36077909915 80.0491108705365
0.37083 4484.29230270279 98.4132653816684
0.37346 3432.08267231639 86.1035184805244
0.37609 3650.77949087203 88.8116965970427
0.37872 1996.57751003593 65.6834240808178
0.38135 3243.54562278433 83.7255537117389
0.38398 3870.89289803541 91.4721570588719
0.38661 2543.86618756749 74.1593284999727
0.38924 2773.85413610407 77.4454264930858
0.39187 2472.65857238444 73.1259203353498
0.3945 1109.90565783675 48.9967866192491
0.39713 1793.71855209989 62.2926787571987
0.39976 1513.0077978251 57.2157672268804
0.40239 1318.21436270731 53.4108509069712
0.40502 545.655284535578 34.3666600652088
0.40765 554.554682662172 34.6491026624497
0.41028 1049.48054704174 47.6703840668115
0.41291 1235.85113396903 51.735205402671
0.41817 1114.15743158367 49.131456658996
0.4208 928.295824395364 44.8509015504279
0.42606 12.5823783871674 5.22266974128837
0.42869 460.313210559235 31.5921736396119
0.43921 549.409407032385 34.5276590924236
0.44184 44.920672953502 9.87378739707917
0.44447 647.409434514458 37.4879510588423
0.4471 28.1062482344787 7.81169306216474
0.45236 506.882693060455 33.1803160492013
0.45499 163.388868460404 18.8399408604878
0.45762 628.160183461919 36.9440933336916
0.46551 181.6110161253 19.8703437433502
0.4734 19.4998257844342 6.51289469078739
0.47603 956.553819092829 45.6199544795406
0.48129 489.618375639909 32.6446395604497
0.49181 724.553175718782 39.726821805623
0.49444 630.323145856839 37.0571243339028
0.49707 450.649993177279 31.33654852511
0.4997 676.561530625456 38.3995829367326
0.50233 641.420972265596 37.3918144471585
0.50496 257.618445286525 23.6985720271281
0.50759 913.991357695114 44.6409553273861
0.51022 521.527163938039 33.7232663978773
0.51285 1275.24061990219 52.737065766351
0.51548 980.435689556044 46.2442960623215
0.51811 1332.77010482207 53.9206300069431
0.52074 1130.72292156388 49.6688552209599
0.52337 108.637110836569 15.3965659971507
0.526 1470.26074101591 56.6448789365955
0.52863 504.980850670787 33.1993538877929
0.53126 535.025876757406 34.1749801683726
0.53389 1147.2592072723 50.0472651444448
0.53652 1650.42709650418 60.0311191595948
0.53915 2142.62373485521 68.4037502007678
0.54178 1194.99477193354 51.0879698243897
0.54441 1220.50268008972 51.6337529417546
0.54704 492.370492596465 32.7973693423661
0.54967 63.8383519989621 11.8103429579366
0.5523 250.606129028433 23.4016343948282
0.55493 665.351046414517 38.1333039027895
0.55756 345.424141006193 27.4779303455207
0.56019 1444.25198176684 56.189843198661
0.56282 2246.4966912253 70.0838386167946
0.56545 1773.35247853472 62.2717647769064
0.56808 1122.62338594067 49.5495061966556
0.57071 447.936447899001 31.3010663348291
0.57334 10.0917524251391 4.69853932337113
0.57597 916.379674917738 44.7760658291127
0.5786 872.858006484758 43.7027374165498
0.58123 40.0127807414268 9.35760775261468
0.58386 1722.00123838315 61.3918646279474
0.58649 909.787391562601 44.6264841291069
0.58912 566.152620080381 35.2061142344643
0.59175 2453.14043535303 73.2893976276872
0.59438 2311.26625592665 71.1432245988646
0.59701 617.352758739838 36.770866088505
0.59964 1422.94925185645 55.8289449178381
0.60227 2167.03619293488 68.8993122658879
0.6049 178.039900666206 19.7495663817433
0.61279 41.5867098307936 9.54613192445574
0.61542 1368.30569735217 54.7594152253916
0.61805 187.515685173555 20.2723042923143
0.62068 152.406980405964 18.2769542917813
0.62331 100.329065879412 14.8296827383091
0.63909 23.7140895634941 7.21147579839819
0.64435 5.68741772395761 3.5319343639919
0.64698 192.35631063012 20.5411780563204
0.64961 196.274752901326 20.7501582504923
0.6575 155.557454312342 18.4750574031171
0.66013 641.28951671236 37.5132346311306
0.66802 30.3561000829409 8.16265806697757
0.67065 1405.4598260412 55.5437105981853
0.67328 1881.57026859902 64.269207702028
0.67591 60.3154465758973 11.5073163158612
0.67854 217.767608020117 21.8662076908929
0.68117 219.855631095926 21.9716501323267
0.6838 1012.41992892782 47.1510392217095
0.68643 1393.36954917024 55.3173199592748
0.68906 763.295717333893 40.944109681435
0.69169 1178.71031805623 50.8821678217215
0.69432 680.471926856295 38.6619907754441
0.69695 1108.09902478478 49.3384423516125
0.69958 339.096900550057 27.2944972021347
0.70221 1668.52807647408 60.5475735739992
0.70484 825.439735455069 42.5881793317028
0.70747 568.323221820906 35.3395074746578
0.7101 238.565324109842 22.8972250478992
0.71273 613.483438663815 36.7195217104977
0.71536 488.706046000213 32.7744829825299
0.71799 1426.75099681293 56.0018641769053
0.72062 875.885328518258 43.880181414513
0.72325 1119.42737800663 49.6088484852483
0.72588 338.023812059843 27.261592780381
0.73377 794.995888671097 41.812794682765
0.7364 656.737633616232 38.0048563998531
0.73903 666.182758366753 38.2786159497828
0.74166 53.0658793142943 10.8039757763901
0.74429 165.540203475697 19.0828856288757
0.74692 947.120812426257 45.6469095490016
0.74955 1.26918132566058 1.67104024552266
0.75218 343.30352738754 27.4840410078341
0.75481 751.529363281271 40.6659397327228
0.75744 187.913053155229 20.3353986145438
0.76007 979.857649736513 46.4378481991988
0.7627 9.05941244821027 4.46536523672807
0.76533 311.419099934709 26.1815870941579
0.76796 477.08012653548 32.4067429517753
0.77585 219.639700175066 21.9909635711201
0.77848 853.153229760526 43.3429759971902
0.789 5.88221971328987 3.5994926859813
0.79163 196.638199023437 20.8123433396512
0.79426 393.55887726059 29.4447761251858
0.79689 256.147728031092 23.7555459221853
0.80741 680.996634306672 38.7370698601888
0.81793 261.131485023384 23.9888393588494
0.82056 11.8474932943611 5.10974450710031
0.82319 388.202001462101 29.2496832463937
0.82582 826.919058816843 42.6903893247907
0.82845 9.25497543181591 4.51640190534661
0.83108 303.254020718272 25.8532152878128
0.83897 1.98971689120829 2.09423742893961
0.8416 256.419915254019 23.7745596225214
0.84423 313.795883333683 26.3006545534324
0.85212 26.8990375916051 7.7007016766038
0.85475 1732.07804891848 61.7948080537978
0.85738 27.2487645477192 7.75082617032382
0.86264 754.467931873951 40.7856737737019
0.86527 283.25306004529 24.9908416914937
0.8679 19.3289720446049 6.5283628785844
0.87053 150.993500785647 18.2467433743427
0.87316 1169.45142569307 50.7812819002772
0.87579 1641.88780558375 60.1714716637678
0.88894 111.410876494739 15.6752448005552
0.90472 1.3547841005832 1.72861662117099
0.90735 50.2426184649352 10.5266601902332
0.90998 191.806098773048 20.5672633550548
0.91524 536.60860573988 34.399789271173
0.91787 234.92823208212 22.7606888295475
0.9205 686.032675323685 38.893858257354
0.92313 76.2983926382022 12.9705129244571
0.92576 277.692141927529 24.7441238667801
0.92839 1027.72046195369 47.601278425045
0.93102 132.544429002904 17.0943535926313
0.93365 883.203681559365 44.125862506743
0.93628 1381.57289247978 55.1874721494719
0.94154 619.497105297921 36.9534419018909
0.94417 209.754621032655 21.5021481726349
0.9468 4.63835172005912 3.19741307641964
0.94943 162.378989311911 18.9178880435871
0.95206 340.972838258201 27.4131190400445
0.95469 507.549772256449 33.4448077244268
0.96521 649.677626081038 37.8356881535239
0.98099 185.125338731798 20.1943811609591
0.99151 450.274055887466 31.4919359726703
0.99414 15.9855469205802 5.93356175650966
0.99677 523.754504520072 33.9630294480335
0.9994 2.09841316428851 2.14970494675601
1.00203 68.7501036684372 12.3041578585679
1.00466 496.961986691578 33.0791239743562
1.00729 936.021667160375 45.3954747295341
1.00992 1482.83136062498 57.133744267224
1.01255 1356.88427576811 54.6506588384063
1.01518 520.432484632517 33.8441323592402
1.01781 428.777164784548 30.7180892269785
1.02044 949.106405389569 45.6996643378502
1.0257 24.7671879556304 7.38156196724205
1.02833 1563.12284336254 58.6386080108321
1.03096 1156.27522385008 50.4306867462832
1.03622 6.85710384795161 3.88319302088222
1.03885 350.024695451474 27.7424700637994
1.04148 36.2577459251016 8.92839404056818
1.04937 46.2852200070447 10.0861540301162
1.052 870.604893724916 43.741345479401
1.05463 2270.93391104977 70.6416747618935
1.05726 1159.22471666317 50.4684197324538
1.06778 91.7660357419417 14.1966362629068
1.07041 575.797517878405 35.5595701926978
1.08356 166.876639056053 19.1383741014028
1.08882 173.633561097272 19.5199342353476
1.09408 710.965671610737 39.4948134405845
1.1046 444.987668046565 31.2394008645129
1.10723 1042.23278815376 47.8069392837994
1.10986 340.857793346018 27.3385232936796
1.11512 129.324270679464 16.8379098310458
1.12301 8.69760702740838 4.36603910248469
1.1309 800.396660939612 41.8774199400691
1.13353 178.947812553249 19.8002341961379
1.14668 64.7078249501899 11.9037758096142
1.15194 17.8311363859735 6.24820858094969
1.15457 596.74982013779 36.1444806311561
1.1572 1681.15895722829 60.6638626977072
1.15983 232.030146457758 22.536045257488
1.16246 478.372416858845 32.3570105644563
1.17561 534.488038265245 34.1942770096381
1.1835 59.9684152100803 11.4521006641848
1.18613 497.428635968884 32.9813988958041
1.18876 296.344418736634 25.4555136369184
1.20717 4.9553509023225 3.29047007394516
1.2098 162.344721226274 18.8326912655447
1.21506 190.830408699553 20.4156027021098
1.22295 6.84434676146324 3.86564584403514
1.22558 129.692906616905 16.8262258597249
1.23347 30.2765134845531 8.12828901616404
1.2361 684.416762133821 38.6437312035228
1.23873 340.624413894327 27.260206683785
1.24136 131.968278633445 16.9667458620626
1.24399 0.242108436327413 0.726676737095989
1.24662 11.1795015823355 4.93764691332325
1.24925 106.398450767093 15.2317208656001
1.25188 12.4406768116 5.20805822469924
1.25451 430.373348448703 30.6301423238363
1.25714 746.904435684419 40.348867479155
1.25977 46.8732988629678 10.1072750919409
1.2624 45.5796392046453 9.96619225619823
1.26503 389.998277199867 29.1506103875372
1.26766 18.5050024611246 6.3494099487441
1.27029 13.944839568407 5.51147749055909
1.27292 456.853665221421 31.5444030096959
1.27555 487.431295497134 32.5808894383359
1.27818 26.4863594875653 7.59433652351937
1.28081 875.837717526789 43.6679690353435
1.28344 265.540535951461 24.0430218109923
1.29659 18.0659017871932 6.26925206321228
1.29922 591.857878633782 35.8809723057731
1.30185 492.203035351195 32.7179112224842
1.30448 704.163594890173 39.1298462294997
1.30711 483.99603972207 32.4377098003055
1.30974 434.591263641275 30.7346088835461
1.31237 209.441029599162 21.3341814164907
1.32289 910.600219904783 44.4672756360273
1.34393 1.91939583198255 2.03995984518144
1.34656 62.8780090148857 11.6747216892739
1.35445 16.0814215825922 5.90245542682821
1.35708 526.815574735091 33.7798384298185
1.37023 9.56618560597567 4.54973792477902
1.37286 313.381152099189 26.0382105348161
1.37812 582.431242109059 35.4905264049651
1.39653 115.526676035422 15.7955564457885
1.40179 34.7748614340655 8.66435059372874
1.40705 0.767770590223839 1.28698242529293
1.40968 25.148008511624 7.36436704671864
1.41494 591.286377493163 35.6973503957222
1.41757 968.525520861563 45.6792802377688
1.42546 189.875262912397 20.2151877810073
1.42809 702.703471932566 38.882681554479
1.43598 9.89720896526731 4.6121784148301
1.43861 340.170102408768 27.0348692190673
1.44124 526.621755996918 33.6319500863011
1.44387 92.593348359451 14.0999953631645
1.4465 301.337270793749 25.4320810700131
1.45702 74.5629820158003 12.6421941036808
1.46228 6.04244569717508 3.59765671188138
1.46491 197.917336271426 20.5864511003697
1.48595 63.2351659707706 11.6205794486137
1.49384 979.627166106083 45.714795340247
1.49647 517.853647172432 33.2319488878006
1.50173 587.122750347208 35.3728185779452
1.50436 82.9751134785308 13.2962237127329
1.53855 575.627091411376 34.9673866875178
1.54118 703.6007165747 38.6549136056467
1.57011 557.021645675326 34.349141795179
1.57274 9.20452144874261 4.41498593760712
1.57537 302.473716774097 25.3058768263397
1.578 395.874266689542 28.9470987736652
1.59378 280.284960698902 24.3399164819593
1.6043 439.853040665101 30.4910052177566
1.60693 120.804793650086 15.9816925917196
1.61219 879.751270509362 43.1405897143349
1.61482 51.2251482207191 10.4114310996627
1.61745 15.9662873577406 5.81344357528643
1.62008 523.296566706444 33.2864966614058
1.64901 299.017514925785 25.2017371603346
1.65164 510.06251018721 32.9197330592611
1.65427 10.5085780196795 4.72583985557397
1.6569 961.683530847701 45.2153104108419
1.67531 391.932361139106 28.8942423006674
1.68583 4.26164167479311 3.01469337872915
1.68846 139.675405786341 17.2614327787819
1.69635 3.52700024184095 2.74413880130374
1.69898 126.186320616624 16.416160371487
1.70161 917.582187323993 44.2786666381942
1.70424 0.699792188382205 1.22334002194515
1.71213 12.7300632373696 5.22454762381379
1.71476 417.473625902176 29.9321462434322
1.77262 16.2229738294728 5.95697023617605
1.77525 532.012038671522 34.1277067000239
1.78314 185.960134295973 20.2029078868879
1.79103 244.913810307861 23.2148964023336
1.80944 3.42275064322152 2.75313496511189
1.81207 256.770694903304 23.8571967952761
1.82522 1346.87961580996 54.7699313092438
1.82785 6.09070759903665 3.68482883755781
1.83048 199.754821586011 21.1123959925865
1.83837 9.09278070162093 4.51078796303073
1.841 339.910629529875 27.5925028584489
1.84626 13.3952431261599 5.48267854579704
1.84889 439.316401568128 31.4130629013855
1.85941 265.597294032357 24.4707822535099
1.87256 489.716774752237 33.3059872060377
1.87782 2.84438990896512 2.54067187523191
1.88045 93.2849093758183 14.556652953042
1.88571 45.6351412577086 10.1908075487809
1.89623 594.83560557628 36.8605049311157
1.90675 67.4829722969706 12.4278355695067
1.91727 33.4002503405325 8.74884129117023
1.9199 263.343575889154 24.5700650498294
1.92516 6.82646380591893 3.95713895957799
1.92779 223.812150683164 22.6618016563271
1.93042 2.20965761428105 2.25208238099595
1.93305 1240.91459552298 53.3779488534572
1.94094 116.310568522022 16.3496272390895
1.95935 2.58918651541504 2.44209716350199
1.96198 92.1080356833713 14.5679668404971
1.96461 281.308659536416 25.4630619004084
1.96987 4.76753044173993 3.31591606955073
1.9725 678.823235477673 39.573454906108
1.98039 742.360610823866 41.4037258408564
1.98302 190.593025794564 20.9823537611645
1.98828 146.867896660942 18.4247478032593
1.99354 52.1024276591472 10.9775245978671
1.9988 662.42746222705 39.1545143650974
2.00143 638.236277266926 38.4217385251278
2.01721 19.4756253594467 6.69670524990492
2.01984 287.998796528777 25.7423738755554
2.02773 35.1163273670252 8.97884365497998
2.03036 794.889263859651 42.7028118630061
2.04088 358.674428735003 28.6418663103731
2.04351 286.687014279722 25.5971608276101
2.04877 309.4163801469 26.5725008216827
2.05403 253.54211029058 24.0357859723422
2.05666 8.52772854675525 4.40642137928923
2.08559 144.216949231914 18.045378005636
2.09611 345.21719788045 27.8767119410644
2.104 12.1951959353009 5.23057359773833
2.10663 398.976370068856 29.89498865723
2.11978 353.610265515883 28.0368401072833
2.13556 27.4528643418173 7.77595604968344
2.16449 381.627441823669 28.7443178986457
2.17501 12.3320556913305 5.15084374680392
2.17764 618.02521672322 36.4350595490396
2.18027 354.552505864089 27.5747680403552
2.19079 120.474156031291 16.0226314374652
2.19342 328.171845712147 26.4234791086787
2.20131 14.6473477375638 5.56891886643656
2.20657 10.6704371926835 4.74539410490254
2.2092 507.264393950854 32.6920676216221
2.21183 234.323457820894 22.2012034945325
2.21446 173.520619031222 19.0891691578294
2.21709 9.22399830071728 4.39757595644259
2.21972 301.731871982724 25.1307821630819
2.24076 280.095531543809 24.0525082269767
2.24339 1059.69180801514 46.7448034362432
2.26969 701.956795632496 37.7248490038222
2.32755 5.16693741496649 3.18397755682898
2.35122 358.488660973663 26.3709678404112
2.38015 468.654362870996 29.9407971616513
2.38278 15.0802707390253 5.3673765513711
2.38541 1069.63324275545 45.1746762874321
2.38804 512.104743040683 31.2375345327328
2.39593 16.2028575376365 5.54562144699541
2.39856 771.562188219852 38.243547807139
2.40119 1110.91516428922 45.8631692767476
2.40382 97.652598267281 13.5919159441578
2.4196 7.82418129413457 3.83747797886681
2.42223 259.564504294251 22.0934302686897
2.42486 111.95075761871 14.5033361964586
2.43012 0.751965455684516 1.18762861844971
2.43275 24.617466564645 6.79229913591323
2.44853 55.7342240330313 10.1937323261631
2.45116 282.824838456196 22.95320351156
2.45379 1054.70042020313 44.3058648184275
2.45642 926.03519860479 41.4975415329886
2.45905 10.1993327166442 4.35317674153019
2.46431 136.941000063787 15.9371359340173
2.46957 376.718638646211 26.4103731251692
2.4722 388.376460619279 26.804234766888
2.47746 2.85976497762024 2.29807184129924
2.48009 95.8925705476484 13.301523788493
2.48272 535.509486642903 31.419756823638
2.48535 525.137557406444 31.1003967222435
2.4985 32.352883690529 7.70254350678756
2.50113 790.585724258129 38.0601433716834
2.51165 618.776307232657 33.6348373884495
2.51954 466.880680528098 29.192392249547
2.52217 4.85138399989255 2.9749580338195
2.5248 158.87176578475 17.0197273285815
2.53532 18.2077095405599 5.75547430459588
2.53795 615.73576565823 33.4604320514485
2.54058 916.47684160236 40.8108771607908
2.54584 3.23327387131416 2.42269022417746
2.54847 105.882061503131 13.8601670877448
2.55636 6.16388087234538 3.34138015619954
2.55899 202.836692154551 19.1625101798083
2.56162 265.177555430509 21.9042214900475
2.59318 532.300991575764 30.9311832245718
2.59581 303.472278656605 23.3483850560938
2.6037 124.068692761121 14.9186755179987
2.60633 598.269328400896 32.7548938930989
2.61159 498.368951056668 29.8855031295435
2.62474 111.243560091402 14.1079934519553
2.62737 26.8104165012501 6.92481324041122
2.63 43.2979090556066 8.79869367155743
2.63263 26.5949227014411 6.89465484603054
2.66156 0.935073087905657 1.29046754261672
2.66419 30.6281297484695 7.3843570803826
2.67208 351.942167987102 25.019140751113
2.67471 244.684045928675 20.8577574384085
2.67734 686.155958883229 34.9224118717741
2.67997 354.698026528371 25.1044202817215
2.68786 389.474219621188 26.2932352369675
2.69049 161.521049867392 16.9296172009155
2.69312 449.981955664523 28.2525729029624
2.69575 195.975726429156 18.6418690633676
2.72468 284.761843581063 22.4431250052745
2.72731 4.65675236456492 2.86971795307877
2.72994 170.928148910841 17.3843973769784
2.73257 610.069143996602 32.8395781582776
2.7352 262.767934852718 21.5501058848594
2.73783 191.485775266401 18.3944437201537
2.75098 128.52704116036 15.0623034455406
2.75361 65.7166043969977 10.7692836322044
2.75624 7.55238965303141 3.65045132882539
2.75887 253.25104205104 21.136598111336
2.7615 191.421006060512 18.3742388909525
2.77728 193.500994967462 18.4623304087949
2.79043 181.788179794027 17.885569752706
2.79306 845.335063956362 38.5646488086218
2.79832 280.91583449217 22.2265973167729
2.80095 3.55297544561725 2.49941625466349
2.80358 116.398182934646 14.3048486677205
2.80884 113.784522799808 14.1412275377485
2.81147 467.125421282845 28.6503499772717
2.8141 135.043845783326 15.4034584042178
2.81673 401.882214486031 26.5703876924168
2.81936 487.099367632532 29.2499368319728
2.82725 191.161302856079 18.3197299140042
2.82988 104.470243205538 13.542006283607
2.83251 564.136833436923 31.4663641204851
2.83514 627.532662621198 33.1848704177939
2.83777 447.705268456472 28.0275850313598
2.8404 71.6249533938068 11.2095806397347
2.84566 0.781518037668755 1.17074390121258
2.84829 25.6031167576196 6.70048775645031
2.85092 172.389532965852 17.3853340514701
2.85618 210.114864996159 19.190714989145
2.85881 275.102524045629 21.9572341427893
2.86144 82.0354732626166 11.9894362786615
2.87196 36.2878212414169 7.97165721826677
2.92193 1.72282358768335 1.73484413442352
2.92456 56.443754226778 9.92947366465409
2.92719 139.040235186533 15.5835626621622
2.93245 12.1463945631374 4.60549839910577
2.94034 72.8245300419221 11.2752564943687
2.9456 418.562227287124 27.0286290691134
2.96664 794.551608039664 37.2246511423044
2.99031 189.762195538796 18.1835233383972
2.99294 70.4894582402244 11.0818800295272
