-0.19988 167.594481437157 18.789560640063
-0.19725 148.912544233242 17.7115057627668
-0.19462 214.880752685779 21.2760830058433
-0.19199 280.734610220618 24.3189024886279
-0.18936 1298.78093033792 52.3078679764961
-0.18673 748.094323302215 39.6990689542605
-0.1841 329.690754049981 26.3547317724783
-0.18147 255.386830336024 23.1957030454113
-0.17884 449.611549161672 30.7772700348295
-0.17621 442.680266146687 30.5393311685384
-0.16832 110.199848609687 15.2375155757338
-0.16569 758.752656978369 39.9831356541523
-0.16306 195.528465412481 20.297138171283
-0.14991 456.58038276382 31.0172868953332
-0.14728 401.698507813862 29.093660485604
-0.14465 198.806659986591 20.4675941008008
-0.14202 571.680232477532 34.7081122152547
-0.13939 230.557571069258 22.0418058749105
-0.13676 315.234061735219 25.7737209345054
-0.13413 859.449499852262 42.5572746737587
-0.1315 584.965983352539 35.1100951598321
-0.12887 273.361084388204 24.0014853182649
-0.12624 981.384735985134 45.4770722299068
-0.12361 645.868514535477 36.8933403616434
-0.12098 1452.62163329518 55.3293093439564
-0.11835 159.433998447493 18.3304251433199
-0.11572 703.905254502317 38.5160947090227
-0.11309 1790.17128688552 61.4236343399788
-0.11046 545.083636701666 33.8940028542079
-0.10783 217.306467715311 21.4008335365324
-0.1052 1483.58930442636 55.9183416100899
-0.10257 543.165326542829 33.8350270974429
-0.09994 388.911637232101 28.6305078663001
-0.09731 522.896365848128 33.1989548040866
-0.09468 1058.82376632082 47.2434504873757
-0.09205 395.159749629428 28.8621904739893
-0.08942 1149.807662432 49.2344062511567
-0.08679 2098.32839073808 66.5129179788922
-0.08416 1590.8104834484 57.9150800900046
-0.08153 1768.18204628917 61.0603223799071
-0.0789 1059.29444359124 47.2625463761168
-0.07627 747.063264603284 39.6917844323352
-0.07364 535.412162653139 33.6030898189674
-0.07101 570.490729315753 34.6874643837426
-0.06838 1005.4557627509 46.0514070604093
-0.06575 853.816971002422 42.4382017028966
-0.06312 895.138170658724 43.4543021234516
-0.06049 1253.89261896195 51.4317229434382
-0.05786 2192.48505861834 68.0115041542819
-0.05523 1520.30263810599 56.6359566680428
-0.0526 1210.18165773022 50.5319032702586
-0.04997 1996.26330850276 64.9026517432766
-0.04734 1308.54190575452 52.5485215728882
-0.04471 1518.15754682019 56.6028449364991
-0.04208 2110.95532828991 66.7471172465338
-0.03945 3222.79685700408 82.4750543965373
-0.03682 3609.28468051174 87.2830404096029
-0.03419 4333.72252806219 95.6451602070943
-0.03156 3439.02767035457 85.2046768389136
-0.02893 5051.20428922835 103.265728888216
-0.0263 6943.33289768648 121.075393983906
-0.02367 6703.56373808816 118.970124612267
-0.02104 8817.53567405176 136.44945484457
-0.01841 9539.0434585001 141.926584758302
-0.01578 9479.35780206387 141.486154303592
-0.01315 9753.14766016175 143.519207881204
-0.01052 9468.97464730075 141.417205144508
-0.00789 9124.83165103687 138.827769689375
-0.00526 10215.8328738202 146.89734567308
-0.00263 10942.7906397123 152.038734306796
-0 12218.2889096218 160.660286205765
0.00263 11099.3722019728 153.132269887267
0.00526 10629.3089864386 149.859728115081
0.00789 9416.55036498819 141.056548197792
0.01052 9353.55333152414 140.588746380595
0.01315 8224.94621091122 131.83893524856
0.01578 7472.41131482511 125.667346845127
0.01841 5718.96865488731 109.942555190065
0.02104 7142.89581035607 122.873727001869
0.02367 5577.25567002073 108.579304455763
0.0263 3407.8794040877 84.8777368160299
0.02893 2974.7779291022 79.3037748213512
0.03156 2543.72021199873 73.3358207277062
0.03419 2610.85565440341 74.2998295965745
0.03682 3264.28474202117 83.0816865131256
0.03945 2178.90464661595 67.8805413867019
0.04208 1628.72947204723 58.6901960055716
0.04471 1117.25947237165 48.6108260942731
0.04734 343.62417169739 26.9595554926532
0.04997 656.449673360741 37.26374394849
0.0526 995.418995352248 45.8884748966998
0.05523 653.270663662733 37.1759548858978
0.05786 192.8561181427 20.1998040407504
0.06049 233.920220027616 22.2473976842465
0.06312 506.478393657144 32.7371363406737
0.06575 401.650820056056 29.1540868266631
0.06838 107.099961358985 15.0551351390095
0.07101 129.904336436043 16.581228790828
0.07627 395.05277418649 28.9175979171021
0.0789 234.987538023116 22.303445312868
0.08153 285.022508286725 24.5642778488272
0.08416 634.118197324049 36.6407548006362
0.08679 633.206840179386 36.6156697490079
0.08942 563.544262062399 34.5440360932748
0.09205 982.30352215045 45.608605253975
0.09468 1103.47165533025 48.3414206057719
0.09731 839.807702098435 42.1738860789648
0.10257 765.402999608673 40.2652953902789
0.1052 1767.52321099977 61.1907633685575
0.10783 2245.7456953102 68.9764904747517
0.11046 173.562836116733 19.1763819290076
0.11309 210.521419385167 21.1204876335594
0.11572 428.016658303804 30.1164394404368
0.11835 894.528736232089 43.539950357717
0.12098 181.103481863124 19.5916796837755
0.12361 97.0356816495535 14.3413980862966
0.12887 70.3286607071344 12.2103161187502
0.1315 792.767092114886 40.9969007047386
0.13413 220.236039560241 21.6092600832915
0.13939 118.731863565586 15.8677119061588
0.14202 254.73148025703 23.2428539573199
0.14465 1119.33874433614 48.7243876401882
0.14728 1224.67337122257 50.9674886786617
0.14991 1045.78864186225 47.1001763220992
0.15254 655.346099255169 37.286653372387
0.15517 379.711129679997 28.3832538598273
0.1578 776.867623857118 40.6000436041462
0.16043 1082.98426205381 47.9381787832768
0.16306 1085.86076309812 48.0037312942062
0.16569 1960.66465258983 64.5070307666413
0.16832 1852.75024002338 62.7092052030532
0.17095 2980.77914432377 79.5435959578514
0.17358 3576.28943558021 87.1312838101234
0.17621 3662.61497531069 88.1801589591359
0.17884 2963.03872760507 79.3161028642663
0.18147 1889.51196055891 63.3410099973952
0.1841 1688.9914857621 59.8882121420939
0.18673 2697.51941682771 75.6880581176493
0.18936 3067.38270240796 80.713561141814
0.19199 3407.43046390754 85.0733393584692
0.19462 3863.74492177205 90.5944627955258
0.19725 1589.26107752644 58.1048659586667
0.19988 3007.87628025903 79.9396629267782
0.20251 2923.14604518031 78.8098169092537
0.20514 1979.21582554211 64.8523432494149
0.20777 2907.76352446687 78.6108818935937
0.2104 2112.01862372049 67.0001887707778
0.21303 2159.04496069589 67.7457450542636
0.21566 1085.95296360433 48.0485969722236
0.21829 1437.23129096899 55.2793026334463
0.22092 268.564601060816 23.8972334229926
0.22355 848.497225245284 42.4788224902124
0.22618 781.714600533416 40.7751324669894
0.22881 708.622916486581 38.8242321422076
0.23144 22.2599923108939 6.88147902772872
0.23933 138.548432410204 17.1708620520841
0.24196 761.018501076213 40.2450892621423
0.24459 1303.71383183889 52.6781382721646
0.24722 462.331537244058 31.3718429384379
0.26037 781.713842025554 40.8044087815369
0.26826 257.101586826173 23.4049374641422
0.27089 311.858261818319 25.7785034324533
0.27878 940.838205355763 44.7825100909705
0.28404 439.973709527041 30.627548339567
0.28667 16.3361720623078 5.9019832401485
0.2893 19.8153961354163 6.5005207761496
0.29719 153.84509335879 18.1159213591077
0.29982 374.034434156798 28.2486913255364
0.30771 143.609942412983 17.5072280240614
0.31034 711.402801410072 38.9682297599875
0.31297 824.021100023593 41.9420652737269
0.3156 688.630100387093 38.3443514795695
0.31823 604.737307729883 35.9351551082799
0.32086 32.4516049100437 8.32495655775118
0.32349 175.21508908526 19.3453850149645
0.32612 212.535528008538 21.3076292222083
0.32875 84.4381541778517 13.4312508382063
0.33138 355.456776095383 27.5593025327583
0.33401 1028.24318981182 46.8759918338401
0.33664 936.828742554975 44.746634275113
0.33927 693.287755151826 38.495924540351
0.3419 622.53006793412 36.4809274367251
0.34453 486.989105777961 32.2680735912662
0.34716 29.6658557696045 7.96470260174538
0.34979 234.98463834892 22.4175715190269
0.35242 993.125522938576 46.0891395587841
0.35505 2743.99083099389 76.6153083627616
0.35768 2057.9493117688 66.3543281942896
0.36031 1290.10915550783 52.5403351149276
0.36294 924.068476937008 44.4692058931499
0.36557 472.859673875683 31.8127431292515
0.3682 709.248155147269 38.9638413731063
0.37083 630.725675655971 36.7460439890174
0.37346 1033.62900996276 47.0435787770715
0.37609 1220.23645644096 51.1172727388281
0.37872 1636.01954163392 59.1926230613572
0.38135 1235.61043444041 51.4448360892855
0.38398 88.2444770784125 13.7490417153715
0.38661 126.721188779659 16.4771060459007
0.39187 366.226306534296 28.0147264012415
0.3945 174.300002208766 19.3280463108434
0.39713 197.819396472026 20.5921331776165
0.39976 668.38520664899 37.8536667054132
0.40239 299.425940531284 25.3378596808519
0.40502 694.941826080125 38.6038091495531
0.40765 638.205798024993 36.9970436082202
0.41028 289.940162095127 24.9385700317949
0.41291 4.73293662639627 3.18649623244692
0.41554 176.184138293309 19.442950451748
0.41817 213.713896715811 21.4153829411703
0.42869 464.309493387314 31.5744642213556
0.43132 812.343960394692 41.7669595317086
0.43658 180.882576467439 19.7116322914755
0.43921 425.713104302701 30.2422008358511
0.44184 548.272712328267 34.3228907198488
0.44447 1581.53844306476 58.298324338622
0.4471 1141.83587627508 49.5391655777022
0.44973 433.116290070427 30.5126374879196
0.46288 74.7638074895214 12.681667319012
0.46551 324.607703104917 26.4265628586156
0.46814 499.291320056689 32.7769767357455
0.47077 803.976506436131 41.5952917133701
0.47603 274.664181372149 24.3155846961468
0.47866 333.17145439409 26.7823199174241
0.48655 1004.21867348256 46.5072022675925
0.48918 28.4343548460304 7.82633327465587
0.49444 586.286482660221 35.5428899483785
0.49707 742.035061980426 39.9890030458054
0.4997 300.997519886941 25.4706709546287
0.50496 550.377395090438 34.4474194453655
0.50759 49.7022461756937 10.3525806692196
0.51022 57.0563999093855 11.092948808495
0.51285 29.189711174451 7.93494517462431
0.51548 236.467889410022 22.5865198247681
0.51811 268.251119679677 24.0584806943195
0.52074 523.656769245877 33.6166921097389
0.52337 944.256827961711 45.1451256804592
0.526 105.072914579245 15.0607072764469
0.52863 72.6197544610732 12.5216493887492
0.53652 90.7977236256242 14.004709948089
0.53915 216.783336777852 21.6413195785879
0.54178 480.692907749448 32.22840358152
0.54441 1016.0724520935 46.8599062691815
0.54704 365.17036244432 28.0944784344935
0.54967 168.26283263766 19.0722284776117
0.5523 737.389055052243 39.929126655237
0.55493 1241.45217719747 51.8132201710186
0.55756 782.136275362906 41.1292618863739
0.56019 1120.93332614344 49.2417751329201
0.56282 1174.90735467671 50.4173162936602
0.56545 1225.34712624557 51.4922156761483
0.56808 827.209803148946 42.311063373831
0.57071 633.999448763532 37.0445762653531
0.57334 508.152166313837 33.1673798048813
0.57597 580.941735061445 35.4661983537895
0.5786 101.571119598631 14.8309011742835
0.58123 614.901883637732 36.4938261499174
0.58912 966.275546348415 45.758222664148
0.59175 24.3987509719647 7.27170906121603
0.59438 429.856823437571 30.524506347419
0.59701 131.875899235077 16.9084379278481
0.60227 39.7971289550517 9.29001079526514
0.6049 48.2760619917977 10.2327892939386
0.61542 513.217849771498 33.3756696187842
0.61805 951.478843919856 45.4481712343818
0.62068 716.226928144275 39.4348227945402
0.62331 56.5792053186661 11.0846175312467
0.62594 106.335745220427 15.1974122313847
0.62857 219.320351565304 21.8276598802127
0.6312 1009.77147498764 46.8400080122679
0.64172 240.495886169187 22.8670411597777
0.64435 1315.10643609529 53.4778903899732
0.64698 227.000655479596 22.2200500014834
0.66013 68.4658406522766 12.2083411400982
0.66276 83.0526991102677 13.447271747459
0.66802 139.246281733161 17.4150342829207
0.67065 15.0419417212467 5.72429600870548
0.67328 18.2466715958023 6.30521000949206
0.67591 260.436176052853 23.8229737881313
0.67854 132.541584254799 16.9964796821983
0.68117 2.71912709307668 2.43464267812208
0.6838 67.3324368777941 12.1163054512842
0.68643 283.179461088239 24.8500053097994
0.68906 610.208995662684 36.4814818004075
0.69169 353.814854535089 27.7816956221128
0.69432 341.325409930429 27.2893110670033
0.69695 725.524537132081 39.7898087195145
0.69958 1273.20137017796 52.714667673219
0.70221 102.07739787072 14.9273829913453
0.7101 59.5469049468396 11.4039763860196
0.71273 207.850381329612 21.3077728220867
0.71536 164.509804536786 18.9580849276419
0.71799 315.140475957219 26.2413748434445
0.72062 178.993278669921 19.7782912387519
0.72325 389.377433216369 29.1737128171118
0.72588 363.883591655021 28.204827856118
0.72851 187.943959210122 20.2717993717588
0.73114 71.4664327712163 12.5015843885265
0.73377 86.6918830794531 13.7701638327502
0.7364 506.787653899669 33.296515064568
0.73903 455.637808975994 31.5741391182482
0.74166 350.092338511139 27.6788990083909
0.74692 130.621340430068 16.9097151551941
0.74955 450.329332312019 31.4000392504361
0.75218 546.268910532739 34.5863043302648
0.75481 194.773896176743 20.6539028358792
0.77322 25.705470614155 7.50758450687007
0.77585 31.1818373384429 8.26940173197036
0.81004 252.506088935966 23.5585665155301
0.8153 601.419956872625 36.3652178718765
0.81793 569.943498279289 35.404244985316
0.82056 164.081102606738 18.99813061532
0.82582 241.582193878318 23.056762393116
0.82845 355.449210212762 27.9702769621339
0.83108 558.86647306492 35.0755214781346
0.83371 405.396731889225 29.8766803015392
0.83897 399.735669954655 29.6730962801353
0.8416 487.254289486773 32.7639560698044
0.84423 2.84313323101467 2.50299039225949
0.85475 246.312221011017 23.3062169652053
0.85738 298.795873803364 25.6719075186099
0.86001 78.1937346248573 13.1340555328768
0.86264 94.8550722201473 14.4672228112234
0.86527 337.144404643307 27.2775198876788
0.8679 649.747478601286 37.8713867806992
0.87053 292.066809534644 25.3934673918533
0.87316 154.854532328668 18.4920411613192
0.87579 252.510326619972 23.6158968164906
0.87842 645.53379824354 37.7629866673167
0.88105 462.473014064652 31.966272998512
0.88368 758.048295935328 40.9297601240456
0.88631 1053.44322826966 48.2545507535939
0.88894 529.805699192558 34.2241728760908
0.89157 74.1597859121119 12.8056259779037
0.8942 334.293377922468 27.1908252743658
0.89683 966.907487031541 46.2479917442271
0.89946 910.163504099885 44.874749029245
0.90209 612.61394368839 36.8187841243506
0.91524 160.504018627568 18.8523041243007
0.91787 371.780056538802 28.6941662598915
0.9205 304.67689544042 25.9776228102268
0.92313 20.9626381108693 6.81446382559509
0.92576 566.73933596145 35.4347581290093
0.92839 1150.36795547196 50.4876609097733
0.93102 298.835334261357 25.7342728069439
0.93365 139.148527512542 17.5616086545632
0.93628 35.0335959472363 8.81244465837007
0.96258 4.57825769116306 3.18782530858752
0.96521 220.992993535975 22.149435576807
0.96784 366.875916259233 28.5405292997364
0.97047 598.136089538122 36.4444525809383
0.9731 1039.3963004062 48.0453114904876
0.97573 884.825573392976 44.332095652405
0.97836 310.677027242406 26.2707815751703
0.98099 40.5956482986173 9.49701566832249
0.98625 59.5859543169734 11.5074032807506
0.98888 648.08548071849 37.9533843716465
0.99151 620.055752415262 37.1260468634633
0.99414 255.524793889723 23.8346529573545
1.00466 135.068722527653 17.3325414282373
1.00729 163.83019963691 19.0897013436656
1.01255 416.543439028577 30.4415600191339
1.01518 50.6146856969689 10.6118799082489
1.01781 61.3925540760246 11.6877039549399
1.02307 81.6059097301579 13.4761782854099
1.0257 250.469705395084 23.6102637403418
1.02833 244.654136716539 23.3354838176686
1.03096 861.039355415046 43.7793510403915
1.03622 35.9116511164135 8.94149384855467
1.03885 71.8987872491111 12.652328651455
1.04148 151.862193519349 18.3887327592622
1.04411 332.264756021074 27.2010951313898
1.04674 183.860311991245 20.2351081262831
1.04937 121.639798217467 16.4595008045106
1.052 141.265034680631 17.7383587373826
1.08356 3.46887188660179 2.78097747653311
1.08619 4.20753121128056 3.06291028364643
1.08882 191.557092067461 20.6674540630577
1.09145 234.226921981316 22.8545949019402
1.09408 284.103045110021 25.1715711535561
1.1046 1108.44534019335 49.7276239283413
1.11249 142.557759788387 17.8355219499974
1.11512 172.913394161419 19.6436105780522
1.11775 936.65239662628 45.7206953595574
1.12564 64.7192949241861 12.0196078049228
1.12827 78.5003400908551 13.2381036440403
1.13616 195.339611384885 20.8850230128376
1.13879 47.8439546619029 10.3364147678088
1.14931 178.944212150096 19.9931666244254
1.15194 379.679215809824 29.1237810507079
1.15457 403.753466090284 30.0340613824041
1.1572 489.726941594118 33.0787824652142
1.15983 110.999844713663 15.7489022519051
1.16246 156.90251198696 18.7249485523959
1.16509 56.8369589861151 11.2703572635445
1.16772 383.605056916647 29.2806699121504
1.17035 714.175469772535 39.9537815349796
1.17824 94.056352733302 14.5010424130475
1.18087 243.82630178102 23.3486623989415
1.1835 351.984804177247 28.0543531761678
1.18613 310.349232965172 26.3439086919833
1.18876 90.1119402744213 14.1958896585548
1.19402 411.118189747683 30.3241005135841
1.19665 498.659833314958 33.3982215690056
1.20191 162.048425121416 19.0399854022529
1.2098 570.764664728458 35.7348515701828
1.21506 597.182578432426 36.5535729169938
1.21769 1335.37191986999 54.6617838851223
1.22032 448.008836312583 31.6615653850087
1.22295 1112.05326711158 49.8836588346015
1.22558 893.966792695675 44.726262706879
1.22821 110.319057223489 15.7120770249061
1.23084 319.532835969089 26.7406824690256
1.23347 8.62123557435927 4.39244070436846
1.2361 10.4565133583222 4.83750036369273
1.23873 1064.75051223716 48.8155179949284
1.24399 341.88906431305 27.66237084696
1.24662 149.767287785476 18.3088761640167
1.24925 181.649558817508 20.1640046337317
1.2624 294.786181529398 25.6888831572823
1.26503 357.53988959919 28.2917832678908
1.27029 134.692166704554 17.3652907272917
1.27292 6.61908652433735 3.84960638983064
1.27555 8.02814923221853 4.23966384998138
1.28081 56.0253147911709 11.2002746964027
1.28344 330.014388797669 27.1837499753996
1.28607 143.644303387217 17.934676211933
1.2887 92.4524589883038 14.3884819833295
1.29133 301.114028078078 25.9673508216016
1.29396 229.210315100626 22.6561252567875
1.30711 124.452590941143 16.6941046260179
1.30974 452.352586087047 31.8266124267139
1.31237 367.438531864989 28.6836848258947
1.315 314.732264753139 26.5462966279416
1.31763 281.122458414557 25.088332467637
1.32026 561.013028556144 35.4406121091885
1.32289 460.885071040805 32.1219406939637
1.33078 223.266173057511 22.3557406287005
1.33604 422.193268531405 30.7407654156528
1.33867 101.16719187773 15.0476813071376
1.34656 108.559968395329 15.5867915214417
1.34919 131.660558310299 17.1648664866732
1.35445 25.12578270927 7.49814447398878
1.35708 30.4723242851031 8.25728937928698
1.36497 256.276383397202 23.944795618794
1.37023 117.536989136 16.2153205356134
1.37286 524.17752835644 34.2427128520803
1.37549 462.83710362512 32.1761261000379
1.37812 630.905218949617 37.5657823823096
1.38075 318.267484337869 26.6807000384449
1.40705 638.977448030429 37.7933593833439
1.40968 1153.40703343257 50.7739484509565
1.41231 525.466334316193 34.2688076648614
1.41494 1604.02984591957 59.8700569393684
1.41757 1371.22356984174 55.3521486937437
1.4202 314.470924117403 26.506201555593
1.42283 776.684651328962 41.6539800561435
1.42546 1128.53857939974 50.2075745405959
1.42809 380.757468281567 29.1616533215231
1.43335 298.721302765763 25.8270497464259
1.43598 362.263454089679 28.4400821823206
1.44124 23.5711719132393 7.25375582558744
1.44387 231.649902724101 22.7386816711533
1.4465 342.39872670853 27.6434449886843
1.44913 320.578086793406 26.7466800027762
1.45439 189.046945626186 20.5372142046468
1.45702 471.621525565386 32.4362301657208
1.45965 670.410132257749 38.6705821541011
1.46228 548.411504352001 34.9736180306081
1.46491 111.364874429421 15.7593483849638
1.47017 8.34087417010229 4.31244560922183
1.4728 280.280463329542 24.9971852173122
1.47543 645.25784920804 37.926100306906
1.48332 85.1701546033816 13.7767184709269
1.48595 865.506055969398 43.9151082812533
1.48858 641.792196685685 37.8140289830571
1.49121 91.9303487542395 14.3107377130765
1.49384 129.217329676411 16.9656216802442
1.49647 150.494422074766 18.3082327897894
1.50173 281.890267479472 25.0542513674149
1.50436 341.856523847441 27.589443452043
1.50699 72.7702635565934 12.7285106368515
1.50962 219.509726783152 22.1058445060683
1.51225 256.188551997411 23.8802953695919
1.51751 104.786449733793 15.2711452844098
1.52014 404.948900565058 30.0191755477334
1.52277 336.982624147406 27.3830615838799
1.5254 883.926717027919 44.347176917256
1.52803 364.644595357804 28.4821215461679
1.53066 265.158926942849 24.2867927256851
1.53855 288.300122481734 25.320846876041
1.54118 812.221065976214 42.4983946773008
1.54381 133.111299350887 17.2037232500796
1.54644 139.816914965305 17.6308977738542
1.55433 193.934380983615 20.7615948993054
1.55696 899.284342161694 44.7055456901658
1.55959 1278.3724392228 53.2992573620051
1.57011 238.793519467434 23.0314882939643
1.59378 207.78740970698 21.4751575458878
1.59641 251.989755562432 23.648180609296
1.60167 193.637841034438 20.7278462961602
1.6043 234.822246892594 22.8244807322608
1.60693 227.017887204701 22.4405524379156
1.60956 885.380310422881 44.3139691200252
1.61219 917.751343706014 45.1139077738841
1.61482 261.114358589602 24.0622103129535
1.61745 81.1281880411731 13.4115271868797
1.62008 254.924497579751 23.7722524420554
1.62271 727.082570744831 40.1447365524883
1.62534 625.825725205304 37.2422271814278
1.63323 426.927364869499 30.7540628054339
1.63849 1099.05964205542 49.3378803228262
1.64112 331.575654937289 27.0977572379081
1.64375 441.609915186131 31.2704122515681
1.64901 443.400818870286 31.3297386520352
1.65164 417.997909686379 30.4170954198803
1.65427 488.822035544868 32.8910870953002
1.6569 543.444573951216 34.6778864324915
1.65953 454.034413737827 31.6950561277545
1.66216 430.977333994141 30.8778105842603
1.66479 722.512043452022 39.9773469804814
1.66742 242.381375196834 23.1533151922656
1.67531 7.32954462790073 4.02548718078694
1.67794 8.88844524195677 4.43266565347799
1.68057 185.95050892593 20.2732267970766
1.6832 268.180824076081 24.3450218865791
1.68583 145.845345915516 17.9520772466778
1.70161 167.625221511368 19.2377577719566
1.70424 544.108454317107 34.6565162125703
1.70687 539.225568560625 34.4972752704811
1.7095 394.816740453116 29.5158106372031
1.71213 645.253673058993 37.7293697676728
1.71476 53.7074150290892 10.8840066078116
1.71739 65.1258677228405 11.9841100490091
1.73317 2.56301657513971 2.37601233121101
1.7358 3.10792528793483 2.61616761025437
1.73843 89.0046635996747 13.9989012244249
1.74106 177.621244973371 19.773898579517
1.74369 589.527743351717 36.0208737174408
1.74632 97.2189903624394 14.6263154274188
1.75158 310.401013532052 26.1297616289113
1.75421 376.393546258455 28.7708176458641
1.76473 138.794739131372 17.4641112555707
1.76736 168.303039121884 19.2292861256586
1.77525 143.937426053452 17.7777004717559
1.78577 5.7474900788641 3.5510470799481
1.7884 6.9694265969872 3.90996587726249
1.79103 214.026883663983 21.6653508580372
1.79366 456.822012241708 31.6491597786705
1.79629 239.237286300145 22.9013039039565
1.82785 16.140862188367 5.93714720398926
1.83311 26.0336366860899 7.53759952128227
1.83574 31.5638893851304 8.29824878904389
1.841 286.70444816645 25.0011188462001
1.84363 347.608150300054 27.5240718716079
1.84626 36.8194120426977 8.95636090588978
1.84889 44.6408305847727 9.86017724614212
1.85415 449.72262401818 31.2854016507867
1.86467 117.0577184122 15.9503656381566
1.8673 1093.4065780594 48.7401324042161
1.86993 700.216492785446 38.9975437114471
1.87256 756.89608138679 40.5381952773347
1.87519 444.699842681921 31.0674022472987
1.88308 547.927916623867 34.4673999509549
1.8936 54.9418100275214 10.906826510354
1.89623 66.6127637133514 12.0074452109066
1.91201 48.6805608808569 10.2563427196896
1.91464 121.422312249272 16.1961747491127
1.9199 137.544844828313 17.2338480696433
1.92253 166.780679824448 18.9749832386408
1.92516 68.8891842241789 12.1936147525115
1.92779 83.531910593674 13.4255337809961
1.93305 251.537856745343 23.2918404408098
1.93568 142.477181286746 17.5276282773688
1.93831 104.377354873405 15.0003708678958
1.94094 31.6388717556067 8.25767319714543
1.94357 118.610016068842 15.9866037855451
1.9462 410.701156481719 29.7445094900212
1.95146 273.170577754557 24.252550145606
1.95409 825.190817865913 42.1469281237193
1.95672 740.619365525778 39.9240448925396
1.95935 171.782714574637 19.2253826283643
1.96198 908.551119219421 44.2087454530279
1.96461 53.8794343411413 10.7644849260317
1.96987 159.273442343137 18.5033282293426
1.98039 596.824954162081 35.8009348116821
1.98565 105.529364433582 15.0506003045963
1.98828 130.614083106344 16.7421136664481
1.99091 3.21825354905812 2.62768632590171
1.9988 71.4503293315658 12.376839645174
2.00143 362.085264883735 27.8638761139059
2.00406 57.9520540161276 11.1489536131817
2.00669 54.8685501347133 10.8498816865503
2.01195 175.248945001367 19.3962622451448
2.01458 21.7594123129738 6.83561248985091
2.01721 203.552671973993 20.9100827595166
2.02773 90.4818294324281 13.9492810681542
2.03036 253.166818419035 23.3366187871825
2.03299 208.19661188017 21.1658031004017
2.03562 41.528705523378 9.45443290730847
2.04351 8.92051930468652 4.38375564499152
2.04614 393.154719725672 29.1069236527677
2.04877 797.239661992576 41.4545571602102
2.0514 1324.86925410114 53.4475246696996
2.05403 553.398038225272 34.5480173002521
2.05666 125.719640375757 16.4690710279932
2.05929 12.7765508184859 5.25094596631115
2.06192 15.5004586489905 5.7845048612103
2.06455 14.8625647706741 5.66505274440153
2.08559 70.1385666392062 12.3208353365804
2.10663 194.849161828638 20.5734843760346
2.10926 236.531270205405 22.6775217468049
2.11189 194.305656714693 20.5630054772813
2.11452 974.028770956038 46.0598108556598
2.11715 504.752491849933 33.1716986613321
2.11978 490.32557086167 32.7086632170191
2.12241 110.196570375293 15.5130231787055
2.12767 370.576401978851 28.4730854442514
2.1303 786.64666884762 41.5027501916623
2.13293 408.844639307261 29.9334916449714
2.14082 184.997462645056 20.1620046549207
2.14345 701.730460347115 39.2849785723103
2.14608 632.2506561746 37.3058006534161
2.14871 126.959549977131 16.7245563373183
2.15134 234.215338227702 22.7258228124489
2.15397 215.02345366451 21.7843563046702
2.16449 242.948158025317 23.1961776110198
2.16712 1094.82380384237 49.2629907771256
2.16975 794.127517890753 41.974222063807
2.17238 42.9417723301722 9.76486460282693
2.17501 352.039856504959 27.9711748000941
2.17764 599.27056308752 36.5102363989976
2.18027 622.315566554559 37.2217445371043
2.1829 408.837500781318 30.1824722981062
2.18553 236.762282488464 22.9786018980896
2.18816 910.318884414105 45.0766724916895
2.19079 482.167956860917 32.8202447324206
2.19342 32.4027817628435 8.51179582684084
2.19605 182.741868828282 20.2225690207626
2.20657 103.187094648726 15.2244196816272
2.2092 125.270604827724 16.7827164077618
2.22761 546.012838630696 35.1561051014236
2.23024 662.862471272627 38.7542244424959
2.25128 591.223593798667 36.7400834117638
2.25391 361.884425950995 28.7577852031281
2.26969 264.105976739088 24.6372871020202
2.29862 293.820059092101 26.12086006432
2.34859 540.425760165067 35.5373603150983
2.35122 626.504764724319 38.2691807337078
2.35385 204.811369562458 21.8843582410828
2.35648 382.042160023961 29.893875184269
2.35911 105.177082337454 15.6876139868283
2.36174 39.5580954406294 9.62240790882967
2.36437 298.316079413137 26.4285981136376
2.37489 733.801700205541 41.4766627377434
2.37752 346.824295464473 28.5192967515308
2.38015 249.500437382563 24.1929761078296
2.38278 10.8803207088462 5.05293896179688
2.38804 188.645253411769 21.0467578093354
2.39067 693.933911826072 40.3729807053264
2.3933 349.276699367778 28.6474545703746
2.39593 269.613040177034 25.1733567495161
2.41434 184.591636116815 20.7884034027015
2.41697 605.367071753232 37.6322764456659
2.4196 462.538337082869 32.8821952343783
2.42223 118.180192853148 16.6147955775108
2.43538 33.7890087882415 8.86721228120028
2.43801 211.671400740272 22.1853069206231
2.44064 670.283338023131 39.4637549310778
2.44327 676.807798629392 39.6402686604888
2.4459 345.71562560764 28.3203104134084
2.44853 376.651641444864 29.5490078482155
2.45116 153.804478560603 18.8752104367478
2.46168 195.262122655415 21.2350070036697
2.46431 236.640993552405 23.3680299948857
2.47483 42.1020320631266 9.84152017966998
2.47746 51.0239120372944 10.8300534937923
2.48535 47.1723738081082 10.4012616044577
2.49061 356.952220434561 28.5898694425824
2.49324 382.587547030122 29.587266006946
2.49587 335.153350950132 27.6817388901718
2.4985 200.904060234769 21.4238725198323
2.50113 243.404013995232 23.5686505094282
2.51428 1692.47655312565 61.90972563071
2.51691 1394.0568612417 56.1437710981144
2.52217 254.721938209497 23.9618596507478
2.5248 308.457510581914 26.3479746917014
2.52743 106.82285897907 15.4932794233593
2.53006 538.573680150579 34.7612177288721
2.53269 826.063023595286 43.0169529885708
2.53532 400.245417779655 29.9196384471404
2.54321 15.776493773312 5.92618913744101
2.54584 1056.85061989702 48.4657600619457
2.54847 935.814734924551 45.5701634620888
2.5511 589.876111262233 36.1512178271794
2.55373 219.608293308435 22.040590917224
2.56162 126.651775413911 16.6982225392431
2.56425 77.9785528118361 13.0920102744756
2.56688 566.604168363436 35.2624295327044
2.56951 99.408787719921 14.7583491550287
2.57214 80.8925230805173 13.3024633362674
2.58792 79.1719433195894 13.0968453572742
2.59055 320.325058738943 26.3223739774989
2.59318 63.406603980578 11.7015886095631
2.62474 580.938101588206 35.0691549191858
2.63789 101.03861419724 14.5637669234573
2.64052 122.336510777695 16.0117996560068
2.64315 117.550138634657 15.6821326916281
2.64578 142.327674082831 17.241261928333
2.68786 33.9535431417172 8.30563970785416
2.69049 41.1082824712515 9.1309305188824
2.71416 37.221652714048 8.63218402025364
2.71679 45.0869696593971 9.49453725904499
2.72468 53.0686008447825 10.2811396203598
2.72731 134.47337282341 16.3555294449155
2.72994 85.0226915783776 12.9968333976194
2.7352 41.7151970838055 9.09208647528096
2.73783 64.8542928092796 11.3294383812367
2.74572 423.174223639904 28.8844643437224
2.75361 721.123193687081 37.6332674153979
2.75887 42.5234071470363 9.12685340043708
2.7615 555.041563043764 32.952561852198
2.76413 609.917879873226 34.520822456842
2.76676 185.897032174041 19.04584898397
2.76939 712.007077184671 37.2498522994513
2.77202 135.670681359486 16.2496244568245
2.77991 229.219199784027 21.0803294150039
2.78254 376.370583321542 26.9945558022307
2.78517 412.325849967737 28.2361000750533
2.7878 236.583512248308 21.3743235091264
2.79832 86.6512121815194 12.9016888843322
2.80095 195.430586760719 19.3639425825151
2.80358 404.850933536969 27.8584894300425
2.8141 406.70983104133 27.8740834499747
2.82462 48.1307849838414 9.57227993933117
2.82725 419.021123949359 28.231430303325
2.83251 185.868605606092 18.7862223256084
2.83777 73.1084600185489 11.7717521265503
2.8404 209.609793111977 19.9238495543075
2.84566 88.478893593841 12.9332349916396
2.84829 107.216988257835 14.2307833806783
2.85092 241.412965311707 21.3445406814683
2.85355 493.477109102406 30.5034786164879
2.85618 97.6961441711566 13.5663729599989
2.85881 458.898659768523 29.3895167290031
2.87196 1024.30000698032 43.8117052962181
2.87459 4.51265350903798 2.90670234173823
2.87722 11.6240964776566 4.6630706493086
2.87985 14.0857209469566 5.13085319579878
2.88248 263.445400922777 22.1795558412665
2.893 54.4574573866552 10.066174286583
2.89563 325.238074517383 24.5891255514916
2.89826 314.147613234924 24.1554833508071
2.92456 124.7947268028 15.1800414551438
2.92719 170.736359648546 17.7507702061489
2.92982 23.5936885396253 6.5967708740679
2.93245 162.277999037995 17.2958742735041
2.93508 394.264541571735 26.9516717883656
2.93771 216.365006588199 19.9601795865347
2.94034 35.2650547402697 8.05605145131529
2.94297 42.7471360299367 8.86711643058739
2.9456 133.239980921802 15.6503863165311
2.94823 419.103952772412 27.7490087572432
2.95086 434.438495171465 28.2442139398501
2.95349 148.115343351452 16.4870914082996
2.95612 220.518281409701 20.1115216834963
2.95875 267.304486172676 22.1362626364018
2.9719 225.176638371638 20.2887147029999
2.97453 272.950668166926 22.3312526230167
2.98768 183.511401036939 18.2848824124688
2.99031 222.44520974514 20.1256491636244
