-0.19988 154.016160501539 18.1475906349857
-0.19725 360.844595669315 27.7759559447905
-0.19462 414.770936779206 29.7773572713984
-0.19199 718.147281710737 39.179765373586
-0.18936 889.742754902965 43.6074181973228
-0.17884 793.337086233788 41.1670063540499
-0.17621 775.644779395171 40.7028577776175
-0.17358 1237.75293214327 51.4142496046565
-0.17095 99.8983417664402 14.6055767156928
-0.16832 41.7268972116667 9.43888432998127
-0.16306 47.8955525158508 10.1112837183774
-0.16043 272.342056848734 24.1095495807878
-0.1578 4.82470480724668 3.20878152002006
-0.15517 54.9203363717325 10.8254111375902
-0.15254 822.241426023917 41.8842274444464
-0.14991 23.8038962800153 7.12603385273916
-0.14465 295.900439748915 25.1213341231911
-0.14202 707.366019673487 38.8387286484517
-0.13939 96.1494958737399 14.3182329832149
-0.13676 354.883080447715 27.5062618821483
-0.12361 206.089427255578 20.9547154837761
-0.12098 156.206288060702 18.2421555934102
-0.11835 168.227788098514 18.9299187801052
-0.11572 512.208973518883 33.0290783315661
-0.1052 270.857934034001 24.0123979596038
-0.10257 111.110382534181 15.3785375191498
-0.08942 560.034833751116 34.5100586902791
-0.08679 2002.31171954508 65.2473259195199
-0.08416 686.166091186344 38.1918051702547
-0.08153 498.550710566843 32.5513428391032
-0.0789 465.484328648302 31.4503471172143
-0.07627 1320.77463077549 52.971946762377
-0.07364 492.641988789835 32.3486337500334
-0.07101 374.343251416037 28.1957650176985
-0.06838 500.41968776845 32.5967808203512
-0.06575 756.815541629216 40.0830879540977
-0.06312 304.742244234702 25.4326202020741
-0.06049 200.557965184553 20.630195749761
-0.05786 304.568411967908 25.4205199542367
-0.05523 714.721059098305 38.937574052998
-0.0526 1996.89383021133 65.0783721277881
-0.04997 1861.73345345824 62.8313700296221
-0.04734 1139.84899792091 49.158657733819
-0.04471 679.79870465398 37.9599027021413
-0.04208 762.451095843904 40.1975405378003
-0.03945 1939.40193470996 64.1041212037156
-0.03682 2656.52258852061 75.0183211004821
-0.03419 1944.04011575407 64.1684771285603
-0.03156 5021.7332914412 103.122746795807
-0.02893 6130.22807825752 113.926430089144
-0.0263 7325.60841114461 124.527863182153
-0.02367 10291.4375312223 147.584657875889
-0.02104 11382.4180628001 155.195439764714
-0.01841 13087.3883266635 166.397452793032
-0.01578 14721.4300898 176.463001408551
-0.01315 15981.0682442325 183.840011415845
-0.01052 15754.144806217 182.512669715226
-0.00789 16718.4948480498 187.997748128667
-0.00526 16036.0602588135 184.103205089953
-0.00263 14505.3249082819 175.079251911102
-0 14411.4610482152 174.495162690837
0.00263 16320.0037536204 185.666115095864
0.00526 15731.1833773059 182.255814725157
0.00789 17085.0304151714 189.905141797072
0.01052 15927.5281766752 183.328996878808
0.01315 13311.1766366148 167.568852666407
0.01578 11188.2298332788 153.600928303575
0.01841 10024.6908384965 145.370638787904
0.02104 6994.8744175413 121.411324251485
0.02367 7353.75485036978 124.466310311242
0.0263 6171.54054012069 114.004506028403
0.02893 4313.31223641402 95.2924803867847
0.03156 3521.98078642451 86.0943415012077
0.03419 2749.35844157293 76.0544640254758
0.03682 1324.5410223802 52.7800286697298
0.03945 1753.39455097389 60.7162029936539
0.04208 1258.84265872887 51.4373211744114
0.04471 871.80244182463 42.7985910850183
0.04734 1294.42324832046 52.1418426875642
0.04997 455.986536663679 30.9422577667779
0.0526 313.712530855171 25.6607689216471
0.05523 741.890618374956 39.4549403431065
0.05786 52.7196082426442 10.5158706002933
0.06049 663.31527666382 37.2946741211044
0.06312 1471.86535428725 55.5454519540445
0.06575 973.788362308292 45.172525937909
0.06838 1322.26165633891 52.6293960590438
0.07101 1138.95326492509 48.8371385956604
0.07364 69.860971492511 12.0932245990022
0.07627 315.814565279542 25.7080071561317
0.0789 522.727203289066 33.0687201498983
0.08153 361.564739042694 27.497951928054
0.08416 132.795917077862 16.6619999104841
0.09205 213.163107207985 21.099540706449
0.09994 40.8663420021585 9.23382965859741
0.10257 624.538099713726 36.0922673097175
0.1052 436.050965697394 30.1545927014009
0.10783 211.218368837774 20.9846057988586
0.11046 356.995627359808 27.2782523420865
0.11309 1693.76359613763 59.4102802573464
0.11572 1668.21269701602 58.953692694325
0.11835 1104.95454576799 47.9741838681178
0.12098 2051.8665449393 65.3672206132794
0.12361 3023.02445283727 79.3334530940248
0.12624 2762.44686480392 75.8285142608902
0.12887 2146.26143825049 66.8308419216085
0.1315 3614.0546294897 86.7127594149542
0.13413 3801.49208929341 88.9227148864206
0.13676 3257.57152479712 82.3062195612178
0.13939 3151.82605366801 80.9499881909028
0.14202 5683.54201264853 108.691401754322
0.14465 4594.42940789329 97.7127904053136
0.14728 3645.83305740522 87.0330039702428
0.14991 4098.00287867985 92.2617446172776
0.15254 3881.4130983601 89.7801659334606
0.15517 5691.77565344758 108.707443535486
0.1578 8867.65690625271 135.671851144886
0.16043 12181.4962023009 158.995755022893
0.16306 13740.5311506405 168.844478777607
0.16569 15124.6144620108 177.123888963114
0.16832 16527.5396215611 185.135180514958
0.17095 19382.4836967953 200.465397863961
0.17358 21147.9782696595 209.372181929791
0.17621 21882.8979624335 212.954490306165
0.17884 22337.6455227239 215.130954019757
0.18147 22556.2454292399 216.156062826547
0.1841 23130.4988144174 218.864998285781
0.18673 24040.0244006295 223.100761457212
0.18936 22018.4899326406 213.489805227093
0.19199 21227.3876416488 209.595239481685
0.19462 22058.4864248902 213.634183619563
0.19725 20912.2538146321 207.98549663639
0.19988 18340.6715791155 194.76095008291
0.20251 16767.8900109021 186.249467325225
0.20514 14688.3362132894 174.342664766329
0.20777 11843.5103937928 156.573813319933
0.2104 10249.9608567107 145.680532716477
0.21303 7390.4304534928 123.719107576429
0.21566 4298.8255528624 94.3709438796883
0.21829 4749.43127863017 99.2077616565436
0.22092 4174.08526800243 93.0179892237638
0.22355 2714.69621090197 75.0254020747621
0.22618 2125.2263807245 66.3913835750613
0.22881 1380.66675809251 53.5198569694
0.23144 1187.70313187786 49.6461794734831
0.23407 901.601776226509 43.2614046475228
0.2367 456.877858659053 30.8002775806165
0.23933 688.180390682705 37.8065494473168
0.24196 854.892028374618 42.1437164859137
0.24459 372.983442575124 27.8408993441094
0.24722 201.308944034422 20.4564979825049
0.24985 562.454794995362 34.1983233954438
0.25248 116.173619308897 15.5444727832628
0.25511 529.489006282404 33.190357261646
0.25774 261.738361266709 23.3387903248714
0.263 39.2759457100823 9.04337052831917
0.26563 412.929883646779 29.3269098572147
0.26826 606.061756748759 35.5342961855489
0.27089 1696.15386341361 59.4542649176172
0.27352 2122.7350803504 66.5210943939587
0.27615 2253.73603188216 68.5526250801746
0.27878 1097.03474683431 47.8347842106514
0.28141 1265.20954304523 51.3778470377672
0.28404 1451.03250432648 55.029335655876
0.28667 1242.98712225243 50.9389541520396
0.2893 2436.37286658201 71.3262808955229
0.29193 1653.01812900168 58.7594181541416
0.29456 1779.67132516863 60.9774892987773
0.29719 2679.21381954565 74.828022161121
0.29982 3749.50231369804 88.5336392070072
0.30245 4836.90617282556 100.588925504108
0.30508 4503.90131367836 97.1063590546554
0.30771 4832.72998002419 100.632032080709
0.31034 5744.38291510319 109.761048594415
0.31297 6907.38466184421 120.412007315748
0.3156 7759.70365285817 127.67968489811
0.31823 6219.72676054613 114.359167933707
0.32086 6788.59505378179 119.525680646095
0.32349 8722.04026374211 135.539568392199
0.32612 8745.52486073659 135.779941193446
0.32875 7805.29309470125 128.328390807978
0.33138 6975.23666209943 121.364848893892
0.33401 6469.85438589926 116.935357123132
0.33664 8282.41865319987 132.361649990846
0.33927 6736.73428370275 119.424415357264
0.3419 7136.48490950518 122.968893673301
0.34453 7365.46368174239 124.979175175418
0.34716 6457.20850564002 117.069664671317
0.34979 6915.52849791983 121.204532826542
0.35242 7194.86983468761 123.680631434247
0.35505 7831.00596120177 129.087114599929
0.35768 5872.3873369879 111.831770407704
0.36031 4571.78547438256 98.7152744506181
0.36294 5762.01713836628 110.869511857927
0.36557 5196.02675315075 105.327996656293
0.3682 5387.83644940333 107.299686811309
0.37083 4493.71356707902 98.0340419506428
0.37346 4510.27427879799 98.2558690986887
0.37609 4747.98608964763 100.8542953582
0.37872 4098.92804495044 93.7469894200843
0.38135 3032.36420198327 80.6668710726348
0.38398 2858.31118072872 78.3504474565672
0.38661 3157.33065054694 82.3813307034256
0.38924 3299.50693093483 84.2510230227631
0.39187 1848.35810769604 63.0849055610909
0.3945 1008.57776685794 46.6196147482109
0.39713 1299.97849140104 52.9496999157651
0.39976 1288.69001944207 52.7416883022551
0.40239 833.088856208809 42.425713867764
0.40502 625.785611974367 36.7874591382751
0.40765 1621.41564141574 59.2430629838942
0.41028 1900.56884257578 64.1704754330179
0.41291 1557.09129281747 58.1103420322404
0.41554 1138.5035727056 49.7125845095703
0.41817 704.180633474912 39.1150367358489
0.4208 12.2982714194431 5.1716141221188
0.42343 390.341966962753 29.1493505107311
0.42606 95.5771424291309 14.4306294720639
0.42869 103.041201009021 14.9904792788682
0.43132 317.756476719425 26.3365503132764
0.43395 1131.73573953409 49.7262411046325
0.43658 224.907834219969 22.1777076508778
0.43921 1263.84416199824 52.5971468175407
0.44184 1787.85460904355 62.586749432391
0.44447 954.833313297007 45.7594469514854
0.4471 665.124818572748 38.2092986055609
0.44973 1225.40491268706 51.8868870132628
0.45236 1697.00528290018 61.0885107800689
0.45499 1555.46749372203 58.5124603797575
0.45762 1318.44517352417 53.8950269066301
0.46025 1082.80014668539 48.8642672389791
0.46288 2389.49812749134 72.6222973609318
0.46551 1681.71644300234 60.9526002001313
0.46814 1690.7146590861 61.1434646347937
0.47077 802.652669139617 42.1480573965406
0.4734 818.091656086841 42.5709543408982
0.47603 2272.05944660898 70.9775062949193
0.47866 1960.13255870086 65.9556369979318
0.48129 1823.99117307844 63.6529724506197
0.48392 3863.26976240552 92.6793085078515
0.48655 5585.20420648049 111.486571442678
0.48918 4648.96717776068 101.760411802155
0.49181 4356.51417689146 98.5524865320057
0.49444 3263.66220718678 85.3390584495905
0.49707 3410.75851274264 87.2806110285468
0.4997 3968.78865211763 94.1897135722423
0.50233 4983.48844186472 105.562432675309
0.50496 4693.0115962166 102.455818390615
0.50759 4281.28030117302 97.8736475147585
0.51022 6167.46082119522 117.489823154189
0.51285 6166.26343880106 117.496836725799
0.51548 5894.95187523464 114.900874592924
0.51811 4580.37374409988 101.298194489709
0.52074 3736.91111551086 91.5114955821973
0.52337 3069.95446304526 82.9570380400545
0.526 3763.66270071468 91.8672250222155
0.52863 4143.06417336082 96.4015550477446
0.53126 3003.34540207869 82.0906676192566
0.53389 2849.33369421137 79.9706673403649
0.53652 1507.04857744365 58.1688642158046
0.53915 2482.93283188471 74.6753587645319
0.54178 2826.21182953361 79.6828831584754
0.54441 2246.41676259225 71.0518976964859
0.54704 1746.11422916306 62.6519585924414
0.54967 996.620157941481 47.34029382811
0.5523 1385.62718760212 55.828644259923
0.55493 1967.05262642906 66.5287892608255
0.55756 426.440025786871 30.9812072129982
0.56019 1597.33702054325 59.9701781704395
0.56282 1333.91975165562 54.8112360070906
0.56545 1133.4672078536 50.5332099753614
0.56808 1229.55324554741 52.6397378598302
0.57071 33.5159297875711 8.69227191848399
0.57334 174.494756014011 19.8365644173717
0.57597 1508.51599885128 58.3334691841987
0.5786 1743.8886846344 62.7292047909885
0.58123 2262.49483854025 71.4614356499857
0.58386 1405.4200735838 56.3311385973247
0.58649 497.188458723849 33.5099258542982
0.58912 89.4352519177197 14.2146047407405
0.59175 1126.57930071403 50.457851762411
0.59438 900.912214934328 45.1290864012085
0.59701 994.33920485528 47.418738481428
0.59964 449.067386279742 31.8689732935754
0.60227 1373.58731348892 55.7162511165005
0.6049 2185.37571301939 70.2519088078416
0.60753 541.315465144678 34.95115204438
0.61016 931.458516892973 45.8309781046074
0.61279 1313.2836195367 54.3998375828678
0.61542 696.455469432347 39.6009743975698
0.61805 1611.60718985867 60.218444455753
0.62068 1878.34576039356 64.9872749516673
0.62331 2331.41236075646 72.3753387929079
0.62594 756.826076386773 41.2210921361644
0.62857 1694.92552242491 61.6647579065878
0.6312 1773.11535464576 63.0478628192413
0.63383 1293.88629430272 53.838129880028
0.63646 1238.59526055233 52.6558386179071
0.63909 2138.85047669703 69.1690544287977
0.64172 2095.32049019908 68.4363025057244
0.64435 1210.97550993005 52.0078080423396
0.64698 821.427412064919 42.8178552588871
0.64961 3438.44475832107 87.5710717192697
0.65224 5333.54933399803 109.025227988355
0.65487 3984.93892062844 94.2038748524546
0.6575 1932.34718961185 65.5751782684312
0.66013 2789.07104428093 78.7527152929266
0.66276 2878.83060358484 79.9802085272201
0.66539 5104.8503594343 106.464444721112
0.66802 4322.10241112259 97.9262447314775
0.67065 5168.75493089745 107.049073518121
0.67328 6214.1684692466 117.332872175972
0.67591 6447.47026363577 119.470585379249
0.67854 5319.61841265257 108.478723147873
0.68117 5514.19390883104 110.403598032826
0.6838 5478.11466318876 110.000721532709
0.68643 5746.74329401552 112.623369579975
0.68906 4648.13058202296 101.249829373453
0.69169 4771.42120672539 102.545455422563
0.69432 4218.15531403165 96.380927555086
0.69695 4736.29992333923 102.090791898182
0.69958 6412.15714334069 118.742472348955
0.70221 4290.45275386879 97.0652829865065
0.70484 2691.0252640211 76.8152549165055
0.70747 3971.61867478955 93.2498415879167
0.7101 3768.09560914395 90.7612659086166
0.71273 3362.5835213248 85.6743658819775
0.71536 2288.49268087368 70.6258040778078
0.71799 1657.83039771991 60.0665217695706
0.72062 751.533921488793 40.4119709158571
0.72325 2239.86127892945 69.7138567103467
0.72588 445.28934841339 31.0600405641874
0.72851 246.31411134707 23.0832701083723
0.73114 48.0656862579358 10.1892351556216
0.73377 601.174778337938 36.0076861277767
0.7364 186.170576163057 20.022609923257
0.73903 876.091522870177 43.4019987223988
0.74166 2040.26123328109 66.1831147650831
0.74429 2036.56925875066 66.0728019079169
0.74692 963.861047637312 45.4201599668919
0.74955 1356.22527755034 53.8362953621491
0.75218 1519.46004611921 56.9404884732897
0.75481 2259.41823293975 69.3811743173451
0.75744 1231.28905238007 51.1787429224879
0.76007 431.825438010113 30.2851323733114
0.7627 288.724252668864 24.7447028397866
0.76533 569.599931847672 34.7288419550311
0.76796 1739.37968577766 60.6410543483987
0.77059 1452.83241145482 55.3784755099488
0.77322 954.803594900535 44.8593964691053
0.77585 183.969063209858 19.6757568204641
0.77848 11.0058007593178 4.80874768704308
0.78111 293.931954347294 24.8316833261262
0.78374 660.538129010557 37.1957029356584
0.78637 614.452533627069 35.8466461580442
0.789 617.504770052483 35.9074463998605
0.79163 1171.23599049107 49.4135478647626
0.79426 819.201984466738 41.293173934013
0.79689 1191.19293400492 49.7544833142244
0.79952 1549.54088587178 56.7022831870495
0.80215 1495.19176906645 55.6546349317202
0.80478 1072.51358412492 47.0983985436119
0.80741 1324.67817935091 52.3011480183812
0.81004 299.948263823697 24.8673746178308
0.81267 779.835283510008 40.0643746603685
0.8153 927.025628327571 43.6467992727146
0.81793 2306.71519379938 68.7943157946499
0.82056 703.049808833805 37.9487157501417
0.82319 1060.95069560549 46.5800054825833
0.82582 741.285085961528 38.9037882031107
0.82845 1964.2278272575 63.2764263290925
0.83108 1528.1449221076 55.7666379171132
0.83371 2127.75130456749 65.7503733992391
0.83634 2669.41167009271 73.5852193224914
0.83897 2019.32475847341 63.9484961015088
0.8416 2216.75571109589 66.9468310677304
0.84423 2109.22591388604 65.2493104789166
0.84686 1073.02701612344 46.5010104074634
0.84949 1508.67198449776 55.0930187048789
0.85212 1353.65439647026 52.1428253472985
0.85475 567.289631114558 33.7274878636916
0.85738 2239.17155678793 66.952311094977
0.86001 2072.37087861236 64.3569343973609
0.86527 1046.95424815866 45.6670650529075
0.8679 1887.45153994484 61.265371579182
0.87053 870.987699081057 41.5834473529056
0.87316 692.329911612869 37.0431349062909
0.87579 1164.072196602 47.9929273699239
0.87842 1478.95488837028 54.0505643143071
0.88105 1079.46440661919 46.1383230694893
0.88368 429.721719931391 29.0861040450886
0.88631 509.705413702997 31.6508345087236
0.88894 593.212809724719 34.1164492319235
0.89157 859.100313803252 41.0216291267287
0.8942 1184.67102532435 48.1306388173295
0.89683 2180.18140304719 65.2379356617318
0.89946 1606.53265989203 55.9540632624558
0.90209 180.765533846154 18.7577727349585
0.90472 477.708443175539 30.474823573291
0.90735 1299.19872745136 50.2265675520903
0.90998 801.143858604578 39.4172756202682
0.91261 715.67287390337 37.2326501757237
0.91524 1315.48813418979 50.4481375572
0.91787 1239.42121791108 48.9379539583195
0.9205 555.44281640353 32.740881797784
0.92313 32.1788226202461 7.87571141743302
0.92576 537.899427138979 32.180216289532
0.92839 314.061819431349 24.5741984166015
0.93102 730.929255974022 37.4664466045659
0.93365 70.8531295253829 11.657812523932
0.93628 379.529237668875 26.9645112578854
0.93891 506.632136915026 31.1349631978421
0.94154 1351.43851887244 50.8196723113571
0.94417 836.578606820543 39.9593563056322
0.95206 1043.94177129229 44.5548947992495
0.95469 284.417043700037 23.2415533512242
0.95732 1070.16014972348 45.0548398375499
0.95995 308.611775713642 24.1797994031365
0.96258 613.401410331007 34.0680972598018
0.96521 1069.72719017454 44.9614924404416
0.96784 317.946593455639 24.4968170048683
0.97047 518.353094386319 31.2588823511012
0.9731 860.951013951402 40.2603463238566
0.97573 439.442874781783 28.7452999282152
0.97836 80.2448472569625 12.2758397598288
0.98362 128.506015541947 15.5151984855117
0.98625 74.5673487669332 11.8112517661473
0.98888 303.286910848849 23.8053204767035
0.99151 475.073141095491 29.7750646561255
0.99414 758.129872159923 37.5897300339205
0.99677 1753.95170440458 57.1387580155784
0.9994 1783.21572973315 57.5768833893466
1.00203 2701.88999628713 70.8380622765193
1.00466 1040.14622608568 43.9338368172554
1.00729 619.479551975308 33.8909984238093
1.00992 915.99475350937 41.1942081595915
1.01255 699.483058888122 35.9829616269254
1.01518 1549.37343676946 53.5309370928103
1.01781 1774.09954795018 57.2577293724341
1.02044 1150.43137364858 46.0886164524385
1.02307 1514.99796841744 52.8673290004942
1.0257 2038.05436478482 61.2924674421922
1.02833 1425.47916712991 51.2386154560245
1.03096 1616.96632401555 54.5487758575929
1.03359 1393.77491019281 50.6230446843665
1.03622 1283.70827559214 48.5626499243072
1.03885 482.016779230565 29.7452344597233
1.04148 76.9082405154232 11.8765339293422
1.04411 1260.71028612627 48.064865043414
1.04674 1743.3573989011 56.4975925524965
1.04937 1391.93961238718 50.4618790602706
1.052 949.774578456993 41.6658101030828
1.05463 541.082685389037 31.4352964924383
1.05726 1137.59880283895 45.5613236637528
1.05989 1331.99515046598 49.2798029615608
1.06252 1338.30742143475 49.3754763971702
1.06515 1765.93031776459 56.6938167331533
1.06778 1178.81497862707 46.3006553895921
1.07041 1376.95512219588 50.0195123320643
1.07304 212.97541583453 19.6634349093433
1.07567 158.027356921116 16.9307312213984
1.0783 170.065051427537 17.5562552398554
1.08619 295.378319934341 23.1077160406746
1.08882 456.930420969591 28.7280989594741
1.09145 214.710232785392 19.6844008967935
1.09408 387.491162390315 26.4326405275778
1.09671 277.709649457008 22.3675693764142
1.09934 739.624956944449 36.487372083409
1.10197 180.972879157545 18.0421596327815
1.1046 226.731873112537 20.1893531629893
1.10723 718.628969300476 35.9337680038205
1.10986 430.836139911294 27.8157441484248
1.11249 280.984144742172 22.4574109346896
1.11512 657.186819778546 34.3358100857126
1.11775 837.391047113613 38.7481584969546
1.12038 571.732066252286 32.0086353842373
1.12564 339.715596198381 24.6601882109368
1.12827 1109.86232310308 44.5612110429958
1.1309 427.15921559867 27.6376457388147
1.13353 1070.36135336731 43.7376079986479
1.13616 411.857279653097 27.1235662784038
1.13879 399.816818395776 26.7169873480646
1.14142 740.896324922845 36.3596045095443
1.14405 1017.09993655899 42.5898054750631
1.14668 66.1759311062953 10.8606851320961
1.15457 719.171567963905 35.7744627619351
1.1572 53.0355483084187 9.7123314720237
1.15983 566.175355760316 31.7247699073867
1.16246 468.989167044266 28.8660512525673
1.16509 103.711633728857 13.5707115677906
1.16772 177.651252390424 17.7564386596053
1.17035 984.418983272388 41.7873183535383
1.17298 329.088873227382 24.1542652365865
1.17561 223.991013648642 19.9221032057156
1.17824 240.264894393261 20.6275496411223
1.18087 1462.82282357108 50.8839567047858
1.1835 620.427456594835 33.129355023252
1.18613 1160.35820251866 45.2945466297659
1.18876 1047.71633255009 43.0282887369464
1.19139 743.596762992444 36.2395867986439
1.19402 1061.38000928509 43.2844750337931
1.19665 1444.72307336246 50.4860222356284
1.19928 1395.30009672661 49.6014925451711
1.20191 2077.3023961556 60.5093356700928
1.20454 871.359268595708 39.183339505897
1.20717 526.280047040931 30.4467923567814
1.2098 472.756514357179 28.8524106609018
1.21243 1164.83852517605 45.2820870712828
1.21506 160.339109982826 16.7974560329327
1.22032 264.770510553406 21.5783846352794
1.22295 380.600849633217 25.86718321852
1.22558 422.867514645756 27.2612986432664
1.22821 1001.69498452566 41.9509907797118
1.23084 161.246807016368 16.8286820683475
1.23347 467.562755994761 28.6519739500712
1.2361 50.805216872473 9.44319099597235
1.24399 1761.00174994591 55.5692398554175
1.24662 1210.85990081471 46.071403940529
1.24925 1063.4059526734 43.1682014813844
1.25188 130.640890580695 15.1280819455645
1.25451 535.049107565095 30.6105400815312
1.25714 247.242891009636 20.8049138676232
1.25977 219.958116999805 19.6202182868346
1.2624 354.382517852419 24.9000249936371
1.26503 518.359934581095 30.1098872199776
1.26766 1388.79287461434 49.2767333675178
1.27029 1305.77492475751 47.7735004869269
1.27292 958.478954606365 40.9236066790274
1.27555 672.908642764416 34.2839103492677
1.27818 28.6017178333831 7.06704765852679
1.28081 30.893485944804 7.34353315299316
1.28344 452.776977549431 28.108870068032
1.28607 407.754057141727 26.6704264913596
1.29133 36.9036541828565 8.02092809301913
1.29396 39.735774288691 8.32166643611781
1.29659 264.272180106622 21.4572811183351
1.30185 795.990226447779 37.228152225286
1.30448 777.266810007211 36.7840033554423
1.30711 415.429635843758 26.8892679572217
1.30974 79.6927576237331 11.7759504591034
1.315 934.668536593716 40.3206875847185
1.31763 1865.56880266122 56.9588257647126
1.32026 1435.65483810146 49.9616390327993
1.32289 679.277034871655 34.3630244262788
1.32552 474.983100114231 28.731826924853
1.32815 730.877173191623 35.6371201375531
1.33078 836.588719879917 38.1234885580857
1.33341 1083.33606882382 43.3784925224903
1.33604 881.298808935643 39.1210640275217
1.33867 907.515686270073 39.6946832649189
1.3413 1108.63126616425 43.8687264977931
1.34393 755.048903302934 36.1997184362786
1.34656 1026.35492197817 42.2009875556847
1.34919 1371.58991084428 48.7800385203937
1.35182 905.489072022017 39.6303369066295
1.35445 749.245371183007 36.0457729555974
1.35708 760.909271299125 36.3215930687337
1.35971 741.449170856728 35.8505048351484
1.36234 1782.19958211472 55.5762035822069
1.36497 1893.93965680254 57.2861838265849
1.3676 1363.58541422864 48.60311490693
1.37023 441.100121083507 27.6406095459386
1.37286 1588.19916201537 52.4430084697589
1.37549 1150.62640742945 44.6332349345553
1.37812 117.799503273218 14.2796971525929
1.38075 81.0301264215488 11.8420417451436
1.38338 87.2593307673801 12.2875506670999
1.38601 505.480888675384 29.5711216051777
1.38864 604.544440859425 32.3359465622413
1.39127 64.8329060028676 10.5882755100163
1.3939 598.648921737904 32.1713739629469
1.39653 651.972143869055 33.5702082717928
1.39916 933.484457885314 40.1651192744813
1.40179 730.936020788155 35.5383912087005
1.40442 1120.16067634662 43.9912871447314
1.40705 23.4797988793493 6.36857277734713
1.40968 1176.19796769721 45.071660612931
1.41231 1330.0301507514 47.9250420815759
1.41494 578.112340973448 31.5941217986673
1.41757 1197.66970759625 45.4712720799004
1.4202 13.5644166893552 4.83879843526532
1.42283 356.578568644956 24.8074990405263
1.42546 377.582943431993 25.5258338528159
1.42809 859.204992963233 38.5026423695795
1.43072 1352.03151167224 48.2951953102828
1.43335 1665.65744070494 53.6008578441789
1.43598 1062.78828172907 42.8125055984094
1.43861 1431.47304215979 49.6829323481651
1.44124 1750.57300930242 54.9381599944754
1.44387 1701.47117840608 54.1582536111339
1.4465 1276.77257052921 46.9113010565168
1.44913 628.306123292982 32.9059702232822
1.45176 1224.79758105789 45.9398484154298
1.45439 477.917559546355 28.6947358137518
1.45965 201.086501702968 18.6103208399268
1.46228 821.51416372769 37.6130242425173
1.46491 336.637888658305 24.0757898484693
1.46754 1031.01749478362 42.1308653934229
1.47017 699.222446462759 34.6931197068475
1.4728 403.812222632907 26.3629320661397
1.47543 102.263290575935 13.2657608600265
1.47806 250.180936122585 20.7475914018904
1.48069 642.032470725197 33.2343637708137
1.48332 151.275557912938 16.1310093326525
1.48595 192.508108405241 18.1957498492407
1.48858 585.476871653648 31.7298920810223
1.49121 605.706615656824 32.2710544403172
1.49384 256.877309001635 21.0142134142164
1.49647 378.098445625952 25.4930018776212
1.4991 813.472368115895 37.3902350269651
1.50173 734.008232911059 35.5150162447599
1.50436 357.622271657482 24.7886330335078
1.50699 1109.65285521886 43.6629035302691
1.50962 2432.25389018797 64.6401330291922
1.51225 1691.27247347447 53.8993241647497
1.51488 389.287470100456 25.8577350552869
1.51751 177.569018987941 17.4629497082002
1.52014 331.149167767477 23.846496088931
1.52277 1305.1895973949 47.3400023669611
1.5254 373.993774712245 25.3397537934685
1.52803 842.843578845542 38.038416045679
1.53066 914.882779197048 39.6287511293
1.53329 1012.62724208681 41.689932074657
1.53592 416.076850635498 26.7221798959099
1.53855 883.603953528801 38.9397045624875
1.54118 1177.1917485966 44.9434233801091
1.54381 999.422196163422 41.4090966847305
1.54644 795.245766184647 36.9360677746791
1.54907 1006.81659832275 41.5579265338328
1.5517 1120.23163470959 43.8340212637104
1.55433 320.500268146949 23.445003616435
1.55696 30.099488065155 7.18446388169233
1.56222 358.52648941667 24.7932146768552
1.56485 645.81888695013 33.2740976582628
1.57011 132.765919978509 15.0852187887127
1.57274 294.318419566557 22.4592745102781
1.57537 584.468513313605 31.6479987655538
1.578 683.664091537137 34.2267582298818
1.58063 812.941262696324 37.3209468114415
1.58326 662.403256482177 33.6870501780659
1.58589 179.921855809063 17.555871679173
1.58852 19.4876688039832 5.77748813884271
1.59115 267.635839294882 21.4096679099876
1.59378 636.025694153914 33.0030291424188
1.59641 582.926632505161 31.5938168206712
1.59904 445.820265361058 27.6282719574261
1.60167 238.462767086441 20.2053691931685
1.6043 743.132593043618 35.6675247834395
1.60693 459.664112539825 28.0506824060989
1.60956 222.468530836066 19.5137501006962
1.61219 163.218994752596 16.7137963952111
1.61745 663.515560708961 33.6962781990805
1.62008 355.869341098915 24.6765802946015
1.62271 514.028343850778 29.6562700808208
1.62534 422.349349674484 26.880801607209
1.62797 1153.50356081845 44.4220989463383
1.6306 419.168623945211 26.7773313219736
1.63323 136.312348559353 15.2694646584255
1.63849 424.837476526347 26.9546825585371
1.64112 160.770780868582 16.5809599444253
1.64375 830.559484614845 37.6855430269294
1.64638 600.424867692284 32.040703109478
1.64901 848.408594877074 38.0854004578963
1.65164 1365.31367528952 48.3120548796277
1.65427 632.92031223061 32.8925162930801
1.6569 815.064019837938 37.3251647430768
1.65953 252.834804954681 20.7877550441073
1.66216 765.829170305512 36.1774874675006
1.66479 1286.0949224471 46.8805014064273
1.66742 486.3030592987 28.826540301917
1.67005 306.229695345247 22.8742022565942
1.67268 511.223728165925 29.5536475790262
1.67531 637.259499992325 32.9949161751041
1.67794 344.668254065572 24.2645807860142
1.68057 234.134041960075 19.9980527991545
1.6832 233.568465192937 19.9731153664781
1.68583 172.832252316224 17.1804438030507
1.68846 276.63690035803 21.7350334792515
1.69109 568.315640556522 31.1518136763951
1.69372 44.6665170030611 8.73298771422677
1.69635 811.11785312733 37.2132033794402
1.69898 62.9217650221929 10.3642718173632
1.70161 373.047559522314 25.235159862503
1.70424 315.676145882834 23.212994907218
1.70687 180.034959232711 17.5297228337483
1.71476 624.736250894218 32.651563097513
1.71739 916.623825256712 39.5491837142865
1.72265 297.501698830309 22.5299037586241
1.72528 528.669058182037 30.0325968096748
1.72791 835.507950227558 37.7539641857675
1.73054 750.095130259763 35.7710563244576
1.73317 495.159647394347 29.0624711948559
1.7358 543.473031509614 30.4463503574508
1.73843 553.472657044925 30.7242047216947
1.74106 906.87417041351 39.3271435845488
1.74369 387.319497030947 25.7004003633377
1.74895 215.445545584594 19.1666675391111
1.75158 232.040296876721 19.8905080158522
1.75684 1083.67185383228 42.9819091274732
1.75947 350.607712744663 24.4474661882583
1.7621 987.943581528233 41.0369910039242
1.76473 549.373596370112 30.6005789517292
1.76736 16.6033400083861 5.31961003483548
1.76999 129.145306332486 14.8356880297369
1.77262 476.819658683429 28.5057037497112
1.77525 1020.23268362029 41.6956375238814
1.77788 722.417953310284 35.0850078576186
1.78051 799.185632939993 36.9009423090524
1.78577 180.561400531293 17.5387523804482
1.7884 417.644390360813 26.6732461325118
1.79103 492.827120329445 28.9738463022772
1.79366 260.041718067021 21.045859710516
1.79629 218.492416340235 19.2907736850335
1.79892 38.0660167980338 8.05167957287749
1.80155 40.9985162643461 8.35584856923609
1.80418 106.472858349333 13.4652632950097
1.80681 133.282323864211 15.0650498576073
1.81207 56.6409798734251 9.82036152529506
1.8147 184.699132712488 17.7330494611171
1.81733 48.2396489073679 9.06237368166501
1.82259 119.212062783223 14.2455032406548
1.82522 833.001413675343 37.6555904242055
1.83574 203.808462775851 18.6240138056286
1.83837 109.082515912334 13.6247532679787
1.86204 147.0344716689 15.8146900964645
1.86467 384.587878801736 25.5763042034753
1.86993 35.4518107698138 7.76491991538141
1.87256 215.486997264912 19.1433170463944
1.87519 487.823017698463 28.8022681034182
1.87782 766.395055078645 36.100297253113
1.88045 182.550328334498 17.6183253698373
1.88571 259.095791211965 20.9884934588493
1.88834 391.38242186086 25.7953027605902
1.89097 258.131236036584 20.9483169210919
1.8936 532.96199054829 30.0999557346577
1.89623 6.14146468891069 3.23104197728779
1.90412 201.901433821149 18.5244521633884
1.90675 218.856597305084 19.286197855694
1.90938 62.1213605235642 10.2749188457519
1.91201 74.821329095446 11.2761736304302
1.91464 712.028921066145 34.784757985542
1.91727 158.510003635129 16.4119290378494
1.92516 126.128845921819 14.6390155368387
1.92779 135.846958968299 15.1922025914799
1.93305 62.4689205630009 10.3017267571039
1.93568 170.861761233754 17.036939688056
1.93831 26.3746830311582 6.69350961657708
1.94357 11.6675207648517 4.45176056895737
1.9462 405.69582557521 26.2502773400317
1.94883 614.945765014011 32.3179015229419
1.95146 206.283094577391 18.7174931760323
1.95672 703.627026712838 34.5676102944894
1.95935 970.589898669894 40.5982302330782
1.96198 619.255779069056 32.4276420150444
1.96461 322.844956411674 23.4136140862936
1.96724 246.65171607709 20.4646650130823
1.96987 568.313833800003 31.0633149072835
1.9725 226.670056887275 19.6174194565723
1.97513 773.797592759082 36.2451251805872
1.97776 1200.16547952263 45.1385493206723
1.98039 1822.06320159577 55.6160147122211
1.98302 1093.44126942505 43.0831046422546
1.98565 871.164121013336 38.4547830415223
1.98828 552.757469364102 30.6308323783658
1.99091 180.539034823341 17.5052436618701
1.99354 844.238688295778 37.8535260495969
1.99617 553.947783685487 30.6619126526326
1.9988 56.4331197485737 9.78640015517135
2.00406 388.077241839174 25.6624281479238
2.00669 376.845516416786 25.2878433859232
2.00932 18.5282533334771 5.60710662261546
2.01721 193.397262109726 18.1142812351712
2.01984 244.579653093474 20.3703065167455
2.02247 74.3894667041394 11.2340041566091
2.0251 157.435000985564 16.3425927645377
2.02773 464.014435011722 28.0561137769774
2.03036 42.0059741300181 8.4412886980046
2.03562 1017.02290967081 41.5337840302956
2.03825 378.451458668045 25.3356865846113
2.0514 280.82370560437 21.8223608901557
2.05666 1082.23527014868 42.8379417600412
2.05929 188.125378675514 17.860059405812
2.06192 525.797055497704 29.8579324582559
2.06455 172.725015990497 17.1127469260907
2.06718 151.457111895988 16.0242751217081
2.06981 33.1317245044413 7.49457530732406
2.07244 35.684547618284 7.77779611364544
2.07507 227.17831631517 19.6241721122429
2.0777 361.844632111623 24.7662596602705
2.08033 126.1894849327 14.6252193091159
2.08559 734.327564793719 35.279190772578
2.08822 1148.96110862292 44.1283624032687
2.09085 525.267688303863 29.8364354718988
2.09348 605.400896567305 32.0309316623363
2.09611 567.043245766307 30.9989924550363
2.09874 201.886207837334 18.4962743660417
2.10137 202.49790495631 18.5239639607294
2.104 450.986697382407 27.6438967991001
2.10663 88.082513962159 12.2167583754804
2.10926 215.929407658026 19.1276125883808
2.11189 198.198180784364 18.3251879890109
2.11452 511.754907508173 29.445799512667
2.11715 361.18752027125 24.737308592057
2.11978 161.181423155086 16.5248416887484
2.12241 502.938782433871 29.1897995847951
2.1303 154.306796573426 16.167664318145
2.13293 675.46243950494 33.8258791433013
2.13556 217.312527910445 19.1860073875547
2.13819 894.87252593111 38.9328814494912
2.14082 1161.71076890581 44.3586889629432
2.14345 571.68557010461 31.1173097991179
2.14608 720.9174530481 34.9429794108799
2.14871 563.348661970515 30.8886928254868
2.15134 388.480981529955 25.650126486564
2.1566 296.188611033386 22.396299890711
2.15923 319.013510481272 23.2429028918761
2.16449 363.039903306382 24.7942215020858
2.16712 378.33027473533 25.3106078828145
2.17238 359.958472960428 24.6877034913854
2.17764 91.6661850676153 12.4579486040938
2.18027 282.075276559334 21.8533589404881
2.1829 319.668298188072 23.2637222302756
2.18553 330.752529699467 23.6632688359392
2.18816 278.053016215853 21.6960506880099
2.19079 122.602350801877 14.4065506760044
2.19342 90.8443918959749 12.4009056787315
2.19868 112.91958836814 13.825359952371
2.20131 484.138791534811 28.6266509747221
2.20394 390.454709092984 25.7078193679324
2.2092 164.309728029622 16.6763175167505
2.21183 290.485086537703 22.173014558127
2.21446 413.983852511887 26.4696883021469
2.22498 65.6309058387124 10.5387364108477
2.22761 70.6887433120128 10.9371401528786
2.2355 44.3279815058133 8.66065094640448
2.23813 447.55796653534 27.5188642986772
2.24076 294.222515107875 22.3119801832836
2.24339 380.152612159568 25.3614135676746
2.24602 765.007232966675 35.9767178371777
2.24865 139.09293270869 15.3403618549597
2.25128 670.759399380445 33.6868775601798
2.25654 366.087075762366 24.8861765270517
2.25917 790.039391678761 36.5581873312954
2.2618 110.497582779726 13.6719660608384
2.26443 681.563384447894 33.9548651447117
2.26706 227.280623233382 19.6075978915444
2.26969 577.686509985453 31.2596132530131
2.27232 996.041514366215 41.0459686170505
2.27495 659.72100014374 33.4045975818378
2.28021 122.126255163453 14.3720662948136
2.28284 131.537897698744 14.9153840604972
2.2881 565.518691447979 30.9258094140345
2.29073 880.083471161884 38.5792540237709
2.29336 742.447917208242 35.4339191734625
2.29599 857.257179420646 38.0746622016238
2.29862 654.324221751019 33.2637564280349
2.30125 284.325486808911 21.926900925468
2.30388 264.808406436892 21.1606956721864
2.30651 285.216351514302 21.9606892273639
2.31177 860.578927451519 38.1455171268164
2.3144 248.125117189535 20.4822760954776
2.31703 291.035895993939 22.1825172738092
2.31966 929.42901590492 39.6406129234888
2.32229 871.696889925414 38.3892558579344
2.32492 890.968547620774 38.8108210025164
2.33018 318.014528935887 23.1864638300575
2.33281 271.348427277892 21.4175303148665
2.33807 641.118480078995 32.9203374309665
2.3407 275.985034968443 21.5989477597324
2.34333 1263.9738812473 46.2225152149807
2.34596 27.0664887917953 6.76386889722525
2.34859 71.3860037635591 10.9845040376367
2.35122 45.4883949808687 8.76837107486601
2.35648 15.8383313069171 5.17383671412028
2.35911 18.5916068402491 5.60545881592843
2.36174 1.65078338334281 1.67029216156735
2.36437 215.186803130787 19.0699656760779
2.367 380.974889313243 25.37376808057
2.36963 162.905966713619 16.5920474691635
2.37226 328.496192037793 23.5608715225293
2.37489 20.0159308062923 5.81579074684348
2.38015 68.8166520410567 10.7834328182782
2.38278 184.981526743778 17.6794659346906
2.39067 572.789267161708 31.109030854927
2.41434 257.304380452507 20.8478258560452
2.43012 744.467967885421 35.4587296748946
2.43275 345.589384997226 24.1587351045971
2.43538 110.582497603658 13.6656729189213
2.43801 119.104263768737 14.1822556170279
2.44064 715.695965625832 34.7648026471895
2.44327 917.979430792535 39.3718469439472
2.4459 674.368656596025 33.7451863455695
2.44853 159.003426705966 16.3855194275691
2.45116 457.039478805607 27.7797068189509
2.45379 102.399558269792 13.1490286095486
2.45642 137.665898165896 15.2458500319817
2.45905 201.188128952205 18.4303448477952
2.46168 22.2841127295904 6.13371774169179
2.46431 117.411627349827 14.0791195043628
2.46957 184.981304175637 17.6714227021983
2.4722 199.236427924053 18.3394284887708
2.47483 846.355868254887 37.7982555033188
2.48535 10.2662049123885 4.16270392895951
2.49324 71.8690213141036 11.0134377808372
2.49587 107.558623048407 13.4731293708166
2.4985 42.3080768213068 8.44989535954988
2.50902 308.036638766173 22.799446717844
2.51428 65.4710595525141 10.5109021878387
2.51954 860.634863210428 38.1080711147598
2.52217 537.667767641098 30.1203903092548
2.5248 673.069012514317 33.6999678994645
2.53532 190.161326692261 17.9120447727716
2.53795 204.817774138351 18.5893404876763
2.54058 432.468574544555 27.0118004506748
2.54321 228.431141854519 19.6313427129988
2.5511 559.467839210049 30.7219087334469
2.55373 428.927618980765 26.899780189596
2.55636 662.599014454074 33.4332204482861
2.55899 577.956768225799 31.2245788808526
2.56162 415.393889902753 26.4712871185162
2.56425 104.093010311738 13.2510985610883
2.56688 105.817564851771 13.3602958467348
2.56951 631.074944166645 32.6267455404611
2.57214 179.450471726987 17.3980943866995
2.57477 166.456342210225 16.7562043158118
2.5774 69.1548772904803 10.8002292605001
2.58003 142.169098564916 15.4853228763649
2.58266 423.804606427284 26.7360096731061
2.58529 24.8850342517822 6.47856719677759
2.58792 415.101354009426 26.4595841427861
2.59055 502.405669977193 29.1091348594595
2.59318 900.415026735339 38.9690207009123
2.59581 407.662964989768 26.2207341396223
2.59844 111.611174721122 13.7196853069561
2.60107 170.501619619035 16.957062579901
2.6037 153.380151652416 16.082992150225
2.60633 116.048427848291 13.9893584779349
2.60896 124.155472304609 14.4696158577733
2.61159 64.4312305830043 10.4236106557115
2.61422 206.67793713832 18.6686505716833
2.61685 171.500623940099 17.0057041623706
2.61948 217.010823893623 19.1292685836857
2.62211 117.135610238872 14.0539381749097
2.62474 147.828152626564 15.7880335531606
2.62737 23.3343234698678 6.27253325020162
2.63263 108.619693098293 13.5329179676985
2.63526 57.8077297902029 9.87247447994997
2.63789 62.2631325814765 10.2457662900797
2.64315 27.9045669608415 6.85896209947509
2.64578 278.333059666038 21.662025118897
2.64841 267.413272173332 21.2326419407021
2.65367 239.844129240527 20.1080011014944
2.6563 266.283645784748 21.1871479725602
2.65893 49.8982523106124 9.1714672221534
2.66156 189.972222973945 17.8952224598321
2.66419 146.727657860454 15.7269295036039
2.66945 388.793681088383 25.599963296161
2.67208 288.089915300876 22.0363504088158
2.67471 52.5926629840398 9.41529908628667
2.67734 204.771179042438 18.5781238140308
2.67997 515.183061442298 29.4675563706463
2.6826 728.352134498141 35.0372435130155
2.68523 262.728545162627 21.0430535807542
2.68786 99.7809634893734 12.9680559222407
2.69838 288.99133874879 22.0687142236093
2.70101 695.374036703488 34.2326026669625
2.70364 990.238883446976 40.8504756424536
2.70627 720.832421581043 34.8530453900118
2.71153 175.461864775162 17.1952240160641
2.71416 194.28009778781 18.0936868795349
2.71942 432.417041429463 26.9933760992983
2.72205 598.323147169194 31.7519318135194
2.72731 399.916332993145 25.958507150097
2.72994 575.397113404675 31.1369039629262
2.73257 829.943305109505 37.3948888074889
2.7352 68.8356792303955 10.7693943401765
2.73783 74.1412233527763 11.1766280422197
2.75361 304.333097961226 22.6430115661106
2.76413 103.792305615923 13.2229377706055
2.77991 448.604765861901 27.488812778578
2.80095 152.048258956367 16.002486015127
2.80358 177.88286992302 17.3085787873359
2.81936 47.3343662998906 8.92829061549844
2.82725 374.807582074805 25.1233218748245
2.84566 417.410547229778 26.5117191260584
2.84829 10.6584089693905 4.23642951743634
2.87985 137.50376366005 15.2153679621716
2.88511 272.931451968794 21.4361697697677
2.88774 627.277608265834 32.4973465443681
2.89037 386.157122770537 25.4975028031611
2.893 415.922613022619 26.4618073739193
2.91141 307.089490509044 22.7367800680275
2.93771 403.607470089475 26.0646618631647
2.94034 614.479794402098 32.1605821853364
2.94297 193.618022160457 18.0526345025691
2.94823 393.819461828019 25.7461022168176
2.95086 86.8608277275741 12.0912857500702
2.95349 190.577138307435 17.9099141784773
2.96138 255.142993799939 20.7225277900297
2.97716 444.125472720825 27.3394235879602
2.97979 529.310128456059 29.8462117238596
2.98242 54.8782786607698 9.61018956422794
2.99031 21.0576301346421 5.95290926241045
2.99294 580.083901349966 31.2440643319073
