-0.19199 23.9193088180528 6.98761865110088
-0.18936 0.524045659485173 1.0346977609507
-0.18147 7.99317480682206 4.04585164136128
-0.17884 93.909255894714 13.8732433460286
-0.17621 54.7438266374424 10.5965562603125
-0.17358 0.215555821485183 0.665196997420174
-0.17095 6.53825835437626 3.66500466993442
-0.16832 10.824201233761 4.71752680157016
-0.16306 0.992926925948009 1.42994912396324
-0.16043 10.3815766095867 4.62557939816902
-0.1578 28.7057191687527 7.69468957335844
-0.14465 9.45250231218643 4.42425610608027
-0.14202 55.5652980047034 10.7310019501483
-0.13939 12.1677254253241 5.02359479619393
-0.13676 42.0010811592413 9.33708801439379
-0.13413 24.213644801651 7.09222463306258
-0.1315 0.421083986794579 0.935637906326593
-0.12887 57.6400537246826 10.9510697632628
-0.12624 6.77884566027004 3.7570156795674
-0.12098 4.81320848194549 3.16828049384321
-0.11835 76.6503449240849 12.6483454648304
-0.11572 58.1642977381104 11.0223741400652
-0.11309 17.8509773809261 6.10868895859952
-0.1052 33.6755313970656 8.40008669928914
-0.10257 29.6696014384664 7.88772885350183
-0.09994 26.8270941165592 7.50273707745588
-0.09731 106.041255356162 14.9179664003441
-0.09468 15.4931978838115 5.70271942394909
-0.09205 7.51960224441915 3.97327087983936
-0.08942 101.685418656887 14.6123256558895
-0.08679 1.75109297310349 1.91771409199215
-0.08416 58.1523452311485 11.0522861853365
-0.08153 74.574976612541 12.5171169099268
-0.0789 36.9520357402266 8.81183109468458
-0.07627 21.2910160224253 6.68935738813753
-0.07364 97.6236627563051 14.3252752206563
-0.07101 70.7742405585505 12.1983824900278
-0.06838 111.542631519141 15.3152569102986
-0.06575 75.7097241729016 12.6188237234206
-0.06312 132.396919684699 16.688648722624
-0.06049 199.000409901137 20.4620151773759
-0.05786 92.463505962641 13.9490866603725
-0.05523 185.078059193398 19.7368223643514
-0.0526 133.78921218451 16.7822225196814
-0.04997 196.770225991601 20.3543751683755
-0.04734 238.709775479911 22.4208634587011
-0.04471 355.156783428058 27.3505730741278
-0.04208 215.527605034688 21.3082095802616
-0.03945 309.076938747261 25.5192517872175
-0.03682 424.89005113307 29.9234757572276
-0.03419 436.2868447331 30.3248686923017
-0.03156 512.26968732952 32.8625534562777
-0.02893 716.519632321304 38.8691571373724
-0.0263 894.022028682839 43.421445642405
-0.02367 1196.0982323848 50.2287855982742
-0.02104 1381.04557386379 53.9774467232111
-0.01841 1666.17766508822 59.2936325750366
-0.01578 1840.87832128202 62.3302702063029
-0.01315 2247.00211911977 68.8695533167711
-0.01052 2314.49391481188 69.9024821212195
-0.00789 2475.17347278174 72.2946966318869
-0.00526 2497.40980283768 72.6252367166133
-0.00263 2680.16869906549 75.2424190243173
-0 2541.81452871498 73.2703681883443
0.00263 2519.15662718391 72.9141306106025
0.00526 2409.69227598396 71.2840628203253
0.00789 2257.67150836763 68.9714609515936
0.01052 2235.31166917539 68.6017749128376
0.01315 2016.24103656904 65.1275374497251
0.01578 1860.75582406142 62.5410417539741
0.01841 1615.48492200822 58.2503741452442
0.02104 1464.73309440307 55.4438296921569
0.02367 1092.75087124422 47.8697462130773
0.0263 909.987816785979 43.6661362163863
0.02893 795.532144005425 40.8114603684935
0.03156 653.374811786095 36.970950609225
0.03419 435.331579639895 30.1658470386305
0.03682 301.1667898494 25.0804227934039
0.03945 288.621975901086 24.5426665414051
0.04208 320.789187656425 25.863810247313
0.04471 280.829366568162 24.1896374913943
0.04734 289.78895562069 24.562599648906
0.04997 216.37738957151 21.2160498717368
0.0526 273.491465189461 23.8427042354501
0.05523 166.429629533424 18.5919027098257
0.05786 157.897436738965 18.1017601353032
0.06049 171.189407603822 18.8406690041191
0.06312 138.492785534296 16.9393178902031
0.06575 74.2509963153736 12.3981764088504
0.06838 177.406924479305 19.156498753653
0.07101 177.230133329929 19.1391953517429
0.07364 288.244334542628 24.3982783351345
0.07627 187.634338732287 19.6769919206541
0.0789 186.783496036145 19.6243557840163
0.08153 222.361255756239 21.403223510032
0.08416 199.925562404976 20.2864995713848
0.08679 216.418938357525 21.0981203514628
0.08942 203.065225116528 20.4285221534563
0.09205 171.095003835204 18.7439332168541
0.09468 199.766846171673 20.2454073390253
0.09731 249.147404574498 22.6003726326249
0.09994 238.252442267236 22.0916704043976
0.10257 252.882922627385 22.7437599259317
0.1052 384.470976102256 28.0232226933317
0.10783 341.402765816441 26.387797388985
0.11046 303.104808018547 24.8455662328098
0.11309 295.459125621249 24.5122732464836
0.11572 303.871315985769 24.8405765848186
0.11835 302.280843022743 24.7573181930494
0.12098 408.723349258745 28.7669626594957
0.12361 321.57357422273 25.4976403916249
0.12624 322.355631488155 25.5098265333844
0.12887 375.734676290251 27.520739569419
0.1315 401.521693590725 28.4284435414832
0.13413 464.24214445016 30.5456587841948
0.13676 628.442285315516 35.5130584680665
0.13939 637.854098941322 35.751456287174
0.14202 596.241945719171 34.5399361127797
0.14465 680.329980125472 36.8677638507917
0.14728 790.280144032998 39.7057835345723
0.14991 894.649639088525 42.214873348685
0.15254 910.23878753227 42.5492528969183
0.15517 1020.55181218812 45.0201137053304
0.1578 1112.69787781656 46.9733992270966
0.16043 1384.89715196258 52.3655816320825
0.16306 1783.27515479155 59.3771940771388
0.16569 2351.49905870803 68.1327195696299
0.16832 2882.51008283209 75.3773859502415
0.17095 3345.24145503474 81.1411632268955
0.17358 3780.8859796535 86.1976900483374
0.17621 4101.20122825317 89.7067703907209
0.17884 4099.19277734831 89.616751809306
0.18147 4244.10624163861 91.1177515984815
0.1841 4517.59802455361 93.9362036863753
0.18673 4544.31644117669 94.1417640632652
0.18936 4518.86789030122 93.8061263947153
0.19199 4456.89592872585 93.0894470349653
0.19462 4436.9456918854 92.809744104366
0.19725 4510.20887547352 93.5010850321588
0.19988 4424.09230457356 92.5330133073773
0.20251 4200.8126730516 90.1003985330321
0.20514 3868.2078108263 86.3956237995596
0.20777 3217.54871792671 78.736430374897
0.2104 2718.24134740583 72.3157658133128
0.21303 2265.86215053909 65.9752534104695
0.21566 1907.53951235423 60.4889368923993
0.21829 1608.21435030408 55.4990456670927
0.22092 1424.00640948505 52.1847251033089
0.22355 1185.31300840538 47.5748406253338
0.22618 996.959483051659 43.5985923754075
0.22881 890.630829786829 41.1770262258474
0.23144 798.515570942205 38.9600692076958
0.23407 747.689658371679 37.6712580364439
0.2367 696.983763698432 36.3439127637971
0.23933 624.969089034493 34.389038546626
0.24196 739.710224887672 37.3844924998093
0.24459 693.276675154621 36.1645764998118
0.24722 525.334016583809 31.4569605485125
0.24985 560.706954156748 32.473968750783
0.25248 611.171683048246 33.8779328850604
0.25511 552.894891153001 32.1976344227103
0.25774 664.346321848315 35.2668620474963
0.26037 642.925015120795 34.6669853277892
0.263 694.816601157788 36.0111389899366
0.26563 663.586000451498 35.1654117590578
0.26826 758.671575273507 37.5715250860477
0.27089 715.154511413111 36.4498847139439
0.27352 800.51161611144 38.5339755200341
0.27615 788.724245087098 38.2195749140204
0.27878 831.120577995324 39.2028833595109
0.28141 915.860125629696 41.1209159349501
0.28404 897.732141871655 40.6802184433146
0.28667 975.080634657023 42.3634490910435
0.2893 1167.12543661391 46.3116698611058
0.29193 1315.03765510537 49.120283433949
0.29456 1441.6606382195 51.3905012427729
0.29719 1595.01679075612 54.0123398418027
0.29982 1648.96196137109 54.877061795514
0.30245 1823.42031360694 57.6755141164645
0.30508 2013.99466625251 60.5814308473687
0.30771 2263.66993980111 64.1917104780944
0.31034 2514.21447585698 67.6137968525478
0.31297 2640.26127733252 69.2498953480879
0.3156 2889.00082149018 72.3986959684539
0.31823 3170.16978236127 75.7982453470671
0.32086 3328.22216703812 77.6219881749561
0.32349 3418.44675048042 78.6236986657096
0.32612 3517.92483387541 79.7154545397644
0.32875 3532.18575550081 79.8327223641771
0.33138 3641.21629351795 81.0106408929653
0.33401 3656.0520075103 81.130546753508
0.33664 3654.07361617162 81.0636194157536
0.33927 3697.76628753593 81.5015616592443
0.3419 3661.42225883062 81.0549791264358
0.34453 3558.00106096459 79.8575801527404
0.34716 3535.56661886196 79.5610804764703
0.34979 3364.84969575126 77.5732122141367
0.35242 3156.71439446282 75.0938025117906
0.35505 3046.06389790671 73.7247306674803
0.35768 2881.16858160975 71.6613511691882
0.36031 2709.45833900045 69.454212468023
0.36294 2512.93931026476 66.8505176750915
0.36557 2441.2973722499 65.853712769976
0.3682 2351.01809968749 64.5882896270688
0.37083 2098.82752848964 60.9915644685287
0.37346 2035.0050395646 60.0232443983555
0.37609 1938.94330758892 58.5563941859598
0.37872 1894.43576234461 57.8477516002144
0.38135 1587.8525749197 52.9305156802441
0.38398 1498.07512175981 51.3833066525239
0.38661 1479.89335583844 51.0416142702799
0.38924 1310.63596659615 48.006925208774
0.39187 1145.13462820208 44.8481468937395
0.3945 1112.91700337091 44.1876307929921
0.39713 1009.75218294345 42.0658380811483
0.39976 984.327189034338 41.5092056140865
0.40239 906.113208617789 39.809708084276
0.40502 799.702627165022 37.3855067252532
0.40765 679.576922188835 34.4508112190889
0.41028 565.299376676765 31.4094556796831
0.41291 545.054726642953 30.8306095174743
0.41554 463.230412695936 28.4119714833625
0.41817 465.60124016549 28.4741368054171
0.4208 389.991625410718 26.0502377907453
0.42343 386.697449031183 25.9304549206019
0.42606 408.822292179776 26.6521396811588
0.42869 371.454609378869 25.3955643562049
0.43132 371.529369114971 25.3887691129046
0.43395 392.231611338271 26.0769219900271
0.43658 307.545897945012 23.0823405292958
0.43921 261.823295747254 21.2896607743842
0.44184 376.40539581989 25.5171475660527
0.44447 402.083167156103 26.3634133215118
0.4471 345.795268979684 24.4395150926718
0.44973 351.838327310486 24.6430174579609
0.45236 364.288883711425 25.065963404274
0.45499 368.711721569819 25.2083212903441
0.45762 431.020582895682 27.2450964892583
0.46025 498.031034112693 29.2756347954269
0.46288 486.763305377638 28.9318154528316
0.46551 557.145005459903 30.9413617886439
0.46814 645.52464929908 33.2927853561685
0.47077 569.477309763502 31.2586501729737
0.4734 579.926471936328 31.5323723427345
0.47603 669.833168454755 33.8759555922238
0.47866 621.221638166687 32.611400331312
0.48129 735.726250748907 35.4766085152998
0.48392 847.027392346474 38.0513776549088
0.48655 837.894224332192 37.8315227357634
0.48918 873.748523013838 38.6180104653955
0.49181 1032.89077802097 41.9721476129773
0.49444 1167.65005855902 44.6095195021446
0.49707 1133.18035764501 43.9296547970684
0.4997 1145.44216104746 44.1501120778555
0.50233 1243.57892949383 45.98920072989
0.50496 1324.8599787377 47.4574892974111
0.50759 1322.22513549262 47.3994181286035
0.51022 1375.27639858208 48.3298885223294
0.51285 1488.44781156614 50.2675884942046
0.51548 1441.72869203913 49.4610597323933
0.51811 1490.36474043675 50.2768761111014
0.52074 1597.08911650917 52.033960947005
0.52337 1473.44204803118 49.9676707442638
0.526 1497.63937231454 50.364719334309
0.52863 1414.28422588663 48.9318138211195
0.53126 1397.69273102429 48.632763154378
0.53389 1310.08073725392 47.0730353300445
0.53652 1154.21108599619 44.1739085321479
0.53915 1158.44611569803 44.2446856725094
0.54178 1051.17868518273 42.1367863857824
0.54441 986.804789191702 40.816772223329
0.54704 931.240425473071 39.64183904315
0.54967 794.739153063345 36.6129727077977
0.5523 794.459653908717 36.5980855618972
0.55493 768.481984445382 35.9864495814909
0.55756 649.408294921144 33.0735441744448
0.56019 647.819126060214 33.0254179265079
0.56282 556.084821505866 30.5908491062804
0.56545 555.037919304671 30.5549701705842
0.56808 500.266254030708 29.0015106266023
0.57071 621.920646686502 32.3286028353233
0.57334 537.051564418646 30.0349440539302
0.57597 419.793040207279 26.5482433960865
0.5786 451.048057572818 27.5124251866557
0.58123 451.985598455929 27.5346151410869
0.58386 437.246507016119 27.0756620968628
0.58649 366.97781054333 24.7990455330555
0.58912 376.755162365233 25.1213962969764
0.59175 416.403439636107 26.4040399651725
0.59438 424.796178603415 26.6626025887815
0.59701 335.729160865292 23.6976748273196
0.59964 393.724591452691 25.6570305608187
0.60227 387.73482390691 25.4570399974748
0.6049 273.762602329966 21.3879163663571
0.60753 297.24663938498 22.283366007712
0.61016 334.586776142161 23.638373325824
0.61279 320.132983874114 23.1190125278584
0.61542 363.411684398351 24.628863068727
0.61805 374.3973878665 24.9949436266191
0.62068 447.666063933091 27.3277365813035
0.62331 399.466893695643 25.8111750289229
0.62594 404.839918809911 25.9806391803899
0.62857 379.371163371371 25.1467055336617
0.6312 460.717138878809 27.7081083557804
0.63383 483.327509829903 28.3760009058071
0.63646 512.761622508337 29.223276761708
0.63909 602.203115285374 31.6652819932307
0.64172 551.908493189339 30.3100107221064
0.64435 618.487078999752 32.0817862490822
0.64698 655.021688387021 33.0112312802402
0.64961 720.25444537787 34.6112670767794
0.65224 851.069884691536 37.6181784142367
0.65487 722.783150611144 34.6624909630864
0.6575 764.440784932554 35.6425097643945
0.66013 874.336090134907 38.1132629929526
0.66276 852.052050765901 37.6192863396502
0.66539 876.48487974763 38.1496227574179
0.66802 873.276678843785 38.0745248745477
0.67065 961.090364403279 39.9375284172341
0.67328 906.486582351044 38.7811120421663
0.67591 1005.45153386372 40.8376382385736
0.67854 959.548786128571 39.8890818403025
0.68117 998.81075602727 40.6913933609925
0.6838 915.618137296046 38.9545847709692
0.68643 879.06697445547 38.1639028613013
0.68906 947.290661718211 39.6117313400402
0.69169 883.40097156828 38.2473644341768
0.69432 908.293387030409 38.7771617594277
0.69695 909.413412826437 38.7957335531352
0.69958 886.82679099731 38.3056665999208
0.70221 840.333968818637 37.2838761649483
0.70484 885.604781710195 38.2717027287883
0.70747 816.707145370489 36.7496908982548
0.7101 872.529805779652 37.9816079815062
0.71273 830.573880082186 37.0539949330216
0.71536 719.484172183024 34.4841250120965
0.71799 694.113423280849 33.8677612290336
0.72062 609.127311160909 31.7240025742981
0.72325 560.286375762692 30.4229719912336
0.72588 580.926113011037 30.9755991664097
0.72851 560.290146133077 30.4178428662655
0.73114 548.296857721563 30.0879393672614
0.73377 511.391032216109 29.055192776999
0.7364 463.210458189768 27.6502472720467
0.73903 446.21367539301 27.1358798227827
0.74166 396.905301659482 25.5904863836516
0.74429 436.62191353716 26.8380198315261
0.74692 392.674420553325 25.4493455913696
0.74955 385.891043750472 25.2263992550616
0.75218 366.460302745502 24.5809678612328
0.75481 331.310600102243 23.370379544113
0.75744 329.024372426285 23.2875991686683
0.76007 295.679756891101 22.0741533349737
0.7627 283.552453783397 21.6148652990657
0.76533 246.492210105902 20.1511572066256
0.76796 289.682171333683 21.8434801394536
0.77059 301.741709081516 22.2915964225416
0.77322 282.17972632308 21.5550456366135
0.77585 389.279418526448 25.3150798488108
0.77848 393.8561556784 25.4612622344343
0.78111 287.622982603545 21.7563195185059
0.78374 290.215588655145 21.8522681850136
0.78637 268.230975439543 21.0064724872435
0.789 251.080662107309 20.3220634420563
0.79163 265.35991028396 20.8901387558503
0.79426 273.292144938001 21.1982366194845
0.79689 330.744710098977 23.3182041380557
0.79952 306.667077756978 22.451465947883
0.80215 338.27475528523 23.5784605757779
0.80478 263.311109485474 20.8011963899747
0.80741 364.942990405428 24.4872098414836
0.81004 329.095243803356 23.2520183027208
0.81267 425.09234915025 26.4249733353765
0.8153 505.429815205109 28.8121985537845
0.81793 479.448756558063 28.060158650092
0.82056 530.181747164748 29.5056006471648
0.82319 579.563667740483 30.8471962851834
0.82582 608.956349413844 31.617770727903
0.82845 521.799558866163 29.2659791125596
0.83108 522.453580148588 29.2824962316283
0.83371 601.026769224917 31.4053893893744
0.83634 708.289391074573 34.0906807199595
0.83897 668.803522053756 33.1247498549887
0.8416 576.614710472663 30.7552466194317
0.84423 591.930118737561 31.1590777020203
0.84686 548.545354657278 29.9936046381848
0.84949 562.169642490801 30.3619107921524
0.85212 565.69800537441 30.4551497113763
0.85475 534.964988707498 29.6144793484906
0.85738 635.774782947801 32.2824193016723
0.86001 592.741239221231 31.1687938627955
0.86264 573.182670099631 30.6483393037688
0.86527 598.87590350326 31.325775712991
0.8679 544.211255176963 29.8600248052659
0.87053 670.885635501596 33.1515346466886
0.87316 654.380959298318 32.7391727168478
0.87579 457.432594410605 27.3708892463906
0.87842 554.660976941227 30.1378409305273
0.88105 495.33655822313 28.4787874528109
0.88368 416.163438230075 26.1021471901724
0.88631 475.780742149794 27.9074830022333
0.88894 477.36505493191 27.9521690364292
0.89157 414.106999279585 26.0327140032624
0.8942 378.574429190026 24.8892469049023
0.89683 406.262606817477 25.7817561343217
0.89946 464.632312117566 27.5699973654319
0.90209 467.430110973219 27.6515918383572
0.90472 327.542061953467 23.1460722050513
0.90735 284.825472462891 21.5831657139918
0.90998 234.316692529468 19.5753399338382
0.91261 271.830412246349 21.0833046797553
0.91524 297.940898009398 22.0717458889052
0.91787 178.999895080369 17.1072411046868
0.9205 270.91755415722 21.0452515605456
0.92313 260.152504562708 20.62203467335
0.92576 286.925186792711 21.6562771549492
0.92839 217.650168584276 18.8608353599771
0.93102 271.071452741654 21.0477300977768
0.93365 278.286029860577 21.3250977048501
0.93628 240.844914937647 19.8379147239356
0.93891 196.642900682212 17.9245542385015
0.94154 164.759116336625 16.4064985110503
0.94417 228.197595668438 19.3076161154678
0.9468 236.75699253282 19.6655671453064
0.94943 297.226905025371 22.0333773245661
0.95206 174.121553868534 16.8634031052917
0.95469 281.127369113028 21.4265603981968
0.95732 264.968671928619 20.8008029085933
0.95995 220.764713922945 18.9858306046868
0.96258 335.310410836449 23.3975415620426
0.96521 364.287034878567 24.386557652023
0.96784 217.006979852716 18.8212051244775
0.97047 317.235167364469 22.7553317231584
0.9731 368.165853070672 24.5129845438309
0.97573 444.273344927653 26.9265985867885
0.97836 405.744499439937 25.7314710329711
0.98099 350.450557906998 23.9129743525376
0.98362 345.286551494637 23.7351497510277
0.98625 349.261303031645 23.8703783174828
0.98888 433.604396949651 26.5957858357748
0.99151 353.002855131092 23.9958985459835
0.99414 364.349210407991 24.3774762849264
0.99677 438.283477949905 26.7355604554625
0.9994 368.789662473941 24.5235324522684
1.00203 336.028251736456 23.4081885151112
1.00466 357.488452121852 24.1433299663156
1.00729 443.731575327792 26.8975410020024
1.00992 408.281666257311 25.7999342990949
1.01255 402.83999215314 25.6266123028757
1.01518 417.85893831408 26.0991284644238
1.01781 418.637752059957 26.1226119116525
1.02044 471.421395657604 27.7196852102607
1.02307 382.296318047256 24.9614581793109
1.0257 533.540523868857 29.4876283297934
1.02833 447.821007638493 27.0143556505915
1.03096 482.42273973152 28.0377080673042
1.03359 441.908315256228 26.8337242432126
1.03622 495.383902835845 28.4100534919117
1.03885 512.059093295998 28.8833383287007
1.04148 536.727847472092 29.5699540219075
1.04411 455.780823398131 27.2482018133081
1.04674 457.123881495717 27.2874539239234
1.04937 479.788159154189 27.9548431047507
1.052 484.174998395158 28.0814618032179
1.05463 407.053826537869 25.7472403451843
1.05726 334.705934542174 23.3465496661045
1.05989 314.883174009626 22.6439381447406
1.06252 382.515632838668 24.9567517467213
1.06515 434.523411761366 26.5984473510458
1.06778 415.600668825169 26.0120179269685
1.07041 415.241171211507 25.999940774753
1.07304 319.346894214456 22.8002564508142
1.07567 281.868185485933 21.4199099568051
1.0783 290.137058324326 21.7311364812873
1.08093 238.724837152125 19.7113271637124
1.08356 227.672122285862 19.2490019415096
1.08619 202.364605005051 18.1470814805571
1.08882 207.545316355161 18.3773211204998
1.09145 244.949410061833 19.9641193161635
1.09408 302.208608467225 22.1743855721233
1.09671 234.37801395366 19.5273286115179
1.09934 168.173969475322 16.5405523083688
1.10197 146.190794763223 15.4212509959347
1.1046 239.095608516745 19.7212603403201
1.10723 241.800852272929 19.8320246662929
1.10986 286.193526717098 21.5753235240792
1.11249 240.677817368189 19.7849391270122
1.11512 241.794944314364 19.8303128743107
1.11775 254.240973914319 20.3337744454493
1.12038 205.581050509012 18.2842033047012
1.12301 200.159982209015 18.0410744455483
1.12564 144.311436329739 15.3184003741072
1.12827 128.271998063129 14.4416974090956
1.1309 169.846417533504 16.6176564344621
1.13353 250.497495014255 20.1805288151809
1.13616 217.530050299779 18.8052775159478
1.13879 216.556435658365 18.7626825822527
1.14142 179.142505563869 17.0646730975023
1.14405 327.334401620642 23.0666083911363
1.14668 279.940852961822 21.3309561975984
1.14931 232.424848263989 19.4360374168875
1.15194 291.017562228436 21.7477990958976
1.15457 328.011691283733 23.0881767847558
1.1572 331.7159770185 23.2176059426232
1.15983 305.032727820466 22.2636683277978
1.16246 258.578568160016 20.4978839488569
1.16509 313.11838990063 22.5557003554271
1.16772 225.550611260792 19.1431452553102
1.17035 228.462687305147 19.2658507701458
1.17298 349.406566618654 23.8251335319802
1.17561 302.296353192626 22.1602944163435
1.17824 327.352483916277 23.0598326807035
1.18087 343.613581865137 23.6250508093321
1.1835 277.415015807669 21.2271569533476
1.18613 392.078321090929 25.2349542378397
1.18876 336.935421877746 23.3926110146206
1.19139 329.267995049795 23.1243418132335
1.19402 295.075998701185 21.8902549536896
1.19665 410.900723260539 25.8310217743549
1.19928 345.97775202188 23.702089507649
1.20191 284.259828038407 21.4838385822114
1.20454 357.298610596776 24.0858173225858
1.20717 360.11459539943 24.1800767052261
1.2098 370.658832334643 24.5310465542847
1.21243 359.519072437544 24.1591391158154
1.21506 356.415637221252 24.0541740565616
1.21769 389.31003271094 25.1392003338497
1.22032 330.177230474611 23.1509494899048
1.22295 389.664627266476 25.1496719766692
1.22558 293.22170750135 21.81606797588
1.22821 318.643206630354 22.7416691066308
1.23084 316.649047135176 22.6699562515027
1.23347 229.156920888098 19.2850008810186
1.2361 254.780956482654 20.3342538150218
1.23873 205.142756653409 18.2458641064374
1.24136 204.186656009515 18.202942802213
1.24399 223.905173339933 19.0612586063682
1.24662 211.496976851635 18.5252114800605
1.24925 217.383960415994 18.7809010097005
1.25188 266.610365834831 20.7985363277128
1.25451 163.407692309559 16.2825375409646
1.25714 222.123192062212 18.9834164183867
1.25977 254.40723447464 20.315790770341
1.2624 202.735046670467 18.1353106695271
1.26503 248.049082481895 20.0595403514935
1.26766 176.272604354861 16.9097098539108
1.27029 154.941613746658 15.8532884927063
1.27292 190.789572654572 17.5915546887877
1.27555 241.318610080893 19.7839903842744
1.27818 158.740783155439 16.0455394666777
1.28081 155.621577616451 15.8868044344147
1.28344 71.4037008942706 10.7610235575802
1.28607 176.890455438197 16.9370199588961
1.2887 152.279029102961 15.7143501767085
1.29133 218.324827362741 18.8156626240133
1.29396 229.41278164777 19.2871623944816
1.29659 145.26247284439 15.3471530848196
1.29922 141.093002664389 15.1250013872508
1.30185 196.633194184382 17.8551366292024
1.30448 156.352518834278 15.9213967830588
1.30711 227.102895274396 19.1881906049272
1.30974 295.388635395159 21.8833367341736
1.31237 203.181464961632 18.1489982595903
1.315 227.759542839044 19.2151097691202
1.31763 222.07925196541 18.9737220663708
1.32026 249.286254621676 20.1021111892033
1.32289 302.140333736984 22.1304792795778
1.32552 273.202838141906 21.0437451255884
1.32815 289.567212529693 21.6645206837087
1.33078 248.525823171468 20.0703115883554
1.33341 299.28866458777 22.0245706363311
1.33604 277.576207717138 21.2103286264551
1.33867 291.423971531719 21.7326595317404
1.3413 338.77112599665 23.4313545423834
1.34393 332.32292714757 23.2069632905479
1.34656 391.559300888782 25.1901582845409
1.34919 280.429738890481 21.3175906813339
1.35182 316.439286201396 22.6446307969904
1.35445 235.479771021968 19.5339831731719
1.35708 293.711238688838 21.8156546444386
1.35971 297.443641719114 21.9535254708638
1.36234 268.369184059364 20.8526959486753
1.36497 249.711750263008 20.1145044408068
1.3676 204.587597951954 18.2063739870753
1.37023 238.258850370808 19.647273398959
1.37286 289.486637211781 21.656386208565
1.37549 284.645547649447 21.4742440288763
1.37812 280.437792454738 21.3146357637686
1.38075 294.789369364449 21.8529219055289
1.38338 292.017712709444 21.7496444143402
1.38601 267.693624662537 20.8238264874867
1.38864 301.706060612988 22.1068822461531
1.39127 300.470177018255 22.0612504811777
1.3939 294.141944507316 21.8273934508089
1.39653 175.504376681096 16.8601459975544
1.39916 312.73757690797 22.5061571330073
1.40179 308.431833319812 22.3503788500398
1.40442 173.370865595721 16.7566556030498
1.40705 287.147908202586 21.5648333798854
1.40968 255.062399172734 20.3240611066674
1.41231 254.223776543232 20.2903410950502
1.41494 178.395076911176 16.9967814624311
1.41757 190.897469379088 17.5820429367477
1.4202 182.025460955453 17.1683798340846
1.42283 197.798612272146 17.896530955282
1.42546 147.937299313467 15.4771171954186
1.42809 181.018440825052 17.1201131292379
1.43072 164.004943996858 16.2954996893484
1.43335 159.925111057752 16.0913149232328
1.43598 177.354190843694 16.9452477651052
1.43861 180.430176697313 17.0913266434472
1.44124 164.941474813743 16.3410558818461
1.44387 121.303716051027 14.0134872349098
1.4465 103.125281209831 12.92069079356
1.44913 152.782476269745 15.7265667899574
1.45176 168.36435430637 16.5088270029254
1.45439 157.664348906917 15.9754052330544
1.45702 139.566109598994 15.0303505315682
1.45965 224.736688404976 19.072608819064
1.46228 142.238686649129 15.1731576330786
1.46491 224.644447825449 19.0681665835786
1.46754 208.529999770744 18.3712773497086
1.47017 267.059673702379 20.7899396598382
1.4728 203.804972187378 18.1614470450509
1.47543 210.697410239596 18.4657371394172
1.47806 176.088704679522 16.8809463118963
1.48069 162.445853291813 16.2135958352434
1.48332 237.631466784838 19.6097018707861
1.48595 200.465828203583 18.0108073751988
1.48858 277.262962001871 21.1813151872238
1.49121 290.152879047437 21.6677803173719
1.49384 245.923136557847 19.9477843381726
1.49647 285.671686075501 21.4992127057199
1.4991 210.397863826628 18.4503074776036
1.50173 244.995779076747 19.9093717731275
1.50436 264.428879274927 20.6837169423875
1.50699 301.361289320038 22.0807471456169
1.50962 174.866494484813 16.8197378253774
1.51225 208.479753080099 18.3651191438012
1.51488 279.248804853643 21.2546206307775
1.51751 268.497575084923 20.8412502329705
1.52014 181.872203720035 17.1527057148546
1.52277 262.659711620865 20.6130421527844
1.5254 191.031902407476 17.5790012843241
1.52803 240.979166052813 19.7436245478417
1.53066 134.107256184795 14.7285217777075
1.53329 150.21505163601 15.5878291086844
1.53592 188.761110086901 17.4735464570148
1.53855 184.152175265258 17.2587410074387
1.54118 204.251744067756 18.1760479185129
1.54381 268.403132143994 20.8356114109163
1.54644 271.614365685899 20.9596832178936
1.54907 189.783535575141 17.5199757217344
1.5517 171.914611780276 16.674641897693
1.55433 194.300788373846 17.7269201581243
1.55696 181.337076984572 17.1251821506915
1.55959 136.517534405239 14.8587405249182
1.56222 212.440813953499 18.5354291524668
1.56485 176.23748400071 16.8821865898473
1.56748 227.05321693895 19.1619309179432
1.57011 135.869144650152 14.8228511496443
1.57274 154.434534178874 15.8029957874083
1.57537 231.572831252081 19.3511554667796
1.578 269.27826007498 20.8669815344474
1.58063 124.994996247391 14.2167781206699
1.58326 92.2925352106151 12.2161412470583
1.58589 140.45061049167 15.0698336778966
1.58852 128.439197156798 14.4109071649475
1.59115 117.540388091158 13.7858000532516
1.59378 181.515873794493 17.1313507158462
1.59641 155.71588471653 15.8670666210686
1.59904 181.844442694123 17.1465238765104
1.60167 159.096919802989 16.0381026198736
1.6043 226.421806743132 19.1327625530696
1.60693 168.516438394505 16.5057835448608
1.60956 216.50218162997 18.7086565253006
1.61219 207.600237163159 18.3198468842566
1.61482 140.965464694936 15.0959599196482
1.61745 166.983583525809 16.4300056338377
1.62008 104.839737415071 13.0184787811539
1.62271 48.2964650968808 8.83591243332987
1.62534 156.023348460616 15.8812609209637
1.62797 223.855993911414 19.0226492800814
1.6306 159.574617939632 16.0607194924485
1.63323 137.285002193165 14.8967349614553
1.63586 88.6690656006413 11.9718719354769
1.63849 189.770619851576 17.5140642121254
1.64112 128.595890553104 14.4172506096647
1.64375 132.657551179607 14.6430431936121
1.64638 196.94144568962 17.8414591137278
1.64901 158.825907530872 16.0220813986773
1.65164 160.341412876427 16.0982091980897
1.65427 135.584268158893 14.8032071671483
1.6569 222.015480446646 18.9425851321922
1.65953 240.589474903718 19.7188863377045
1.66216 196.888980313595 17.8382082158384
1.66479 148.511564425858 15.4923433299701
1.66742 168.36064520239 16.4950531599095
1.67005 209.549661038229 18.4023532217276
1.67268 121.210031125772 13.9957319045088
1.67531 162.615062798654 16.2107523502194
1.67794 130.76670848521 14.5367671464983
1.68057 237.123990961221 19.575075136068
1.6832 239.673727441479 19.6798759639622
1.68583 192.63166512608 17.6429999602048
1.68846 199.496193608051 17.95446019759
1.69109 243.507403939874 19.8361590940961
1.69372 229.488294675124 19.2565383405981
1.69635 283.568732700226 21.4054110573625
1.69898 184.475179978011 17.2647313197805
1.70161 214.747671334768 18.6273747279243
1.70424 163.398721222019 16.2483154482841
1.70687 155.176711661613 15.8341182143097
1.7095 170.998853352121 16.6216374463289
1.71213 163.665847940479 16.2612090803341
1.71476 172.945409977248 16.7157134171031
1.71739 174.431862754822 16.7872632621026
1.72002 227.395149688832 19.1670018839187
1.72265 223.382089514049 18.9969708642964
1.72528 219.412154366242 18.8272599089094
1.72791 197.888906829324 17.8798592986094
1.73054 170.871825894553 16.614420472357
1.73317 115.558351216628 13.6630365585949
1.7358 89.7010012077371 12.0376525016268
1.73843 162.199611916505 16.1869362773022
1.74106 161.727988037276 16.1632592292831
1.74369 128.206270560028 14.3908873824718
1.74632 139.350661926021 15.0032053554864
1.74895 176.614739439873 16.8903870896632
1.75158 139.095327395446 14.989218668949
1.75421 180.730755585887 17.0858012988848
1.75684 187.217560680817 17.3895844835727
1.75947 150.717989884211 15.6025310198382
1.7621 155.892517549971 15.8679834063888
1.76473 186.851574028979 17.3721702520717
1.76736 196.386406005521 17.8097573300783
1.76999 156.45780852462 15.8963532947193
1.77262 166.713302935136 16.4089430205185
1.77525 163.61467140665 16.2556071564805
1.77788 204.155440118379 18.1580474041824
1.78051 167.195298236465 16.4322597417655
1.78314 218.840851288823 18.7994893458284
1.78577 133.445438823778 14.6801440026094
1.7884 132.154327968208 14.6088401724167
1.79103 140.046236433828 15.0385982419473
1.79366 191.031264492511 17.5638797482236
1.79629 143.489195709553 15.2220948617004
1.79892 147.692962696079 15.443343031545
1.80155 265.407421272358 20.7021066539218
1.80418 163.099991922052 16.2286016872344
1.80681 197.944015211009 17.8781011567293
1.80944 131.82528864097 14.5896757185133
1.81207 232.392261794414 19.3710506183764
1.8147 126.815808413065 14.3095215418727
1.81733 206.989834414606 18.2813807940344
1.81996 145.255588878718 15.3142940893357
1.82259 161.086912305278 16.1271177322842
1.82522 201.972058165444 18.0579457546791
1.82785 162.392905169661 16.1920670954867
1.83048 135.654925423821 14.7990086182095
1.83311 192.870973580184 17.64592164357
1.83574 202.385877420468 18.0757814772626
1.83837 195.545956873112 17.767546926331
1.841 81.9217638473998 11.5000245682979
1.84363 219.092875292238 18.8065580364386
1.84626 172.067016313764 16.6663337753781
1.84889 153.810504208128 15.757246503265
1.85152 114.234196567307 13.5794276918377
1.85415 232.20034607319 19.3602473804308
1.85678 226.504553925338 19.1211500598991
1.85941 58.2789278117119 9.69900955344818
1.86204 107.395662972251 13.1662183078111
1.86467 149.884657084036 15.554008754286
1.8673 162.816930295107 16.2109923353954
1.86993 148.68272280613 15.491238543262
1.87256 154.053170936887 15.7683873214795
1.87519 89.883179505664 12.0444574210789
1.87782 64.4164268065296 10.1962954677444
1.88045 128.202386255479 14.3842830420095
1.88308 141.913918560813 15.1338258065585
1.88571 123.140626903692 14.0972039837435
1.88834 102.404777440161 12.8554854686919
1.89097 83.4789861396154 11.6068139913999
1.8936 182.156284405234 17.1452013577949
1.89623 126.943645183973 14.3127162551986
1.89886 151.850685918384 15.6538449126003
1.90149 98.6289375971016 12.6157204133288
1.90412 92.0383584607875 12.1868648658669
1.90675 65.875471050751 10.3102006039636
1.90938 124.230043071788 14.1584676074981
1.91201 130.268642574136 14.4984161971928
1.91464 169.624662485304 16.5440868806969
1.91727 131.827719076696 14.5847623795677
1.9199 96.3169615119626 12.4665149079169
1.92253 113.937769527789 13.5589236621609
1.92516 84.7839762050939 11.6962309214963
1.92779 83.9880019515527 11.6411357514012
1.93042 121.296619739652 13.9897116456324
1.93305 121.029579545453 13.9742291652058
1.93568 44.3229588932799 8.45656821002192
1.93831 86.7275163256038 11.8292149421964
1.94094 103.386907896197 12.9154019474729
1.94357 172.359444490498 16.6759421939019
1.9462 195.848701059881 17.7758702128178
1.94883 109.238947771491 13.2756856942941
1.95146 125.335920865102 14.2201333998184
1.95409 168.014865043502 16.4640786047654
1.95672 104.689589316734 12.9960989676354
1.95935 120.642651333588 13.9511299174255
1.96198 84.198909141917 11.6549352103824
1.96461 41.3295195091686 8.16553216546022
1.96724 71.5937130168318 10.7470543112372
1.96987 114.686564525734 13.602099790539
1.9725 140.271711468677 15.0429294054532
1.97513 208.56906397191 18.342984540651
1.97776 209.184837133051 18.369944285516
1.98039 131.923246695571 14.5881791639493
1.98302 105.756368147829 13.0614493725986
1.98565 112.493765405837 13.4710056630735
1.98828 105.315584261787 13.0340624331152
1.99091 161.163847644498 16.1237098456075
1.99354 135.979078656822 14.8103353395086
1.99617 90.0443838732527 12.0518812726116
1.9988 225.766258495015 19.0833111477387
2.00143 270.059689634491 20.8714067489495
2.00406 245.341620007723 19.8932139857754
2.00669 201.604381789227 18.0329518736848
2.00932 200.152150801129 17.9677820485462
2.01195 144.660351584298 15.2751892116558
2.01458 133.819189967198 14.6915811656069
2.01721 105.953331813976 13.0726655253562
2.01984 148.624051754013 15.4827780786532
2.02247 144.518484399787 15.2673457079747
2.0251 141.268680240508 15.0946234795163
2.02773 159.936727536622 16.0609393931657
2.03036 127.283359759943 14.3278212763458
2.03299 192.076833283358 17.6006754075408
2.03562 131.88748582422 14.5844862297344
2.03825 144.323983350169 15.2565414524385
2.04088 155.239137959442 15.8228587408554
2.04351 203.419123607942 18.1124720756144
2.04614 93.238811832071 12.2624628447715
2.04877 74.7257733753095 10.9777174411384
2.0514 132.897631493377 14.6397263585886
2.05403 260.589238156797 20.4998213513573
2.05666 156.12897977831 15.8675946950086
2.05929 180.42082538846 17.0572953778701
2.06192 237.699496481066 19.5784572853523
2.06455 77.1323539202026 11.1527028018025
2.06718 76.8193013980804 11.1299833011985
2.06981 130.730445635518 14.5192842056063
2.07244 170.532539739586 16.5828039006401
2.07507 175.407538523426 16.8180624780852
2.0777 192.20229850102 17.6046997413121
2.08033 190.521343965003 17.5274465499055
2.08296 198.565481713534 17.893537564794
2.08559 165.299456897719 16.3259155310838
2.08822 172.295707626359 16.6677339694302
2.09085 134.316869764135 14.7164178818334
2.09348 158.191142201985 15.9707536421841
2.09611 173.140390962721 16.7082523409795
2.09874 198.545395299162 17.8920143398484
2.10137 128.901055885193 14.4163482086046
2.104 82.9155348785087 11.5622651924277
2.10663 193.959598417163 17.6839206527364
2.10926 110.542410209986 13.3501249595061
2.11189 177.284778258587 16.9065322351018
2.11452 142.687577594273 15.1673546485755
2.11715 160.325092393203 16.077386606627
2.11978 64.9567971481039 10.2335179037588
2.12241 101.399289067033 12.7858043301952
2.12504 93.7565967484716 12.2944601213266
2.12767 158.157984024426 15.9680561854445
2.1303 130.931193615278 14.5286747615464
2.13293 107.269175475426 13.1504270333461
2.13556 51.6026669624702 9.12087292284219
2.13819 133.652669590066 14.6786831624646
2.14082 117.702277039044 13.7749063898267
2.14345 228.234710266586 19.1816082402016
2.14608 207.556636974758 18.2919678407776
2.14871 176.151594212285 16.8512977324097
2.15134 237.534496202116 19.5682214199513
2.15397 150.727666304254 15.5877145075007
2.1566 200.385953444799 17.9728744011864
2.15923 143.383481230284 15.2030739575405
2.16186 115.442948474583 13.64154309542
2.16449 215.745622810098 18.6487074904383
2.16712 209.599913590162 18.3810889286963
2.16975 216.990243390693 18.7022447516039
2.17238 152.060479363955 15.6559619263706
2.17501 137.941311049588 14.9113409210419
2.17764 220.175105475148 18.8387280849395
2.18027 156.769997013226 15.8963308156589
2.1829 122.329286713773 14.0419875927928
2.18553 134.288102569121 14.7122832643367
2.18816 148.833427152025 15.488504863377
2.19079 116.214612178143 13.6863477303855
2.19342 96.7969522519696 12.4906773172729
2.19605 131.523692122584 14.5597892673744
2.19868 66.6176819854755 10.3620553466589
2.20131 165.95147506831 16.3546285922443
2.20394 131.324761418352 14.5486406131678
2.20657 109.497313739884 13.2846408063112
2.2092 129.737661586715 14.4603929604229
2.21183 114.946824407018 13.6111408824386
2.21446 109.449987247469 13.2816758345711
2.21709 116.680056232681 13.7133105678499
2.21972 107.779409933995 13.1798623889934
2.22235 99.1163420919492 12.6390544896696
2.22498 103.345321934047 12.9058419618776
2.22761 167.205336888636 16.4159105595833
2.23024 126.098164850443 14.2558550498501
2.23287 153.714496824555 15.73965757828
2.2355 116.043701631571 13.6756390943089
2.23813 89.8680824022033 12.0347912002017
2.24076 122.527693349865 14.0524461408678
2.24339 117.156091297621 13.7409327976323
2.24602 49.6787685887308 8.94783914127283
2.24865 81.9198700413662 11.4901675701304
2.25128 73.2554003222008 10.8655205174818
2.25391 150.478455020871 15.5728052763824
2.25654 90.4212009052125 12.0715713281438
2.25917 54.8303475481596 9.40022279653755
2.2618 69.8834153563025 10.6124018507688
2.26443 191.526776074955 17.5687293751554
2.26706 146.813499303915 15.3818147684198
2.26969 77.8042925954013 11.1976100504739
2.27232 123.079849398689 14.0836757075087
2.27495 74.9820866194903 10.9925962609142
2.27758 75.7472502170562 11.0485155273595
2.28021 217.238172799992 18.7105926268078
2.28284 122.358800048048 14.0422291348011
2.28547 193.973628539496 17.680265149439
2.2881 116.460306502558 13.699520648895
2.29073 84.8070672555888 11.6904548111884
2.29336 144.678838873757 15.2692206303878
2.29599 244.689441832411 19.8573347136832
2.29862 284.516505926265 21.4124347493421
2.30125 248.047600431716 19.9930340020232
2.30388 260.457632692191 20.4869956874017
2.30651 231.521941418562 19.3154286874328
2.30914 181.583226405868 17.1058508026255
2.31177 187.298207008565 17.3728939071915
2.3144 160.8278021021 16.098464823158
2.31703 144.597639307238 15.264516155268
2.31966 165.135152648036 16.3125084469185
2.32229 160.508648351431 16.0823216619526
2.32492 167.170808879015 16.4126341656751
2.32755 188.103229855323 17.4098382262896
2.33018 53.8698501954044 9.31682708066823
2.33281 134.538362467532 14.7236932805373
2.33544 170.002294455101 16.5508242287864
2.33807 159.337132376299 16.0232008023476
2.3407 147.727898822979 15.428388958765
2.34333 87.4888230819301 11.8731006066247
2.34596 73.6191642489914 10.8913532439617
2.34859 131.652073070042 14.5646078371331
2.35122 186.78830063282 17.3483558439814
2.35385 218.447711284551 18.7609911014783
2.35648 150.880293222654 15.5918206147288
2.35911 108.700407707448 13.2341087214546
2.36174 110.014024741077 13.3137893113605
2.36437 143.912810262981 15.2274058240305
2.367 113.333120107756 13.5130430281281
2.36963 92.0015615087905 12.1750534938444
2.37226 132.150253789398 14.5916976203977
2.37489 69.8134288286522 10.605712414787
2.37752 42.7139318644664 8.29571224780144
2.38015 149.700318587681 15.5302629162521
2.38278 91.1304921586299 12.1170763772309
2.38541 128.105973834895 14.366441883209
2.38804 127.891360853294 14.3543547548152
2.39067 94.5971744185733 12.3452729025186
2.3933 106.749373959844 13.1142308014128
2.39593 138.341708917425 14.9291562716578
2.39856 86.7053272794379 11.8189835607212
2.40119 80.9520537520755 11.4201000139736
2.40382 69.9599282388968 10.6164625381421
2.40645 118.597453824673 13.822672511919
2.40908 96.5842304899591 12.4740255832276
2.41171 33.8581925827885 7.38557964845767
2.41434 17.3434857966506 5.2859138090402
2.41697 83.9410485433308 11.628889933982
2.4196 44.3637507726804 8.45404150567033
2.42223 52.3987185720606 9.1877625487704
2.42486 65.7127682114642 10.2890077183098
2.42749 105.651175169456 13.0462278748897
2.43012 115.49466378588 13.6404260537233
2.43275 143.93916449623 15.2277468026832
2.43538 145.7525480214 15.3233393081499
2.43801 90.4416476744463 12.0705971431523
2.44064 156.144621044537 15.8601473874393
2.44327 106.925115234869 13.12449949626
2.4459 100.895951254598 12.7490827168735
2.44853 67.5047539022683 10.4281778796323
2.45116 65.0007309988166 10.2329194133133
2.45379 120.915193661014 13.9566135609472
2.45642 161.368812345194 16.1231019177247
2.45905 129.525732810542 14.4449488764331
2.46168 146.702367444972 15.3728972162586
2.46431 109.038287558709 13.2533557503137
2.46694 139.195871582517 14.9743749678307
2.46957 140.399887708746 15.0389698603833
2.4722 61.4021953643289 9.94548210846312
2.47483 159.31314487322 16.0198659766527
2.47746 146.860044182298 15.3809826563875
2.48009 115.784700309468 13.6570539577706
2.48272 86.0213586129764 11.7715531595346
2.48535 62.0764486397684 9.99984419004578
2.48798 61.8020060481179 9.97769604817618
2.49061 93.0808819534706 12.2449893202793
2.49324 92.9275218784718 12.2348746977166
2.49587 80.6796280904181 11.4000950908873
2.4985 107.731760837394 13.1733912746802
2.50113 108.512061915953 13.2209892237129
2.50376 162.088552606029 16.1584769269744
2.50639 216.691315142351 18.68290089759
2.50902 98.426874265586 12.5915649848251
2.51165 159.483600967022 16.0280315274976
2.51428 146.459752913485 15.3596255117299
2.51691 72.9088057072629 10.8370425302519
2.51954 111.132063079205 13.3794968322281
2.52217 98.7963189384998 12.6150733910147
2.5248 114.652158370481 13.5896985817393
2.52743 97.0028433806521 12.5000067101047
2.53006 134.825074702549 14.7367818836481
2.53269 122.369052530203 14.0395253904916
2.53532 124.682479406874 14.1715923071878
2.53795 132.029199103888 14.5831128444942
2.54058 123.184923877658 14.0861830820249
2.54321 97.8397622616767 12.5536943474169
2.54584 22.269924108431 5.98925124167703
2.54847 98.5628474339753 12.5999578085135
2.5511 79.2459337398217 11.2979661862405
2.55373 92.9179493359434 12.2337863682914
2.55636 129.541191869879 14.4448932079084
2.55899 52.6397153470977 9.20802445910842
2.56162 128.67416135227 14.3964256395014
2.56425 94.2931477348063 12.3239060563766
2.56688 111.56142302612 13.4049328208108
2.56951 72.3850719967834 10.797704340061
2.57214 84.4960823617987 11.666068440563
2.57477 5.42839770029168 2.95693221707169
2.5774 32.8671177241107 7.27588217307074
2.58003 108.428188136658 13.2152460812947
2.58266 144.704006930707 15.266649670108
2.58529 121.141939523149 13.968508277823
2.58792 166.804869561696 16.3910372649788
2.59055 100.555627982284 12.7263708186433
2.59318 59.4848639743791 9.78822458860951
2.59581 76.5445304012043 11.1034279215666
2.59844 69.8700615856151 10.6082773616247
2.60107 52.361588252021 9.18343202568773
2.6037 66.6363712241639 10.3598411545554
2.60633 57.5831364061327 9.63038955667433
2.60896 123.867046342053 14.1244926773327
2.61159 122.686953246996 14.0570091523125
2.61422 38.3077428977318 7.8548118881487
2.61685 80.762202427651 11.4050016803987
2.61948 62.369049131024 10.0224663783137
2.62211 61.699126611632 9.96846583294342
2.62474 40.4230011413838 8.06866832137486
2.62737 19.634241744166 5.62332809339973
2.63 58.9270635519415 9.74187440159984
2.63263 91.5959777709624 12.1456873507785
2.63526 138.638541575111 14.9425478903803
2.63789 27.724281871728 6.68207873350773
2.64052 64.9271010437185 10.2257038708509
2.64315 57.455694354166 9.61934528907281
2.64578 86.4965942633703 11.8025880520164
2.64841 78.2864316302141 11.2284488263964
2.65104 64.1832074669953 10.1668400990962
2.65367 69.830292275156 10.6046413345227
2.6563 14.8455446170142 4.88957251999476
2.65893 39.1589221668646 7.94121508802941
2.66156 93.6566068529419 12.2811652133613
2.66419 22.8963930902418 6.0722923176489
2.66682 18.7238236486599 5.4911736102054
2.66945 16.844055934836 5.20822827412453
2.67208 91.7857985311139 12.1577494333858
2.67471 150.851867229152 15.5861753554595
2.67734 85.0642643289796 11.7040604958735
2.67997 93.4668372581363 12.2684734122368
2.6826 115.04816633183 13.6113240261523
2.68523 51.0195030046735 9.06415667536226
2.68786 45.7573546492145 8.58397642172669
2.69049 19.2786659808009 5.57179745693409
2.69312 78.7666112865585 11.262289371528
2.69575 89.1035349764216 11.9784834664878
2.69838 34.4507830212186 7.44822331133057
2.70101 35.1435717453779 7.52272236419146
2.70364 24.6971122179317 6.30629945536285
2.70627 141.416176819687 15.0903900313894
2.7089 26.8776319327173 6.57878717373603
2.71153 78.7695447580194 11.26234742814
2.71416 42.0985448419893 8.2334662967399
2.71679 88.0202702285955 11.9052888152334
2.71942 99.2590429641827 12.6425024234683
2.72205 31.0542311031641 7.07143919091694
2.72468 12.0754435255701 4.40959174981199
2.72731 97.94085049374 12.5582229872837
2.72994 107.929510581824 13.1830462457425
2.73257 39.7859885483713 8.00405686332778
2.7352 27.5877801083491 6.66504189338484
2.73783 71.3527809314226 10.7188791552589
2.74046 33.1879557453465 7.31027291415614
2.74309 68.4033009900983 10.4949720599601
2.74572 61.305538840709 9.93555268310035
2.74835 50.7496465407986 9.03978499958379
2.75098 37.6315142190106 7.78425141681682
2.75361 3.19590240430232 2.26849161676283
2.75624 52.3340317422567 9.17977291873749
2.75887 46.5653835903639 8.65906203057477
2.7615 23.1650841325349 6.10738947374237
2.76413 34.8637556482209 7.49247283089742
2.76676 27.0831659971237 6.60369832100513
2.76939 4.11548317303463 2.57422996490575
2.77202 45.6120843903927 8.5699108221118
2.77465 0.410831255588991 0.813331323604787
2.77991 55.5176563920057 9.4547523175115
2.78254 17.7336468937526 5.34358890268707
2.78517 11.1819666532083 4.24319044318863
2.7878 3.06398374376543 2.22114071545194
2.79043 68.4927496203902 10.5015779976441
2.79306 0.120441600211417 0.440372242926544
2.79569 12.3593969758695 4.46097445638653
2.79832 12.0968935940492 4.41334057318585
2.80095 85.9013507641539 11.7606168735578
2.80358 25.9927308968147 6.46927775050732
2.80621 4.75427799502018 2.76676239911858
2.80884 4.21890270470131 2.6063280023844
2.81147 1.65231000703064 1.63107833135085
2.8141 11.1916733556266 4.24498638091137
2.81673 0.245000446488178 0.628075658800288
2.81936 24.4976637982772 6.2804475961995
2.82199 44.6496345770259 8.4788499976699
2.83251 3.19862731075055 2.26938805256455
2.83514 43.0137522527112 8.32205046044029
2.83777 1.80976921656932 1.7070176633292
2.84829 10.8360454863723 4.1769643851922
2.85092 11.0806989652825 4.22385185160528
2.85355 0.237378116635145 0.618223024495031
2.85618 20.4258862323969 5.73475708187037
2.85881 12.8392640810944 4.54667984470231
2.86933 26.4430429518506 6.52497676803692
2.87196 44.7921607430348 8.49227398898008
2.87459 3.17133669849699 2.25966419466206
2.893 31.8474363838326 7.16074357978181
2.89563 17.4365102362526 5.29846907558388
2.89826 27.5196754303603 6.6564398146843
2.90089 7.69263831023903 3.51931308895163
2.90352 26.2827750998566 6.50513041107847
2.90615 61.0293357495052 9.91265222340254
2.91404 25.8267777954186 6.44846149858464
2.91667 0.0809584677115585 0.361037479044059
2.9193 26.4277415586144 6.52305925673898
2.92456 17.6825417749504 5.33573122185522
2.92719 11.7332204973779 4.34640672908612
2.92982 38.5328025361627 7.8765710838995
2.93245 48.6795970097132 8.85310337689909
2.93508 1.04731532013779 1.29855672753696
2.94034 21.317575504236 5.85856703159289
2.94297 49.415120307973 8.91974783653537
2.9456 60.951262136013 9.90636099613965
2.94823 32.9468612710494 7.28332973581521
2.95086 0.405439208925055 0.807952764726055
2.95612 2.92657035834259 2.17071537982944
2.95875 24.3579240881491 6.26244154184962
2.96138 10.3949244498389 4.0910460416972
2.96401 26.8134948640124 6.5705323872328
2.96664 57.7406559005881 9.64194955659128
2.96927 1.25241307390862 1.42003139093885
2.97453 8.0702775047413 3.60469631858844
2.97716 7.30148402020765 3.42870537485979
2.97979 0.159839390837938 0.507302095912591
2.98505 24.2941492068185 6.25425948694502
2.98768 0.531831885051204 0.925363540818558
2.9982 28.1403926451321 6.7311749014726
