-0.19988 18.8031866824406 6.17950059223074
-0.17884 9.90170461571233 4.48895724136937
-0.17621 7.89865236330651 4.00980749788119
-0.17358 4.28959247930927 2.95536798688833
-0.17095 4.53694793118327 3.03977860053351
-0.16832 56.3218159097749 10.7116130136665
-0.16569 2.13787654012009 2.08720131635067
-0.16306 9.9710206519292 4.50815979721862
-0.16043 7.95394297335153 4.02695874415424
-0.14991 28.5556423512788 7.63409507141686
-0.13676 32.7973643276067 8.18677409296538
-0.13413 54.1938897874138 10.525065324274
-0.12887 13.7417618749658 5.30131256363315
-0.12624 10.9618762632395 4.735446224579
-0.12361 23.1352643664814 6.88037231954743
-0.12098 18.8984811749506 6.21934127541417
-0.11835 6.52293945817587 3.65433895453309
-0.11572 20.5513938838467 6.48730021912687
-0.11309 16.4148312649872 5.7985279337601
-0.11046 54.9202627175781 10.6077192724579
-0.10783 22.1433409648084 6.73648654236498
-0.10257 15.4104866301587 5.62124250869723
-0.09994 12.2930186123344 5.02122322984608
-0.09468 3.50138644774315 2.68175114514317
-0.09205 26.1289495855703 7.32879543043218
-0.08679 26.56116001226 7.39504930541213
-0.08416 36.0090751776276 8.61383002491162
-0.08153 51.3521359851959 10.2906354160422
-0.0789 43.8288875628436 9.51076923136478
-0.07627 18.7572825972887 6.2243317021556
-0.07101 9.43838361490685 4.41876459812907
-0.06838 19.2689031409449 6.31615077418865
-0.06575 61.6135659975389 11.2988428052618
-0.06312 102.287981765346 14.5639696524375
-0.06049 26.3510554640957 7.39499694411183
-0.05786 47.6247921626683 9.94550713885342
-0.05523 107.378475269277 14.9396445078304
-0.0526 66.4146202637574 11.7539711190757
-0.04997 189.052953165242 19.8388044122796
-0.04734 268.418440698994 23.6483472275439
-0.04471 199.83946040221 20.4129590717017
-0.04208 280.734497435439 24.2038147230937
-0.03945 253.350807596998 23.0021021815977
-0.03682 221.508655390156 21.5165210263439
-0.03419 360.82027593133 27.4721314260461
-0.03156 382.078850575937 28.2809139802252
-0.02893 450.095981442935 30.7071442700938
-0.0263 612.392930464813 35.8320564164653
-0.02367 760.991219454343 39.959139421237
-0.02104 854.538168956104 42.3605469184496
-0.01841 984.122261881669 45.4767838804485
-0.01578 1116.75289047449 48.4633036968125
-0.01315 1143.13801930113 49.0515724617637
-0.01052 1109.85148106367 48.3509517393715
-0.00789 1211.91393152188 50.5449005276605
-0.00526 1415.09447067301 54.6390206020095
-0.00263 1397.79264167854 54.3250537686602
-0 1478.92607981954 55.9014782663577
0.00263 1611.58056532795 58.3790018883525
0.00526 1672.82279260478 59.5026173268566
0.00789 1637.92440583662 58.9031233450187
0.01052 1556.47571924736 57.4437414007945
0.01315 1535.76585905825 57.0839536616856
0.01578 1465.28285372903 55.7817484009579
0.01841 1147.21802447731 49.3780652042393
0.02104 1026.78601476842 46.7337478519094
0.02367 807.236769024111 41.4543880745265
0.0263 611.933709836338 36.1078379129584
0.02893 508.921053412693 32.9422766727168
0.03156 488.272034222078 32.2803537855309
0.03419 294.610668485038 25.0847863620919
0.03682 204.823610271389 20.9244882194987
0.03945 176.261965631748 19.4188120403936
0.04208 188.41974801611 20.08560574307
0.04471 191.766480393926 20.2715192223012
0.04734 162.285160964776 18.6559527161534
0.04997 172.211234370474 19.2259008907388
0.0526 82.8756840443341 13.3428102226684
0.05523 167.211364117494 18.9602597231408
0.05786 162.030063319007 18.6718213759397
0.06049 118.635699820328 15.9835753387702
0.06312 70.6921818790683 12.3432388673594
0.06575 101.111749459424 14.7679874515386
0.06838 107.867426504015 15.2595799362053
0.07101 224.114099115738 22.0043620934387
0.07364 208.720631996152 21.2438640575034
0.07627 108.041373540059 15.2905236086557
0.0789 119.847404584386 16.1108319944163
0.08153 79.5971851581867 13.1349585544382
0.08416 103.637825298901 14.9939153422835
0.08679 82.4627716887078 13.380143987512
0.08942 88.9464700853213 13.9018293677417
0.09205 34.3446593813172 8.64197153342751
0.09468 84.1237954848943 13.5306338508679
0.09731 154.578457934819 18.3488370449276
0.09994 120.708621762093 16.2199976608746
0.10257 159.209389080488 18.6297315427478
0.1052 223.293710747738 22.0648568270462
0.10783 250.016834090141 23.3500651132565
0.11046 359.514610522277 28.0028566286095
0.11309 212.158983161902 21.5137126649424
0.11572 164.555542619327 18.9487902274652
0.11835 188.623662543777 20.2891516734438
0.12098 311.439584789751 26.0731361182123
0.12361 295.427335967384 25.396406018371
0.12624 258.991035600997 23.7809849179987
0.12887 298.20887163586 25.5204479082265
0.1315 302.614751294281 25.7106818055393
0.13413 364.138777019316 28.2060672599894
0.13676 290.140875886171 25.1799028425444
0.13939 307.36212841758 25.9188232240009
0.14202 412.132746225028 30.0157477655211
0.14465 459.127805927025 31.6838464105777
0.14728 420.184413278413 30.313184238575
0.14991 518.381458754321 33.6726115674269
0.15254 679.467454193293 38.5546596575828
0.15517 733.164076856986 40.0528660843778
0.1578 819.431481273541 42.3476963594307
0.16043 1006.89989279882 46.9469157613168
0.16306 1290.45892346564 53.1528375737845
0.16569 1527.02275944923 57.8252544434513
0.16832 1844.54227718484 63.5593624695519
0.17095 2098.99542711791 67.8080713878107
0.17358 2272.31469510497 70.5586556477426
0.17621 2437.79903179027 73.0895713169777
0.17884 2480.06655591804 73.7273340849771
0.18147 2615.87769457803 75.7261662134854
0.1841 2811.3252977683 78.511483993231
0.18673 2895.92023626427 79.6913729926416
0.18936 2842.82723748864 78.9648133748187
0.19199 2802.07447825213 78.4040644657951
0.19462 2716.41178797258 77.2034833944004
0.19725 2822.99131366241 78.710778729671
0.19988 2783.16627850301 78.1507032421032
0.20251 2636.92481659168 76.038589612709
0.20514 2396.88146660331 72.465313787569
0.20777 2134.75071192476 68.3600001251962
0.2104 1804.92368955705 62.8317737341864
0.21303 1446.15349397554 56.2183858834408
0.21566 1236.99752692153 51.9728729312831
0.21829 1118.15966717331 49.3929772068378
0.22092 940.811182186859 45.288231837572
0.22355 797.280456517665 41.6735384898043
0.22618 710.065170895869 39.3119389450128
0.22881 552.853642778246 34.6737520476207
0.23144 461.331089583706 31.6608344246946
0.23407 388.507547716969 29.042621827566
0.2367 343.127825174402 27.2824899442749
0.23933 346.866328387922 27.4193340524744
0.24196 283.982977122136 24.7994261327685
0.24459 339.695602427985 27.1118988833813
0.24722 357.612523865586 27.8061383864114
0.24985 309.370126085756 25.8519140271217
0.25248 420.855809938136 30.1397207701072
0.25511 402.60814246047 29.4667834950799
0.25774 377.257965801016 28.5121132644396
0.26037 467.388605148327 31.7225324259158
0.263 574.722925513663 35.1622364899973
0.26563 601.313024162614 35.9514013292676
0.26826 567.995639216508 34.9265874552889
0.27089 600.430729519201 35.8949285009358
0.27352 603.980794616663 35.9857892670129
0.27615 566.257555838732 34.8292522434834
0.27878 556.774033678035 34.5218575792102
0.28141 585.478673918771 35.3856829048393
0.28404 758.381339877599 40.2562278738387
0.28667 849.987798771715 42.6003009993092
0.2893 880.972967418343 43.3515392395934
0.29193 946.612431410992 44.9185871156957
0.29456 1094.62825150822 48.2825180805409
0.29719 1345.96386524851 53.5167498902144
0.29982 1456.04764320768 55.6387177397041
0.30245 1626.65265021757 58.7658738127451
0.30508 1779.63818922987 61.4209350909168
0.30771 1850.42512382914 62.5833216593182
0.31034 1964.30727516134 64.431665132204
0.31297 2094.85210403265 66.4879006250552
0.3156 2385.48281988846 70.8965135770187
0.31823 2608.01044603755 74.073299684377
0.32086 2695.44072908223 75.2474376201378
0.32349 2774.49705346999 76.2848414432616
0.32612 2912.55449585813 78.1001613432699
0.32875 3046.49772662901 79.8148333824566
0.33138 3123.14336044447 80.7508152808885
0.33401 3083.985869581 80.1815431150466
0.33664 3103.0203911853 80.3669134093454
0.33927 3121.86988970406 80.5487148162098
0.3419 2960.8763124046 78.3839376580449
0.34453 2889.21304617092 77.3698829996114
0.34716 2828.10517017764 76.4882333229524
0.34979 2679.7994958091 74.3981574126182
0.35242 2522.06313236849 72.119492651741
0.35505 2422.08863415187 70.6208331782847
0.35768 2268.48457770388 68.2917667641291
0.36031 2089.41608005567 65.4899993215884
0.36294 1952.36901171124 63.2564816378583
0.36557 1861.20657665168 61.7138158926918
0.3682 1710.72816155994 59.1202300660479
0.37083 1776.80310701037 60.2039845655164
0.37346 1646.04605534689 57.9009929135458
0.37609 1508.00731172959 55.3765181550009
0.37872 1364.98807756089 52.6437376671187
0.38135 1296.64643053329 51.2685339324123
0.38398 1243.87097606532 50.174732780643
0.38661 1111.21091443713 47.3862558994986
0.38924 1064.68293455442 46.346879031551
0.39187 954.997815581156 43.8598551921981
0.3945 884.840745267945 42.1845742569756
0.39713 814.470166491142 40.4401972659878
0.39976 672.762483649007 36.7248954433837
0.40239 609.804077316924 34.9371744585425
0.40502 675.644207886157 36.7465443339072
0.40765 493.079077226953 31.3675141563146
0.41028 371.243153068328 27.1966155658214
0.41291 346.668772923017 26.2606999263073
0.41554 259.544320452414 22.7047893503047
0.41817 255.66051799343 22.5167546895559
0.4208 302.816268199301 24.4864198401948
0.42343 225.614167879954 21.1193268925376
0.42606 286.165731234872 23.7665623749017
0.42869 300.573944633434 24.3384748377579
0.43132 246.355165606518 22.0169996601678
0.43395 277.004632958871 23.3281278051201
0.43658 240.018896801004 21.6978959106096
0.43921 282.018316063095 23.5012822194869
0.44184 331.193337484289 25.4478533321929
0.44447 322.172404262416 25.0790708324939
0.4471 315.125806225056 24.7836707425067
0.44973 304.493433530894 24.3426827856877
0.45236 201.203641133041 19.772094330123
0.45499 338.409598507469 25.6218701531242
0.45762 397.313463199732 27.7402463966965
0.46025 300.220629123983 24.0944807302833
0.46288 217.850224117243 20.5082871741459
0.46551 355.674920368533 26.1836103772809
0.46814 377.007412882126 26.9357963591761
0.47077 408.778595966843 28.0253056112806
0.4734 409.183493208861 28.0166486523807
0.47603 485.091544270364 30.4803021997782
0.47866 515.836728991681 31.4060464345667
0.48129 482.500445172152 30.3497523738245
0.48392 514.454896601403 31.3132779412974
0.48655 536.671608187375 31.9563528795075
0.48918 556.595360742101 32.5177236265481
0.49181 646.475455887936 35.0165405728984
0.49444 750.091000294793 37.6877745138588
0.49707 809.597752589143 39.1222553364252
0.4997 826.590129555094 39.4995241946248
0.50233 916.25125366986 41.56303906419
0.50496 953.40845993647 42.3733179797429
0.50759 1036.61984366433 44.1586122142073
0.51022 967.764046173054 42.6425141809586
0.51285 1011.57180641156 43.5721048665829
0.51548 977.933405311265 42.8170419497525
0.51811 889.60062446885 40.8141835296458
0.52074 975.103733040576 42.706133396595
0.52337 972.47373152477 42.6240552660897
0.526 1010.83890565843 43.4317670566119
0.52863 1007.01543205335 43.3246436675045
0.53126 919.097818681305 41.3664191840009
0.53389 898.101785078178 40.8676511124939
0.53652 840.296916679942 39.5077985204088
0.53915 770.725277654789 37.8151219712514
0.54178 810.100492013596 38.7466465395746
0.54441 785.697242246167 38.1365116675165
0.54704 716.117968980796 36.3876512931177
0.54967 642.437442957901 34.4449260122047
0.5523 659.037574065482 34.8668508919649
0.55493 635.057286222316 34.206732983119
0.55756 592.360399332248 33.0175899840376
0.56019 538.204300050249 31.4537813925896
0.56282 513.562977537028 30.7073799114283
0.56545 490.988258606238 30.0073601663567
0.56808 445.862642716933 28.5784594182454
0.57071 399.907843763403 27.0497943328659
0.57334 278.099140718845 22.543911306775
0.57597 356.720216926074 25.5175188407209
0.5786 398.56175800309 26.9567316003881
0.58123 333.50079591321 24.6440679756108
0.58386 283.321278266966 22.7011466954679
0.58649 286.242515787908 22.8044291643624
0.58912 303.862570660448 23.48196159858
0.59175 213.412060222196 19.6674737912924
0.59438 202.406230876585 19.142297752138
0.59701 136.836088101559 15.7298715585186
0.59964 220.706292291474 19.9652442111062
0.60227 248.457137947149 21.1740832215156
0.6049 354.875127390897 25.2959735815604
0.60753 271.444628429365 22.1150975858864
0.61016 215.987723946537 19.7195617045168
0.61279 235.772797225595 20.5951014439
0.61542 258.468539485324 21.5553544641246
0.61805 286.102329218538 22.6697187312111
0.62068 355.199045991663 25.2496471791837
0.62331 354.458666886061 25.2136706215446
0.62594 335.318938538857 24.5141052280914
0.62857 377.549612343233 26.0020519092619
0.6312 380.743483012565 26.1017917408703
0.63383 438.237295940064 27.9925263151941
0.63646 492.763776815983 29.6715363292899
0.63909 433.177177508077 27.8090735097348
0.64172 442.50237337105 28.0960004172809
0.64435 482.704615220598 29.3332549869609
0.64698 517.927460391372 30.3729311293188
0.64961 542.145766604433 31.0629607222492
0.65224 577.668924108653 32.0521200781134
0.65487 585.225763674679 32.2486318253757
0.6575 568.862374787525 31.7823033117413
0.66013 646.703659234773 33.8739997374856
0.66276 724.29238344417 35.8346120800927
0.66539 715.848954019075 35.6113340451254
0.66802 771.743376751407 36.9611664367571
0.67065 848.513555639389 38.7409389086911
0.67328 792.385328003899 37.4231523710656
0.67591 717.050378013492 35.5859254339323
0.67854 694.194970989705 35.0005851396178
0.68117 721.976516473817 35.6801869532492
0.6838 750.960417453137 36.3751664330785
0.68643 717.148802322603 35.5329981558713
0.68906 677.402249612569 34.520823597771
0.69169 700.901548997307 35.1007847068937
0.69432 640.142499257256 33.5318101204906
0.69695 684.335172205441 34.6563896495291
0.69958 730.940373352417 35.8030437227498
0.70221 699.138894607754 35.0046961788685
0.70484 637.218766791135 33.4106748253007
0.70747 593.480982756235 32.2359676061633
0.7101 449.531306498969 28.0487535953686
0.71273 463.79250319683 28.483391389004
0.71536 539.792091864186 30.7212783983854
0.71799 531.605437104022 30.4801340200235
0.72062 540.618077958835 30.7300691595833
0.72325 468.996426843735 28.6153500647942
0.72588 418.193037614882 27.0146090016036
0.72851 351.570080651112 24.7635088838752
0.73114 378.666835646137 25.6939428873993
0.73377 413.601834370971 26.8465935965716
0.7364 320.04785764494 23.6102841475247
0.73903 299.160671164325 22.8213715763675
0.74166 308.652442709808 23.1750160193051
0.74429 246.278076194812 20.6963471782509
0.74692 182.334846416348 17.8037404088994
0.74955 210.312320209934 19.1163209500049
0.75218 188.169789665461 18.0776675785742
0.75481 219.618273968088 19.5252733810002
0.75744 219.351555325031 19.5087136855821
0.76007 251.871995589713 20.899868645768
0.7627 224.059456600029 19.7074549707422
0.76533 271.481087558849 21.6877217194976
0.76796 230.128151695398 19.962926336036
0.77059 208.667994405662 19.0047599090766
0.77322 298.992752509231 22.7436353396685
0.77585 254.126278763178 20.9628041547066
0.77848 237.713467097701 20.2696601166495
0.78111 200.72653055962 18.6215958329915
0.78374 221.112776792369 19.5396288342675
0.78637 162.313113904711 16.737131471492
0.789 215.181257039737 19.2664289038193
0.79163 292.496894169166 22.457135730137
0.79426 240.539970348962 20.3602000176858
0.79689 226.294748773291 19.7433243284222
0.79952 196.3046332937 18.3841220182071
0.80215 261.576970801702 21.2179176295514
0.80478 323.90167559318 23.6073902903246
0.80741 344.637722463175 24.3478797255528
0.81004 362.757564547528 24.9761976423946
0.81267 315.839863491266 23.3018219505172
0.8153 324.322634666265 23.6093126927746
0.81793 344.999267959218 24.3468113376392
0.82056 381.847521252674 25.6103941914453
0.82319 444.000934688236 27.6122293148426
0.82582 393.989618327448 26.006993845723
0.82845 441.411314343558 27.5237570126901
0.83108 477.800971574454 28.6317372715817
0.83371 399.443702135778 26.1752090468757
0.83634 467.061419452327 28.3000715339826
0.83897 551.541113619154 30.7487616614058
0.8416 508.25346980767 29.5132469231953
0.84423 425.111388810031 26.9877263909682
0.84686 499.21242168965 29.2412353158496
0.84949 475.118964856131 28.5228084367618
0.85212 492.837513936063 29.0456461003292
0.85475 511.352928834729 29.5820031472293
0.85738 473.972431585634 28.4761827173544
0.86001 507.493242039737 29.461738399935
0.86264 498.888110323066 29.2067211120161
0.86527 480.783500663671 28.6677742779194
0.8679 422.437221665176 26.8681795323647
0.87053 497.360281335865 29.1494684153915
0.87316 495.635798517082 29.0947306638029
0.87579 407.833722518416 26.3883645634453
0.87842 344.585433488381 24.2525410952798
0.88105 340.646879610663 24.1100918383789
0.88368 364.696387447917 24.9430889446469
0.88631 394.128123286459 25.9263301515779
0.88894 401.599891737639 26.1671810897332
0.89157 361.072746092643 24.8082023179048
0.8942 299.778385894216 22.6014277806272
0.89683 340.987017942096 24.1014070605077
0.89946 297.118847771925 22.494498593846
0.90209 357.444357859449 24.6696927075979
0.90472 299.587749966477 22.5830519313249
0.90735 263.317854781278 21.1700481434726
0.90998 296.498783207411 22.4623001506342
0.91261 248.515511015741 20.56272126611
0.91524 191.992555625408 18.0720365478187
0.91787 130.890562751015 14.9203882716384
0.9205 131.3790143439 14.9468613552364
0.92313 122.420441593398 14.4269663671421
0.92576 160.100991422168 16.4970425347511
0.92839 211.321524764218 18.9514297244337
0.93102 189.007355471686 17.9213402548453
0.93365 211.099884620858 18.9380886264522
0.93628 233.558823986932 19.9182552558679
0.93891 185.797996057388 17.7637505761555
0.94154 192.717728270401 18.0898922735072
0.94417 275.976118972778 21.6457124242056
0.9468 237.123552727576 20.0624726855336
0.94943 268.682235679642 21.3539175023533
0.95206 280.995395340157 21.8357770044731
0.95469 267.031262723134 21.2843828218946
0.95732 234.040627564023 19.9244611456034
0.95995 250.518576985604 20.6120823927668
0.96258 282.253849014105 21.8767485529851
0.96521 290.529864598246 22.1931607762039
0.96784 197.244987399269 18.2846932556567
0.97047 224.123047506193 19.4889690877446
0.9731 203.777023882645 18.5816434970852
0.97573 220.184343880098 19.3134845007086
0.97836 231.80919310985 19.8149800779702
0.98099 263.507299797399 21.1244555948503
0.98362 293.624013095989 22.2969708307662
0.98625 254.755743471047 20.7669609473739
0.98888 269.882098443851 21.3726739226134
0.99151 337.094777250822 23.8840896205855
0.99414 277.212330526852 21.6570752018372
0.99677 197.563391014128 18.28132265863
0.9994 323.943763812811 23.4072303005551
1.00203 323.547643277508 23.3911743312718
1.00466 327.09387382813 23.5174918690508
1.00729 313.668629818054 23.0283185971429
1.00992 311.54274439802 22.9486631562863
1.01255 350.328998597446 24.3337193988876
1.01518 404.795583785577 26.1553305114407
1.01781 476.278715205314 28.3690498251337
1.02044 407.578712405949 26.2416911691739
1.02307 386.79472464782 25.5621989929674
1.0257 353.387051560105 24.4317805844513
1.02833 292.385149540593 22.2218042632826
1.03096 328.12401302715 23.5392447983605
1.03359 362.202462608306 24.7298265089442
1.03622 392.044745426556 25.7267565767586
1.03885 394.008263755859 25.7894291216655
1.04148 402.362055556857 26.0597001020295
1.04411 360.528594455049 24.6662199355945
1.04674 266.345548211635 21.1995819442927
1.04937 361.19309222755 24.6857384741015
1.052 288.50832440373 22.0611123541672
1.05463 322.185813310023 23.3116632951627
1.05726 310.59385287401 22.8869700984183
1.05989 292.219417793872 22.1982237810438
1.06252 311.344443335428 22.9116338925922
1.06515 287.63899467349 22.0207035706018
1.06778 262.030430277482 21.0162380562682
1.07041 255.970172724728 20.770435172835
1.07304 278.582281065728 21.667033623428
1.07567 264.060215449801 21.0933710530871
1.0783 222.413477858738 19.3573920576824
1.08093 208.761636002813 18.7526836630886
1.08356 160.399058092527 16.4365540103908
1.08619 264.616441555255 21.1100885807723
1.08882 206.701667405791 18.6562953449605
1.09145 157.93666104964 16.3067219531375
1.09408 177.571493947693 17.2895457053604
1.09671 169.173341079582 16.8746465565663
1.09934 194.58057625613 18.0963182395365
1.10197 185.617241455177 17.6737250916041
1.1046 216.940553534904 19.1060313875382
1.10723 212.659824198456 18.9157695800467
1.10986 162.510901326584 16.5349814720326
1.11249 145.67665159399 15.6544787001775
1.11512 166.281775353038 16.7242684926657
1.11775 120.954217825991 14.2631839028421
1.12038 142.62431932677 15.4875931798492
1.12301 183.873447978535 17.5844105575944
1.12564 223.742299645034 19.3965065425949
1.12827 173.208460212572 17.06534925347
1.1309 144.450620665948 15.5837329272385
1.13353 167.44951498584 16.7777954822745
1.13616 181.7458885683 17.4785903432672
1.13879 220.408645237717 19.2472892947607
1.14142 275.363805038732 21.512448427882
1.14405 290.17428147913 22.0824383172479
1.14668 231.048431484238 19.7038108525868
1.14931 272.367129209154 21.3922868270556
1.15194 289.44836240174 22.0519277978877
1.15457 316.667046855424 23.0644761363565
1.1572 290.532312876562 22.0912618546491
1.15983 197.922994863254 18.2327665740574
1.16246 254.217515997918 20.6627595079427
1.16509 287.798521058464 21.9842170637091
1.16772 250.041738436725 20.4905736358491
1.17035 275.359112188091 21.5019933828549
1.17298 265.03538595848 21.0941515886718
1.17561 248.102406331579 20.4082963548349
1.17824 243.817645123118 20.2304228735455
1.18087 212.000933964899 18.8635058410928
1.1835 229.405256098665 19.6216865323345
1.18613 261.113253880816 20.9329403296212
1.18876 318.783070553177 23.1283433504699
1.19139 246.948985669195 20.3554940262723
1.19402 209.98005169074 18.7693037999866
1.19665 210.61685474742 18.7969257296499
1.19928 291.161591503343 22.0998040960501
1.20191 259.824225837774 20.8759689147018
1.20454 244.659969471804 20.2569438256025
1.20717 258.480513487441 20.8205411299635
1.2098 270.489395541794 21.2980024798405
1.21243 219.096296624871 19.1675635458736
1.21506 159.217591441653 16.3391913594552
1.21769 212.200941527204 18.8622860767545
1.22032 208.042816995997 18.6759488523269
1.22295 215.202967507151 18.9939844814093
1.22558 213.581498941483 18.9216673475563
1.22821 222.280275064146 19.3025055898463
1.23084 207.965771653137 18.6700203013747
1.23347 200.760461976129 18.343136025792
1.2361 250.43404122749 20.4864546918329
1.23873 207.466050975016 18.6457251940517
1.24136 189.01219816778 17.7965699828392
1.24399 212.382844886837 18.8641281318699
1.24662 205.028873445222 18.5340428529795
1.24925 241.953031548754 20.1332465816068
1.25188 203.276150968895 18.4534307971508
1.25451 146.122984828857 15.6451164539427
1.25714 129.158583733238 14.7084461708609
1.25977 183.257618466982 17.5195038238316
1.2624 188.878165123489 17.7855493626511
1.26503 163.299006984402 16.5368886231729
1.26766 178.320637248572 17.2801876810232
1.27029 146.761761725067 15.6761615482244
1.27292 197.201371587559 18.170792027888
1.27555 92.4267528021476 12.4395124404428
1.27818 146.025980124404 15.6352631133212
1.28081 114.585597935289 13.849712680028
1.28344 56.6130598975581 9.73463509802336
1.28607 108.621126062284 13.4835462071057
1.2887 196.790087597697 18.1482269286354
1.29133 151.407741302507 15.9181372583136
1.29396 212.456421291352 18.8555301630376
1.29659 204.998191439358 18.5210004919113
1.29922 175.249659731543 17.1239373627424
1.30185 194.122734235811 18.0219416103413
1.30448 193.219163686996 17.9794862278543
1.30711 152.868094942889 15.9918756646702
1.30974 151.750730087015 15.9329125063974
1.31237 189.120060141546 17.7863720946584
1.315 177.420919978802 17.2270052502197
1.31763 187.315185011526 17.7003829533178
1.32026 235.659565543472 19.8530621729128
1.32289 229.499117872502 19.5913459028992
1.32552 227.733461986503 19.5153336979202
1.32815 235.349792496286 19.838473985505
1.33078 213.193284016069 18.8810832194132
1.33341 264.996953125929 21.0498681842154
1.33604 246.042457162993 20.2825596165171
1.33867 184.17036380723 17.5475463764413
1.3413 258.601027140679 20.7926785994882
1.34393 182.468347539909 17.4653735447371
1.34656 257.080767100023 20.730400544965
1.34919 221.927315323744 19.260478386256
1.35182 186.159783661366 17.6397900754608
1.35445 235.264815048078 19.8297737595579
1.35708 215.441930145713 18.9754975740795
1.35971 298.26056123076 22.3261974026343
1.36234 330.679379112273 23.5076485409426
1.36497 295.088827282133 22.2060238638834
1.3676 326.198598251569 23.3466326716451
1.37023 290.339828019568 22.0254757661152
1.37286 286.874977870653 21.8930924143058
1.37549 295.909110110085 22.234569642608
1.37812 240.637495522775 20.0502592889801
1.38075 241.273361287611 20.0762139068204
1.38338 219.788797824329 19.1610227474264
1.38601 162.021000562677 16.4509259185247
1.38864 131.651366409804 14.828805154635
1.39127 202.279778303742 18.3805494085006
1.3939 86.7037322251632 12.0334437074543
1.39653 119.330568705042 14.1167807419169
1.39916 160.977950914162 16.3957710978422
1.40179 176.951453157062 17.1896459475371
1.40442 131.121026037269 14.7967811342079
1.40705 111.235480550331 13.628371493692
1.40968 133.437045732634 14.9262846568835
1.41231 105.321413620524 13.260596640011
1.41494 102.977200208375 13.1119256887255
1.41757 188.273208120172 17.7288846582557
1.4202 205.887562253785 18.5393038471878
1.42283 230.557813353375 19.618215550604
1.42546 213.450309671497 18.8759660254765
1.42809 124.392757289455 14.4095212569103
1.43072 185.739803730152 17.6074193558605
1.43335 180.909538149339 17.3766142806567
1.43598 190.393024040862 17.8258872695727
1.43861 143.082225877515 15.4528893405766
1.44124 87.2181240273182 12.0645584538084
1.44387 145.686903471749 15.5922765116802
1.4465 95.7048354037045 12.637390973749
1.44913 149.310007343953 15.7843299052936
1.45176 141.059795401769 15.3417367015598
1.45439 76.0698162835509 11.2660141595188
1.45702 120.824971372322 14.1982123736865
1.45965 145.029149074293 15.5551489841697
1.46228 139.291326266304 15.2440291356023
1.46491 191.877714748017 17.8912716362137
1.46754 192.997275562727 17.9430280892605
1.47017 220.36435121447 19.1726446972671
1.4728 186.517538067078 17.6385304043006
1.47543 148.430937653194 15.7346099781472
1.47806 123.743097831697 14.3663176411172
1.48069 123.479581699165 14.3507220356916
1.48332 156.040939156172 16.131942315295
1.48595 195.027006722801 18.0345771821306
1.48858 96.6382615995261 12.6947556471265
1.49121 121.580401751738 14.2387800784781
1.49384 192.541380498108 17.9181942057115
1.49647 195.897965645147 18.073337756616
1.4991 194.633801738837 18.0145632508681
1.50173 200.565750307781 18.2866688765526
1.50436 174.232778534749 17.0437377072681
1.50699 172.863139784395 16.9763689473563
1.50962 166.653627025029 16.6684296864015
1.51225 140.700408994461 15.3154117720083
1.51488 157.110632987297 16.1836874462051
1.51751 138.864954146474 15.2147463278509
1.52014 143.950802878891 15.4906317206012
1.52277 151.517669499598 15.892324307893
1.5254 132.697886220171 14.8724143011226
1.52803 171.518118891267 16.9082308822474
1.53066 228.213684231242 19.5032820906138
1.53329 231.506017449762 19.6431755193864
1.53592 135.30480064579 15.0169194762704
1.53855 119.982154242516 14.1408745818132
1.54118 186.368158781148 17.6237163207633
1.54381 194.648716500639 18.0107211263411
1.54644 165.527003771972 16.6086162126658
1.54907 188.549137194054 17.7257651230321
1.5517 196.110719816554 18.0774460984833
1.55433 182.127218908095 17.4207772997007
1.55696 169.117276481987 16.7867947870857
1.55959 129.045574826859 14.6635472795875
1.56222 121.523048678964 14.2295283645945
1.56485 162.477745766251 16.4532543658896
1.56748 197.681400158629 18.1481126052069
1.57011 77.1591530887969 11.3379876239738
1.57274 171.447138420913 16.9005587952252
1.57537 180.910822697301 17.3604872120856
1.578 152.509347410748 15.9393848720327
1.58063 132.914542883845 14.8800115253887
1.58326 130.757593152528 14.7585661473773
1.58589 124.876901218192 14.4226629424437
1.58852 174.742751366534 17.060732455127
1.59115 102.031381691093 13.0364295382406
1.59378 119.735594948074 14.1220292204574
1.59641 84.2061776072714 11.8427110767837
1.59904 81.4189933684635 11.6448985933413
1.60167 59.6952907183401 9.97095121378362
1.6043 88.0455938379883 12.1091621807957
1.60693 51.9222463729588 9.29888219470974
1.60956 96.6969567601181 12.689781333636
1.61219 154.568500337435 16.0436049042841
1.61482 138.305270621612 15.1759033899944
1.61745 75.2262297740264 11.1921510235257
1.62008 71.6496866812342 10.9226945070374
1.62271 74.5075000000727 11.1382345911572
1.62534 102.083285104439 13.0372924915477
1.62797 109.504101076119 13.5026499110506
1.6306 39.5186853518249 8.11145540394733
1.63323 50.4212970973088 9.16216844976738
1.63586 113.693523173034 13.757922297263
1.63849 200.139520561875 18.2534576229508
1.64112 108.605416079579 13.446157082344
1.64375 149.664260343595 15.7842959273696
1.64638 67.7138299365318 10.6169207568257
1.64901 158.044779565709 16.2197325169119
1.65164 104.94585159408 13.2169111933533
1.65427 100.054537133513 12.905042848314
1.6569 142.002758936176 15.3738688381425
1.65953 158.916551118587 16.2634646128469
1.66216 165.099315320086 16.5765772691291
1.66479 137.616130030181 15.1338916114383
1.66742 107.656419691088 13.3853471025265
1.67005 185.305640620559 17.5609381478225
1.67268 166.212072574765 16.6313842738055
1.67531 143.539651577843 15.4552765834715
1.67794 173.567454468438 16.9949036377275
1.68057 139.18201487289 15.2184296330732
1.6832 167.63356860949 16.7013853847942
1.68583 105.430897140633 13.2449302170925
1.68846 128.323515215335 14.6120977358839
1.69109 208.867836611489 18.6418474409655
1.69372 198.156637766125 18.1572970365508
1.69635 176.753924771141 17.14846057691
1.69898 159.015022560255 16.2649751559702
1.70161 173.729128243187 17.0006551464273
1.70424 108.773630449897 13.4519998909442
1.70687 134.910951130126 14.981122341142
1.7095 169.699376243854 16.8018296391065
1.71213 110.54849316153 13.5609018526681
1.71476 108.002783066907 13.4037197120242
1.71739 81.2428124035629 11.6250825059757
1.72002 91.9381986152276 12.3665133136522
1.72265 131.283064211735 14.777444318239
1.72528 85.7124360458739 11.9402275443702
1.72791 82.2559717115247 11.6968819620849
1.73054 63.9226619978849 10.3112073337744
1.73317 86.9275576747832 12.0242095653439
1.7358 182.729550862425 17.4332314371231
1.73843 153.523485929451 15.9792583434651
1.74106 154.63845919317 16.0370198923941
1.74369 177.09977756398 17.1620681849338
1.74632 189.184287779507 17.7377631500391
1.74895 101.658821573336 13.0024310342384
1.75158 85.1666753949407 11.900975865684
1.75421 82.1088056241554 11.6852578105142
1.75684 71.188181122715 10.8803554455024
1.75947 151.918771215249 15.8942689743026
1.7621 157.751296558731 16.1963446965932
1.76473 130.965647354892 14.7572332879189
1.76736 106.687904874386 13.3192430059041
1.76999 144.469411071553 15.4990687194253
1.77262 159.767079470304 16.2988515461233
1.77525 70.4070550842754 10.8197480744472
1.77788 117.44866066856 13.9742592666485
1.78051 147.915216722461 15.682196535771
1.78314 121.188897191013 14.1947446661711
1.78577 114.337841163224 13.7875425260458
1.7884 66.9253365402392 10.5483092964214
1.79103 123.739149816384 14.3428957013218
1.79366 159.015828020186 16.2591993753206
1.79629 118.233130922058 14.0198793632028
1.79892 113.689420886304 13.7477115427151
1.80155 111.927938108959 13.6406624535325
1.80418 79.9053830747641 11.5252545293337
1.80681 35.9797839286535 7.73371347115985
1.80944 86.0513819671032 11.9600782963474
1.81207 69.3527649499852 10.7370081777409
1.8147 106.413436544937 13.2998249164893
1.81733 40.9919546674334 8.25454803229873
1.81996 74.2397671152274 11.1085808714341
1.82259 110.952916122578 13.5801928293586
1.82522 91.4475684336781 12.3287473463747
1.82785 99.9544134909343 12.8893244090032
1.83048 108.364440100368 13.4205049914329
1.83311 145.788034312967 15.5662032796113
1.83574 83.3078721070232 11.7668731980882
1.83837 116.055417014575 13.8882349824679
1.841 65.8095610760049 10.4581565819222
1.84363 73.6057277794484 11.0601939648261
1.84626 83.7036244162233 11.7943867459632
1.84889 36.5677578791918 7.79558468835234
1.85152 37.451087991236 7.88911054851741
1.85415 44.7819501363582 8.62667860083415
1.85678 38.189813997118 7.96640136426336
1.85941 75.6758287680219 11.2140709438457
1.86204 62.1448821074023 10.1621051675375
1.86467 33.2628354545546 7.43458838832467
1.8673 57.9687581337914 9.81455443350689
1.86993 84.6632652509478 11.8608930852638
1.87256 88.1982402491458 12.105873694746
1.87519 114.254485257605 13.7784099325272
1.87782 96.1309863099532 12.6383525484036
1.88045 129.191728030307 14.6511736076794
1.88308 41.139148613909 8.26759139784932
1.88571 32.6193751109374 7.36182462524208
1.88834 133.660576475021 14.9020359834759
1.89097 131.97996828694 14.8079263761739
1.8936 98.9860057369633 12.8239976700441
1.89623 103.221067224845 13.0953465722686
1.89886 57.8446605960904 9.80303958611461
1.90149 38.8832508508525 8.03723762588921
1.90412 20.6886919027741 5.86257599019014
1.90675 35.7296643160372 7.70429459313094
1.90938 35.6660776670242 7.69737299757524
1.91201 35.4660036849299 7.67569002097608
1.91464 49.7222624123482 9.08831109178892
1.91727 72.9643330038638 11.0092946643913
1.9199 47.778852053905 8.90878517307611
1.92253 25.3672054756485 6.49132551296551
1.92516 29.8774167541919 7.04474115220187
1.92779 42.5338979028135 8.40538388899973
1.93042 75.3959959057112 11.1907848304309
1.93305 44.0058983158983 8.54945228935978
1.93568 40.7366581608137 8.22568340500485
1.93831 83.6717139290361 11.7886769426687
1.94094 65.5854760659372 10.4370079569101
1.94357 18.4276479890453 5.53227262669727
1.9462 48.7206419426423 8.99542244892585
1.94883 39.3562803516502 8.08478599309186
1.95146 14.6204289085017 4.92762903098996
1.95409 16.5026774822092 5.23517974474333
1.95935 7.66576226155907 3.5680008548676
1.96198 11.194610563116 4.31169680638853
1.96461 40.1498736266157 8.16549003260165
1.96724 61.6830250386078 10.1209070466922
1.96987 136.606365563791 15.0615100198616
1.9725 95.5483776065087 12.5962464015325
1.97513 56.2381024121076 9.66365151582153
1.97776 91.7924838391863 12.3459903810659
1.98039 66.2249432038068 10.4864771010551
1.98302 20.952689880763 5.89841262182604
1.98565 93.079352649242 12.4319248684929
1.98828 101.02860020064 12.9518053709821
1.99091 112.085730793854 13.6420534741632
1.99354 84.0963546573255 11.8165204505882
1.99617 137.00210323559 15.0820745998365
1.9988 132.489792659872 14.8315014774031
2.00143 170.799128664312 16.8396544776558
2.00406 128.957391619903 14.6321937728863
2.00669 139.042811326209 15.1934531114889
2.00932 115.744496784282 13.862076502884
2.01195 123.200891307349 14.3014784678251
2.01458 123.08309238011 14.2945045438941
2.01721 139.786941372961 15.2334792184809
2.01984 120.43243212223 14.1394796578142
2.02247 75.3794941221464 11.1862418276929
2.0251 97.4153671034633 12.7164891718648
2.02773 62.509863547795 10.1864688379068
2.03036 100.935499695494 12.9439626041353
2.03299 34.1713338912728 7.53133805798967
2.03562 57.4493072126517 9.76516237869877
2.03825 59.0584654074182 9.90088566822197
2.04088 96.6875506438019 12.6681775280048
2.04351 92.5777122655035 12.395897566371
2.04614 108.397073320023 13.4131082548595
2.04877 122.577149463908 14.2633423087916
2.0514 113.839084300688 13.7454239032998
2.05403 100.119108928627 12.8904127456659
2.05666 109.474485521892 13.479093525396
2.05929 100.60850670439 12.9216352075505
2.06192 91.6918324436486 12.3356303055894
2.06455 89.6957085166282 12.2005032775775
2.06718 75.0412720430501 11.1593243697089
2.06981 49.8768406475273 9.09773264555419
2.07244 54.3585475614314 9.49759219826247
2.07507 47.2041409259909 8.85045379920014
2.0777 167.061403914696 16.6498163498122
2.08033 162.518650132805 16.4217290148239
2.08296 93.7552506557673 12.4727142135875
2.08559 131.668973292183 14.7808969836187
2.08822 70.4594150656981 10.812459058201
2.09085 104.654775684257 13.1774197007804
2.09348 142.860477967634 15.395818966621
2.09611 169.174011567018 16.7536509745406
2.09874 194.728654790967 17.9743612106631
2.10137 173.41436756991 16.9620407060992
2.104 102.67695239435 13.0517765429484
2.10663 106.539911133343 13.2949556182649
2.10926 112.623524754831 13.6691927107748
2.11189 157.616027063148 16.1705979255929
2.11452 147.921991911697 15.6653407350312
2.11715 123.185719584454 14.2955621059377
2.11978 115.647913217489 13.851204343449
2.12241 112.813837827284 13.6803561778181
2.12504 126.767681233798 14.5016718266345
2.12767 122.217307229404 14.2389425139093
2.1303 90.2357867736002 12.23484206592
2.13293 118.478530032586 14.0193014164795
2.13556 104.012218314675 13.1354908327078
2.13819 77.4312918242523 11.3333933008363
2.14082 88.1790719916219 12.0943366003481
2.14345 133.520756674108 14.8823414136961
2.14608 184.548295940255 17.4964311534422
2.14871 75.6489487723543 11.2019462039774
2.15134 47.2159215346619 8.8498080421265
2.15397 89.8032016712145 12.2048685734469
2.1566 111.770751197901 13.6159786956818
2.15923 138.190343953407 15.139837319502
2.16186 132.133320409904 14.8042399425457
2.16449 124.636857123599 14.3780757392098
2.16712 48.6514109457261 8.98302945331946
2.16975 32.6851293892408 7.36288113351593
2.17238 73.2052664323471 11.0189808694015
2.17501 128.228702244278 14.5834565141898
2.17764 132.621492177288 14.8310665512334
2.18027 153.948432581035 15.9790385914133
2.1829 81.5405466017593 11.6291346797681
2.18553 86.2452049812654 11.9598477617305
2.18816 96.7018644561639 12.6640663437281
2.19079 113.308532986432 13.7083329051684
2.19342 40.4076970571364 8.1862115786453
2.19605 13.1476266079789 4.66951932595042
2.19868 76.5855336314215 11.2698840731207
2.20131 133.915367596588 14.9024891838261
2.20394 91.6169293252616 12.3261900881176
2.20657 99.028282236659 12.8149821797111
2.2092 28.0928935462606 6.82549274044381
2.21183 65.4951000849422 10.4216759697487
2.21446 93.6466692772354 12.4616835081515
2.21709 92.5061149977094 12.3854890319631
2.21972 70.3663787317184 10.8020933783401
2.22235 39.8953519250173 8.13361975056031
2.22498 67.3027359414483 10.5641963105448
2.22761 20.543310941945 5.83650297940771
2.23024 6.95017008911269 3.39478751749876
2.23287 53.3490582712396 9.40536484953715
2.2355 40.7712820530496 8.22217736131476
2.23813 8.86681128796437 3.8343413911084
2.24076 29.6953591151859 7.01695552806608
2.24339 84.2450814529987 11.8188194631204
2.24602 74.4341920896696 11.1092681336914
2.24865 73.7352360956028 11.0569191844336
2.25128 130.131412651692 14.6887573981564
2.25391 76.2649997282128 11.2448589039601
2.25654 2.03749709962815 1.83796510421235
2.25917 8.58679932153156 3.77313032955277
2.2618 17.7025848906267 5.41753693408515
2.26443 74.2389479021409 11.0942214417103
2.26706 72.5720059799807 10.9688949615454
2.26969 43.4528334252273 8.48759702860617
2.27232 64.1684434932304 10.3141594744112
2.27495 69.9971713477064 10.772356623323
2.27758 18.8317420965191 5.58744310793097
2.28021 55.8461233072409 9.62192059205652
2.28284 88.5740961014364 12.1175830588351
2.28547 87.1391965160486 12.0189576243417
2.2881 69.375234371574 10.724070188073
2.29073 90.4944237642535 12.248015102287
2.29336 76.8641824958618 11.287927141587
2.29599 93.3490505487525 12.439546029822
2.29862 130.975912578423 14.7347469899393
2.30125 64.2015465373069 10.3161413827807
2.30388 105.890903884138 13.2486529342594
2.30651 94.389634608107 12.508418494922
2.30914 92.7394351044272 12.3985337523089
2.31177 97.2406981457533 12.6957977296561
2.3144 98.0787642214364 12.7503265587396
2.31703 140.787935484987 15.2761667561528
2.31966 75.2798386198422 11.1704035971136
2.32229 39.5840614696849 8.10004732343556
2.32492 14.620843058907 4.92279150558185
2.32755 86.8601580093167 11.9986779598612
2.33018 106.111540182056 13.2617932666697
2.33281 135.201361133571 14.9695701965612
2.33544 60.7414958211188 10.0336603423519
2.33807 56.0787008500171 9.64080903980013
2.3407 65.3713742605893 10.4089319879266
2.34333 94.4515002650366 12.5116517694175
2.34596 44.0430566566396 8.54371590416708
2.34859 73.6797907021612 11.050453950575
2.35122 48.0648127726373 8.92518875221372
2.35385 95.7684337862676 12.5983256198839
2.35648 71.1158867693392 10.8563242490851
2.35911 56.4956720831099 9.67620220818335
2.36174 46.5127884729152 8.77973461154413
2.36437 44.8505232442198 8.62138047859766
2.367 48.445471082754 8.96019581778101
2.36963 47.2071594322415 8.84489533411356
2.37226 70.0514982278395 10.7744555118205
2.37489 44.0556734603081 8.54447522473683
2.37752 40.7236185083249 8.21496102296869
2.38015 41.0140322266193 8.24416007060294
2.38804 30.6940170252199 7.13182387179395
2.39067 58.6788312113454 9.86080399016738
2.3933 84.6129195465278 11.8409839722946
2.39593 69.1376461291169 10.7034701432561
2.39856 93.9980014961908 12.4802859810737
2.40119 30.4410040975598 7.10221224073189
2.40382 7.59920835185952 3.54852009003135
2.40645 6.0603286210857 3.16891151170293
2.40908 60.5765589557607 10.0187434878459
2.41171 84.2496759629881 11.8152797748936
2.41434 66.8597607689482 10.5254635580884
2.41697 5.39086635793425 2.98873244489271
2.4196 46.651928810812 8.79207714502471
2.42223 12.2838943623384 4.51152799974811
2.42486 26.7021835224491 6.65162782492756
2.42749 82.5860145978336 11.6978686356159
2.43012 32.4315382420612 7.33054378749558
2.43275 32.3955685016224 7.32645950810355
2.43538 79.5428497030551 11.4802370685814
2.43801 50.4175622756204 9.13987250519674
2.44064 27.0273282345921 6.6919040682423
2.44327 105.959695002417 13.250047367545
2.4459 47.9173955930929 8.91030594416561
2.44853 53.4245216471411 9.40838903877552
2.45116 80.9634365419068 11.5821276084711
2.45379 67.9944829371255 10.6140138246296
2.45642 43.8252412335022 8.52126166184941
2.45905 74.8841947186624 11.138732084487
2.46168 101.608323742447 12.9749069538886
2.46431 155.709688486646 16.061879342759
2.46694 72.9858701859779 10.9965605241909
2.46957 115.649332640455 13.8422908961813
2.4722 111.8330120196 13.6119501422304
2.47483 127.730870621651 14.5472937109874
2.47746 121.494026868693 14.1876565626769
2.48009 82.4924432759462 11.690665099495
2.48272 54.1383943803412 9.47073651565237
2.48535 58.014674633142 9.80390132551267
2.48798 68.9733878254719 10.689803265974
2.49061 49.6759230628313 9.07195398779441
2.49324 73.1903886141831 11.0116861530032
2.49587 120.282464099747 14.1164953386143
2.4985 61.523357941647 10.0958915997879
2.50113 26.7063500473566 6.65167118589184
2.50376 6.71469717387851 3.33530224976907
2.50639 50.8596318307321 9.1792471580821
2.50902 66.1368102904231 10.4674418601394
2.51165 96.5745190667816 12.6487814426577
2.51428 88.9784536686963 12.1411078035438
2.51691 13.0396224814345 4.64779403457749
2.51954 49.4700733429935 9.05282487544029
2.52217 64.7474765897573 10.3567321022004
2.5248 89.4297109500865 12.1716851342227
2.52743 106.586636999829 13.2880010054255
2.53006 85.5484615473205 11.9045463755509
2.53269 20.5074616892502 5.8285587786793
2.53532 92.4785622806988 12.3772521221189
2.53795 69.0495342746763 10.6950435279567
2.54058 25.0503804618533 6.44180863917638
2.54321 41.6777166633235 8.30904463700524
2.54584 55.5328037971485 9.59118814542688
2.54847 42.7745072117983 8.41760600007756
2.5511 28.073581246088 6.81935771094882
2.55373 144.165462036095 15.4533860490143
2.55636 119.057046776561 14.0432966345683
2.55899 58.5453802094057 9.84773398890844
2.56162 86.9410820092902 12.0005455699406
2.56425 107.334947806671 13.3339100603661
2.56688 86.3155610220046 11.9572131797916
2.56951 85.085703634986 11.8716804262727
2.57214 88.3953544512575 12.1003267359557
2.57477 47.8591748870456 8.9035552225716
2.5774 17.2315903434813 5.3424689959164
2.58003 86.7555926001271 11.9874427687575
2.58266 96.3640426896374 12.6337939253298
2.58529 114.673306043177 13.7817994638695
2.58792 134.672085023771 14.9352338892462
2.59055 110.833035654598 13.5489714277436
2.59318 76.4599703090262 11.25349058035
2.59581 51.4147111487882 9.2281015680627
2.60107 25.7091679386087 6.525439986329
2.6037 53.8442587627138 9.44353591474405
2.60633 60.348964313527 9.99767445965819
2.60896 82.7011913146299 11.7035902693933
2.61159 48.1114941167251 8.92661479221297
2.61422 22.0367322592701 6.04136555782108
2.61685 73.0768140189086 11.0014635920886
2.61948 89.9270430253965 12.2040777478714
2.62211 117.470294866196 13.9483547478475
2.62474 42.2348849900617 8.3636097149199
2.62737 57.5287607697586 9.76112233161076
2.63 75.5523063410897 11.1861401168141
2.63263 117.820094762637 13.9689969111636
2.63526 40.63430643916 8.20353638887094
2.63789 54.2629841426122 9.47994168098218
2.64052 9.10449989945281 3.88312188137639
2.64315 26.9499949681828 6.68084605154723
2.64578 52.9931467843812 9.36830713240993
2.64841 42.9359501182167 8.432589324099
2.65104 76.2195900325851 11.2352531235568
2.65367 66.2203258231732 10.4723550833591
2.6563 118.301355803198 13.9972496714335
2.65893 93.5606560520769 12.4478292725938
2.66156 59.3299915152893 9.91250187943735
2.66419 75.8093702644509 11.2048676141893
2.66682 48.805447309522 8.99039099085995
2.66945 42.570581747598 8.39650148152495
2.67208 50.5695853427466 9.15139746909148
2.67471 15.0131843244473 4.98629852770221
2.67734 14.2405943939198 4.85629512532312
2.67997 15.5479798945224 5.07431173387774
2.6826 21.9999044730131 6.03600654442124
2.68523 36.0412933371823 7.72571412071726
2.68786 16.8766386469 5.28665015027911
2.69049 41.8979830330065 8.32977555441056
2.69312 59.125472122021 9.89516858308074
2.69575 21.1917314737961 5.92404370008619
2.69838 55.2471282266339 9.56508936750081
2.70101 52.5138141797188 9.32545756655121
2.70364 16.9657594582875 5.30053000707394
2.70627 23.4258751486369 6.22844785843745
2.7089 60.0788959346854 9.97452374581421
2.71153 23.4393157682445 6.23021362171548
2.71416 21.9824946856673 6.03348500394333
2.71679 51.5007164561914 9.23497365226213
2.71942 64.3099488165402 10.3197073924845
2.72205 26.4008107154892 6.61205122039663
2.72468 36.5317671188078 7.77789711054427
2.72731 54.5718140409081 9.50627393656671
2.73257 17.2029974659076 5.33736304723688
2.74309 27.0410719085133 6.69165801348707
2.74572 18.902200847814 5.59470573588387
2.74835 15.0744294242991 4.99621109705075
2.75098 6.0593274705582 3.16761088278405
2.75361 12.9618100338557 4.63288709534428
2.75624 17.2236258153715 5.34048202098841
2.75887 14.7702792121333 4.94551809279764
2.7615 11.779238478141 4.41647041703152
2.76413 31.9874860891168 7.27789942340167
2.76676 3.4261563188944 2.38187440445095
2.76939 9.46832694311158 3.95959866858631
2.77202 69.4639642189659 10.7249087267147
2.77465 9.99375427518118 4.06796710280745
2.77728 29.0337439508618 6.93368162173362
2.77991 32.8875415009783 7.37950710761395
2.78254 49.1379568412288 9.02026868761064
2.78517 49.5595837607794 9.05887001322328
2.7878 33.0733684217741 7.40028921988721
2.79043 72.0883673587367 10.925500716244
2.79306 49.3730688756678 9.04176243614431
2.79569 28.408181628678 6.85849813619696
2.79832 0.555867860767734 0.959383765877737
2.83514 5.76933738099431 3.09066686497699
2.83777 4.60101154982469 2.76003509585114
2.85881 21.3978541517067 5.95199795137146
2.86144 13.2576127500854 4.68499402126957
2.86933 0.248841140014555 0.641850098096308
2.87196 0.198449298966087 0.573186588399206
2.87985 7.44438972649951 3.51060470393156
2.89037 10.7126734797464 4.21125144285062
2.893 8.54329208340763 3.76074235074761
2.89563 18.1609240457364 5.48313121945056
2.9193 1.38495877002907 1.51415874190346
2.92193 1.10449965300812 1.35218205704892
2.92456 3.21691201817738 2.30765754037704
2.92719 2.56547579947385 2.06079655554458
2.93508 6.88648148836591 3.37635437997961
2.93771 5.49194429364007 3.01516986580428
2.95875 15.6988202439934 5.09773620325327
2.96138 15.4692131684935 5.06031267468275
2.96401 45.2568425447691 8.65535244299138
2.97453 21.7937012787261 6.00628162681266
2.97716 30.65911256213 7.12392560975553
2.97979 7.05235322002102 3.41669336818594
2.98242 14.520678781644 4.90266057376662
2.99031 1.53125676038479 1.59206410137985
2.99294 1.42845760911015 1.53769290145273
2.99557 25.9676651489604 6.55619365491124
2.9982 20.5772859383438 5.83618109029206
