280.199 0.0471384208256854
280.3001 0.0461495507652145
280.4002 0.0443238241925643
280.499 0.0432467327203873
280.6007 0.0420962777219025
280.6989 0.0411418620886527
280.8009 0.040067328090573
280.901 0.0393049368394578
281.0005 0.0381177131207091
281.0998 0.0371146366423913
281.1992 0.0357394292867608
281.3005 0.0341377533338093
281.4006 0.0332506637287907
281.4997 0.0319117645523062
281.6011 0.0308243831328429
281.7002 0.0296993539103722
281.8001 0.0288194075899164
281.8999 0.0277069283113045
281.9991 0.0263181708169975
282.0992 0.0245698832870192
282.2005 0.0229904553409421
282.2995 0.0212884282824416
282.4007 0.019819996815428
282.5 0.0185998655075878
282.5992 0.0173891554402743
282.7002 0.016371180380771
282.7999 0.0150388951652841
282.8991 0.0139005352397029
283 0.0129329149161527
283.0997 0.0120669241760889
283.1998 0.0112445580760857
283.3 0.0105241946408681
283.3993 0.00978032125684296
283.5008 0.00912143248104177
283.6013 0.00846199241788296
283.7001 0.00792589115309637
283.7996 0.00757260952521975
283.9008 0.00726937053896836
284.0004 0.00711690696266431
284.1004 0.00692630225019829
284.2001 0.00691329187017115
284.3 0.00686980566937689
284.4016 0.00689216134665406
284.4997 0.00701600818909434
284.6011 0.00720402574614814
284.6995 0.00748704345769467
284.8002 0.00772127672821471
284.8997 0.00806087656156582
285 0.00835406473273113
285.1002 0.00886577187822739
285.2002 0.00942205948313431
285.3002 0.0099546842139485
285.3996 0.0102798577992139
285.4993 0.0108637250680677
285.6007 0.0112859100845158
285.7003 0.0120439221295702
285.7995 0.0123944087617887
285.9 0.0129890125009268
286.0003 0.0131527416888267
286.1004 0.0134173822603513
286.1994 0.0135146137643655
286.2996 0.0132145245208864
286.3998 0.0131504449593929
286.5001 0.0130582653770003
286.5997 0.0130474735131823
286.6988 0.0131474822437369
286.8003 0.0128251742786879
286.9006 0.0124202519384852
286.9987 0.0119615958054893
287.1008 0.0115459437041204
287.1995 0.0111831235177799
287.2996 0.0109764949860308
287.4016 0.0108048111816467
287.4999 0.0110962307104763
287.6002 0.0106662414114654
287.6992 0.0103189050905301
287.7985 0.0102123329291733
287.9002 0.0100002341992874
287.9993 0.00984805602731383
288.0994 0.00985552956938166
288.1994 0.00984342817962429
288.2995 0.00989064682304931
288.3998 0.00984782951878687
288.4997 0.00993950550830037
288.5992 0.00985578710032247
288.7006 0.00976533558641723
288.7993 0.00981084688634843
288.9001 0.0097851670554024
289.0005 0.00983009384274217
289.0997 0.00992831780589347
289.1987 0.0101351808295891
289.2999 0.0102543190027311
289.3996 0.0103928554463887
289.4994 0.0106401595965224
289.6016 0.0108176703170553
289.6998 0.0111605597746146
289.7994 0.0115841377490335
289.9004 0.011982045803597
289.9982 0.0126364355513934
290.1005 0.0132299488553615
290.199 0.0138255733085811
290.3001 0.014534903333945
290.3997 0.0155567910993977
290.4987 0.0165786302982827
290.6009 0.0180508181816536
290.7004 0.0198818035971695
290.8006 0.0222510474709194
290.8999 0.0253398918433578
290.9996 0.0299934977532399
291.0991 0.0364661593315433
291.1997 0.0469426485244404
291.2992 0.064682405078308
291.3997 0.0941029213703875
291.5006 0.140226981899051
291.5997 0.205461965154527
291.6999 0.273768846967178
291.8008 0.312487114805645
291.9006 0.303810065905302
292.0006 0.266319907271754
292.0993 0.231829820944349
292.2004 0.220404749980194
292.2984 0.230324013795618
292.3987 0.244562684888525
292.5013 0.252554348212388
292.6006 0.257869821439183
292.6997 0.261466213769359
292.7997 0.265254687425562
292.8995 0.266696622425799
293.0007 0.265034764592845
293.0988 0.26155271210063
293.2006 0.257605607472153
293.2996 0.251785385710667
293.4001 0.243121756478374
293.5011 0.235824971917441
293.5988 0.228236930905689
293.6996 0.220867662523309
293.8002 0.214498284467785
293.8997 0.208934153682547
293.9996 0.20402505934427
294.0998 0.20036645596134
294.1989 0.197413169572332
294.2999 0.194665662602898
294.4012 0.193515572372996
294.4994 0.193580687797659
294.6013 0.194230823781222
294.7017 0.19568945934307
294.7999 0.198163109513283
294.9007 0.200266549132565
294.9997 0.201445640466652
295.1009 0.203531885783629
295.1995 0.20535429004582
295.3001 0.208154157908861
295.4004 0.209699499110594
295.4997 0.211042460919181
295.6001 0.212956211319409
295.7001 0.215021934983255
295.8006 0.217628928788182
295.8998 0.220611676287367
295.9987 0.224181908054668
296.0985 0.22780535336965
296.1991 0.231650984430397
296.3014 0.234772378927004
296.3991 0.241990198909585
296.4986 0.244767643230433
296.5975 0.244690976058961
296.6999 0.24536279775932
296.7987 0.248623796908257
296.9001 0.251559660682614
296.9983 0.25435131290671
297.0996 0.255939605688849
297.1997 0.258286938193946
297.2992 0.26050390939135
297.3997 0.262385359248016
297.5005 0.264276250668308
297.6007 0.266362301787942
297.6994 0.267538841699467
297.7991 0.267946502013253
297.899 0.268183421276987
297.9981 0.268340629364282
298.0994 0.269009545496151
298.1999 0.269320826909169
298.2993 0.26969033478144
298.3991 0.269973513398266
298.4994 0.270428271895589
298.5984 0.270682576287059
298.7005 0.269869541599801
298.7999 0.269792134420586
298.9003 0.269688927373269
299 0.269844994571617
299.0978 0.270185440563213
299.1993 0.270824655364624
299.2997 0.271572922064746
299.4009 0.272003209926956
299.4984 0.272682405883245
299.6 0.273909382457639
299.6988 0.275262102612476
299.799 0.276806250265373
299.8993 0.278810833355755
300.0003 0.280678430436664
