0.000000000000000000e+00 0.000000000000000000e+00 5.486865700963625692e+00
8.873456790123457338e-02 0.000000000000000000e+00 5.307815144509479666e+00
8.873456790123457338e-02 3.862275744242427145e-02 3.978543493660553043e+00
1.774691358024691468e-01 0.000000000000000000e+00 4.442170705071578851e+00
1.774691358024691468e-01 3.862275744242427145e-02 3.525289494112578748e+00
1.774691358024691468e-01 7.724551488484854289e-02 2.710685337528422778e+00
2.662037037037037202e-01 0.000000000000000000e+00 3.385616076371801508e+00
2.662037037037037202e-01 3.862275744242427145e-02 2.655443494041577424e+00
2.662037037037037202e-01 7.724551488484854289e-02 2.028842468360975815e+00
2.662037037037037202e-01 1.158682723272728143e-01 1.500102755688528688e+00
2.662037037037037202e-01 1.544910297696971968e-01 1.302405824187701455e+00
3.549382716049382935e-01 0.000000000000000000e+00 2.439294392751703899e+00
3.549382716049382935e-01 3.862275744242427145e-02 1.880154548676481685e+00
3.549382716049382935e-01 7.724551488484854289e-02 1.406319908515511363e+00
3.549382716049382935e-01 1.158682723272728143e-01 9.966175076774856922e-01
3.549382716049382935e-01 1.544910297696971968e-01 6.716513362576551627e-01
3.549382716049382935e-01 1.931137872121214683e-01 4.258348847972553419e-01
4.436728395061728669e-01 0.000000000000000000e+00 1.802041699574274070e+00
4.436728395061728669e-01 3.862275744242427145e-02 1.385764778341834313e+00
4.436728395061728669e-01 7.724551488484854289e-02 1.029817807348971659e+00
4.436728395061728669e-01 1.158682723272728143e-01 7.290375740115191405e-01
4.436728395061728669e-01 1.544910297696971968e-01 4.781861392066490413e-01
4.436728395061728669e-01 1.931137872121214683e-01 2.855105971609085413e-01
4.436728395061728669e-01 2.317365446545457397e-01 1.495138397565648758e-01
5.324074074074074403e-01 0.000000000000000000e+00 1.491138225968882347e+00
5.324074074074074403e-01 3.862275744242427145e-02 1.152278278047927484e+00
5.324074074074074403e-01 7.724551488484854289e-02 8.626923637900121289e-01
5.324074074074074403e-01 1.158682723272728143e-01 6.204839617085494696e-01
5.324074074074074403e-01 1.544910297696971968e-01 4.226064278804346208e-01
5.324074074074074403e-01 1.931137872121214683e-01 2.658809325472044627e-01
5.324074074074074403e-01 2.317365446545457397e-01 1.461308943780756098e-01
5.324074074074074403e-01 2.703593020969701222e-01 6.072609478591978888e-02
5.324074074074074403e-01 3.089820595393943936e-01 6.638045643750356550e-02
6.211419753086420137e-01 0.000000000000000000e+00 1.480637926863819898e+00
6.211419753086420137e-01 3.862275744242427145e-02 1.181581123494972685e+00
6.211419753086420137e-01 7.724551488484854289e-02 9.196996901790179813e-01
6.211419753086420137e-01 1.158682723272728143e-01 6.938148813079473287e-01
6.211419753086420137e-01 1.544910297696971968e-01 5.018493673731652116e-01
6.211419753086420137e-01 1.931137872121214683e-01 3.371033407241238455e-01
6.211419753086420137e-01 2.317365446545457397e-01 2.084492763345144051e-01
6.211419753086420137e-01 2.703593020969701222e-01 1.112731496379929380e-01
6.211419753086420137e-01 3.089820595393943936e-01 4.393420181987837958e-02
6.211419753086420137e-01 3.476048169818186651e-01 6.777127831605667119e-03
7.098765432098765871e-01 0.000000000000000000e+00 1.862986522088925012e+00
7.098765432098765871e-01 3.862275744242427145e-02 1.551262961723798739e+00
7.098765432098765871e-01 7.724551488484854289e-02 1.269613596286249368e+00
7.098765432098765871e-01 1.158682723272728143e-01 1.012804715244504772e+00
7.098765432098765871e-01 1.544910297696971968e-01 7.821761870062139410e-01
7.098765432098765871e-01 1.931137872121214683e-01 5.787088546276245582e-01
7.098765432098765871e-01 2.317365446545457397e-01 4.043828026473226256e-01
7.098765432098765871e-01 2.703593020969701222e-01 2.558851673775252578e-01
7.098765432098765871e-01 3.089820595393943936e-01 1.343440527719287902e-01
7.098765432098765871e-01 3.476048169818186651e-01 5.407018413196567480e-02
7.098765432098765871e-01 3.862275744242429365e-01 9.841032408361968797e-03
7.986111111111111605e-01 0.000000000000000000e+00 2.836038353084115560e+00
7.986111111111111605e-01 3.862275744242427145e-02 2.455106461779633431e+00
7.986111111111111605e-01 7.724551488484854289e-02 2.081761861148440307e+00
7.986111111111111605e-01 1.158682723272728143e-01 1.721237997525424168e+00
7.986111111111111605e-01 1.544910297696971968e-01 1.382855223335774708e+00
7.986111111111111605e-01 1.931137872121214683e-01 1.073283269849452992e+00
7.986111111111111605e-01 2.317365446545457397e-01 7.884093175324100589e-01
7.986111111111111605e-01 2.703593020969701222e-01 5.553633497010477260e-01
7.986111111111111605e-01 3.089820595393943936e-01 3.569042700012207137e-01
7.986111111111111605e-01 3.476048169818186651e-01 1.824026544286602158e-01
7.986111111111111605e-01 3.862275744242429365e-01 7.032530043949976328e-02
7.986111111111111605e-01 4.248503318666672079e-01 1.454097115181173135e-02
8.873456790123457338e-01 0.000000000000000000e+00 4.877382584883578787e+00
8.873456790123457338e-01 3.862275744242427145e-02 4.085036186542825298e+00
8.873456790123457338e-01 7.724551488484854289e-02 3.258522684161182070e+00
8.873456790123457338e-01 1.158682723272728143e-01 2.446434176132608940e+00
8.873456790123457338e-01 1.544910297696971968e-01 1.713642737818235284e+00
8.873456790123457338e-01 1.931137872121214683e-01 1.196450274483664700e+00
8.873456790123457338e-01 2.317365446545457397e-01 8.554599652783635433e-01
8.873456790123457338e-01 2.703593020969701222e-01 5.958160532180015734e-01
8.873456790123457338e-01 3.089820595393943936e-01 4.027595579932035097e-01
8.873456790123457338e-01 3.476048169818186651e-01 2.631666481442184180e-01
8.873456790123457338e-01 3.862275744242429365e-01 1.636703791550976339e-01
8.873456790123457338e-01 4.248503318666672079e-01 8.501910327678127710e-02
8.873456790123457338e-01 4.634730893090914794e-01 1.739624762802387259e-02
8.873456790123457338e-01 5.020958467515159729e-01 1.186572926749003597e-03
9.760802469135803072e-01 0.000000000000000000e+00 9.116677656773074290e+00
9.760802469135803072e-01 3.862275744242427145e-02 6.836193202282855097e+00
9.760802469135803072e-01 7.724551488484854289e-02 5.188261988023006310e+00
9.760802469135803072e-01 1.158682723272728143e-01 3.863092559382304891e+00
9.760802469135803072e-01 1.544910297696971968e-01 2.836482961338007591e+00
9.760802469135803072e-01 1.931137872121214683e-01 2.054813771862856520e+00
9.760802469135803072e-01 2.317365446545457397e-01 1.471113244148144483e+00
9.760802469135803072e-01 2.703593020969701222e-01 1.044712028877524901e+00
9.760802469135803072e-01 3.089820595393943936e-01 7.399856361537812122e-01
9.760802469135803072e-01 3.476048169818186651e-01 5.154858016403159882e-01
9.760802469135803072e-01 3.862275744242429365e-01 3.403789972107241213e-01
9.760802469135803072e-01 4.248503318666672079e-01 1.817027361260122598e-01
9.760802469135803072e-01 4.634730893090914794e-01 8.101080506467328579e-02
9.760802469135803072e-01 5.020958467515159729e-01 4.744417440646842704e-02
9.760802469135803072e-01 5.407186041939402443e-01 1.125937804847917771e-02
1.064814814814814881e+00 0.000000000000000000e+00 1.815065109431408885e+01
1.064814814814814881e+00 3.862275744242427145e-02 1.256747606500064229e+01
1.064814814814814881e+00 7.724551488484854289e-02 8.703059508026665725e+00
1.064814814814814881e+00 1.158682723272728143e-01 6.063103331860214773e+00
1.064814814814814881e+00 1.544910297696971968e-01 4.326302671895515317e+00
1.064814814814814881e+00 1.931137872121214683e-01 3.200350379301536652e+00
1.064814814814814881e+00 2.317365446545457397e-01 2.296268161110322392e+00
1.064814814814814881e+00 2.703593020969701222e-01 1.469077070579394517e+00
1.064814814814814881e+00 3.089820595393943936e-01 9.899240043506526421e-01
1.064814814814814881e+00 3.476048169818186651e-01 6.745804572827414081e-01
1.064814814814814881e+00 3.862275744242429365e-01 4.537150945537813396e-01
1.064814814814814881e+00 4.248503318666672079e-01 2.740768340767600342e-01
1.064814814814814881e+00 4.634730893090914794e-01 2.276194076309901171e-01
1.153549382716049454e+00 0.000000000000000000e+00 3.542528691571443744e+01
1.153549382716049454e+00 3.862275744242427145e-02 2.389764812161804386e+01
1.153549382716049454e+00 7.724551488484854289e-02 1.574536041142474296e+01
1.153549382716049454e+00 1.158682723272728143e-01 1.025436953746369539e+01
1.153549382716049454e+00 1.544910297696971968e-01 6.536852491419801403e+00
1.153549382716049454e+00 1.931137872121214683e-01 4.243101741210287159e+00
1.153549382716049454e+00 2.317365446545457397e-01 2.623991886370737880e+00
1.153549382716049454e+00 2.703593020969701222e-01 1.668188915260186533e+00
1.153549382716049454e+00 3.089820595393943936e-01 1.052300744797699972e+00
1.242283950617284027e+00 0.000000000000000000e+00 6.002121722382500479e+01
1.242283950617284027e+00 3.862275744242427145e-02 4.215701728592929953e+01
1.242283950617284027e+00 7.724551488484854289e-02 2.714813904754121054e+01
1.242283950617284027e+00 1.158682723272728143e-01 1.653744428653979881e+01
1.242283950617284027e+00 1.544910297696971968e-01 9.532988075235351744e+00
