-0.19988 0.140456500050056 0.550712424709898
-0.19725 38.5754501641864 9.12539801512356
-0.19462 27.7502086662786 7.73850638245305
-0.18147 0.850818949164153 1.35388181462214
-0.16306 6.06108563808378 3.60935663431979
-0.16043 18.9438471441446 6.37993224056458
-0.1578 0.051417869220047 0.332327575457099
-0.15517 14.0835154406954 5.4991076300343
-0.14991 0.26772144799667 0.757936592709921
-0.14728 73.3297185619626 12.5417624251105
-0.14465 0.0242085289183086 0.227840017001296
-0.14202 6.63078818334892 3.77012371492745
-0.13676 0.135607349163989 0.538975474242689
-0.13413 37.2037035948195 8.92580971702656
-0.1315 61.9323340257462 11.5143753309297
-0.12887 38.040398158403 9.02259124070432
-0.12624 40.8337809062537 9.34642715739731
-0.12361 48.6578572371233 10.2009205902112
-0.12098 44.3284459107369 9.7348923562072
-0.11835 48.2063629690047 10.1500710734979
-0.11572 43.9335588577732 9.68817706006498
-0.11309 19.7252596223515 6.49056030122428
-0.09731 0.114445193210929 0.493900534446638
-0.09468 46.2313872158883 9.92560477261732
-0.09205 48.3157575991617 10.1456691900366
-0.08942 25.139398665408 7.3174795255337
-0.08679 43.2216307017265 9.59361768877265
-0.08416 112.339422404048 15.4648486576613
-0.08153 27.5752413578973 7.66102672017321
-0.0789 31.0468502986954 8.12800219146614
-0.07627 21.498376142336 6.76278493566169
-0.07364 66.8756275922319 11.926262951829
-0.07101 81.199851492292 13.1400115571696
-0.06838 75.7191903247508 12.6872875309606
-0.06575 42.9509457128008 9.55432095745559
-0.06312 57.7613349405087 11.0784682823953
-0.06049 118.778519586203 15.8846516753804
-0.05786 94.4269898116757 14.1613428060816
-0.05523 111.044611922639 15.3551024170752
-0.0526 36.5221148174989 8.80500338118746
-0.04997 63.0646735078498 11.5689042786032
-0.04734 91.498190220219 13.933267491525
-0.04471 102.912215624946 14.7750086958497
-0.04208 75.5327591028486 12.6563798640408
-0.03945 170.485012529801 19.0122038569396
-0.03682 221.402705954624 21.6634859519032
-0.03419 199.315778546957 20.5520537610835
-0.03156 454.944858812431 31.0464010097013
-0.02893 420.992503070675 29.8618386893794
-0.0263 514.539985796333 33.0093063743678
-0.02367 809.502779110079 41.3983910168021
-0.02104 973.48654662068 45.3927726890381
-0.01841 966.691925145051 45.2286068779202
-0.01578 1095.45323270444 48.1408223436978
-0.01315 1059.76433585494 47.3444024849673
-0.01052 1100.06716681596 48.2304133734592
-0.00789 958.195631928379 45.0076001480328
-0.00526 1123.22746915543 48.7236694979001
-0.00263 1156.6106546633 49.4364275829038
-0 1109.77928149721 48.4212599501647
0.00263 1258.40902328899 51.5688537216475
0.00526 1236.76092732539 51.1302851714395
0.00789 1246.60253249836 51.3402635855337
0.01052 1088.33818692467 47.9771851856052
0.01315 1032.739351796 46.7419596825308
0.01578 843.704089017316 42.2537577108189
0.01841 852.475606947621 42.4785743203184
0.02104 627.161394088688 36.4399091737853
0.02367 533.171796817858 33.6031407647208
0.0263 429.113831972316 30.150268744758
0.02893 244.180872428779 22.7467512919645
0.03156 286.010466812442 24.6214221294253
0.03419 224.898715436306 21.8360587636415
0.03682 175.236098238812 19.2775187743988
0.03945 126.845082718245 16.4034322810793
0.04208 102.745303562347 14.7651359711348
0.04471 25.5252110545584 7.36037031037262
0.04734 35.5497023943521 8.68743355526761
0.04997 66.5182256225079 11.8850863322538
0.0526 52.3616547054971 10.5462285746733
0.05523 50.4021383823877 10.3484057792245
0.05786 42.6811962856909 9.52413877167259
0.06049 60.8495138545563 11.3735074891104
0.06312 49.672223851134 10.2773485671724
0.06575 65.2372450853045 11.7795987664653
0.06838 14.675228746783 5.58770568055282
0.07101 30.4477444404201 8.04965044265696
0.07364 83.8853803468875 13.3629073604443
0.07627 85.4016725114233 13.4849503256772
0.0789 113.661586861118 15.5589881196046
0.08153 63.6428624703429 11.6441463976816
0.08416 10.2299745716132 4.66904843465616
0.08679 49.1110578370154 10.2314933932183
0.09468 28.8160029901636 7.8404502848818
0.09731 57.4085849824265 11.0680414145312
0.09994 44.8062849194904 9.77935081816646
0.10257 65.6870947520842 11.8447338250433
0.1052 48.8753063660688 10.2213858882112
0.10783 89.9858961763741 13.8749642269973
0.11046 36.1985890528342 8.80379523442812
0.11572 93.1624060303493 14.1352319658559
0.11835 135.876174514719 17.0778527989087
0.12098 149.315947034507 17.9099171943489
0.12361 188.5458708717 20.1338912320574
0.12624 132.499559413645 16.8851529576725
0.12887 131.833034210428 16.8495511389398
0.1315 99.063710820854 14.6120716091876
0.13413 226.340081018097 22.0959850138353
0.13676 294.354665862375 25.2084467366831
0.13939 167.749388298873 19.037895678948
0.14202 290.923978699734 25.0816399584597
0.14465 424.234827457804 30.3002969266072
0.14728 329.932769883772 26.7321482606008
0.14991 303.567712529646 25.6522928058255
0.15254 479.593380893873 32.2561188022036
0.15517 478.030156458784 32.2166324990349
0.1578 542.604969883432 34.3377007162189
0.16043 624.401302277039 36.8500359090133
0.16306 878.954885473875 43.7386980831376
0.16569 1034.41975447984 47.4687027536855
0.16832 1131.15735449879 49.6588582203747
0.17095 1261.71869308271 52.4677694448718
0.17358 1452.00072334523 56.3080802792031
0.17621 1471.26813493965 56.7033932507785
0.17884 1451.19936604474 56.3381214249682
0.18147 1443.22012241792 56.2057379782342
0.1841 1528.16553865324 57.8595392597228
0.18673 1523.916882861 57.8023735342064
0.18936 1614.61869238814 59.5216744871362
0.19199 1613.89030062741 59.5322281685981
0.19462 1559.70733943891 58.5479277519106
0.19725 1338.9447933715 54.2682733121912
0.19988 1305.01630765205 53.5981148488946
0.20251 1334.73995440292 54.2284251922989
0.20514 1172.15995483972 50.8404115713099
0.20777 919.410881706998 45.0461036607536
0.2104 736.490095110002 40.3341121395119
0.21303 661.304658261535 38.2363396625346
0.21566 594.865115675534 36.2803179567496
0.21829 479.637391801047 32.5915116394394
0.22092 519.36977717129 33.9290984027005
0.22355 297.230251701152 25.6783031936507
0.22618 353.298749976818 28.0076418847814
0.22881 244.821293986508 23.3246753029005
0.23144 274.555816414834 24.7110782571622
0.23407 162.615271803628 19.0257698069307
0.2367 202.774476040032 21.254615885495
0.23933 169.140253318323 19.420257821505
0.24196 165.727165266599 19.2314966084884
0.24459 164.866959739993 19.1896749398621
0.24722 270.780835626851 24.6033463610729
0.24985 295.139702679204 25.6970514920498
0.25248 255.65388872326 23.926533432242
0.25511 237.542770981974 23.0732321050182
0.25774 209.966478057309 21.7018270530665
0.26037 129.961285530909 17.0809472290131
0.263 161.20881344299 19.0319295956505
0.26563 208.649331690732 21.6610874618462
0.26826 186.059727976008 20.4635566601331
0.27089 249.656656664226 23.7142568147329
0.27352 297.600157505999 25.9022436373938
0.27615 219.622997361369 22.2608847429944
0.27878 374.798473377441 29.0927634037767
0.28141 478.496974334517 32.8857739843599
0.28404 564.307745666913 35.7280014663423
0.28667 540.101167129587 34.9679659870261
0.2893 595.813419176495 36.742600952019
0.29193 690.561759819341 39.5728937533784
0.29456 683.092305257261 39.3747565238764
0.29719 731.499919752172 40.7630632396682
0.29982 923.820049929536 45.8260541146862
0.30245 1104.52562366817 50.1128042569926
0.30508 1237.53996326711 53.0496414426343
0.30771 1386.30371316561 56.1531405022806
0.31034 1458.085918005 57.5941571382181
0.31297 1640.46440790134 61.0959298989266
0.3156 1756.6275187063 63.2281842327452
0.31823 1853.49657274928 64.9544261835127
0.32086 1905.30413818284 65.8623150243121
0.32349 1869.99184637659 65.2554313073599
0.32612 2028.60708073312 67.9732037777946
0.32875 1905.01197701199 65.876358152851
0.33138 1992.74609581077 67.3827385500464
0.33401 1964.50430559292 66.9100116691339
0.33664 1909.22874587847 65.9683355391859
0.33927 1911.45180903981 66.0131024011589
0.3419 1900.13902127764 65.8238181586136
0.34453 1825.73942181257 64.5285171389198
0.34716 1663.04651398064 61.5922948159641
0.34979 1462.93800229336 57.7735479101815
0.35242 1383.42485099186 56.186987371843
0.35505 1265.4643607111 53.7433574420924
0.35768 1077.90204071852 49.6056732405829
0.36031 1034.52916501208 48.6020881408748
0.36294 1008.16394852974 47.9833970509088
0.36557 973.463300862691 47.1549233730554
0.3682 1018.47760718125 48.2375040688547
0.37083 807.050431102753 42.9438768522527
0.37346 847.179569067939 44.0028156107643
0.37609 745.693538153714 41.2871333120861
0.37872 694.873134121484 39.859248105409
0.38135 552.221727076725 35.5365187021365
0.38398 639.346989051804 38.2409113110393
0.38661 655.957249714263 38.7382026799883
0.38924 514.258726303384 34.3031737866043
0.39187 453.487419547513 32.2157207483723
0.3945 491.783681993466 33.5516622304985
0.39713 420.695427599713 31.0350625816735
0.39976 377.555544902327 29.4003690918823
0.40239 328.676819144644 27.4196927241769
0.40502 193.420065054918 21.0254036234101
0.40765 102.509314511489 15.299971443227
0.41028 225.013538282684 22.6583613878236
0.41291 154.803433424969 18.7857929378046
0.41554 144.293470964376 18.1291516232794
0.41817 147.622357774054 18.3292610275332
0.4208 132.922035263354 17.3852910924066
0.42343 191.439454261333 20.8551649426822
0.42606 185.804266544682 20.5371425401348
0.42869 119.636497234587 16.4724475277323
0.43132 119.988304630259 16.4895840047912
0.43395 151.920961298842 18.5465392983534
0.43658 205.978455920393 21.5863178059829
0.43921 228.034897309307 22.7029241438629
0.44184 103.482546374662 15.2872021055722
0.44447 127.519113131243 16.9627104166412
0.4471 128.626369242669 17.0288610975925
0.44973 91.6101663964727 14.3649878746121
0.45236 234.420009046534 22.9690712889776
0.45499 265.287461809995 24.4240098113591
0.45762 286.203393006358 25.3576111313653
0.46025 260.985502522902 24.204232876998
0.46288 307.208390748614 26.2489350226333
0.46551 261.596977213038 24.211593236298
0.46814 246.667493363451 23.5003679747
0.47077 267.204530977516 24.448495678066
0.4734 392.911671674047 29.633917317455
0.47603 334.347432268829 27.3244732661096
0.47866 320.790659699037 26.7531360798446
0.48129 338.518776583031 27.4704704199253
0.48392 396.380845401197 29.71267510732
0.48655 386.487994590777 29.3267523915174
0.48918 605.339068853304 36.6864508659646
0.49181 519.49743516553 33.9709947020657
0.49444 485.582876417601 32.8290479465005
0.49707 570.385400507023 35.5648259326393
0.4997 469.43596867618 32.2503462866893
0.50233 452.602945498582 31.6438229299171
0.50496 623.331222755783 37.1065642937445
0.50759 603.846507921055 36.4934649382065
0.51022 620.389646757943 36.9610309461988
0.51285 637.484763155509 37.4374415609006
0.51548 676.352093332071 38.5315600945612
0.51811 608.922428842716 36.531671174412
0.52074 635.53262719028 37.2919696406258
0.52337 579.888676243627 35.5939357602646
0.526 553.67701813468 34.75271246329
0.52863 562.536637552269 35.0019372394365
0.53126 492.239693825662 32.7160349106442
0.53389 584.379112568307 35.6184334038855
0.53652 417.059683181697 30.0663807224961
0.53915 328.126047108123 26.6474973213407
0.54178 438.577653845611 30.7831315059686
0.54441 498.644449588006 32.7972901663007
0.54704 398.406283460339 29.2926000140615
0.54967 267.267594927073 23.9728568108141
0.5523 252.025888018 23.2605758966053
0.55493 237.25291046096 22.550405052243
0.55756 314.857185805851 25.9570600109765
0.56019 205.645790390774 20.9608151243366
0.56282 183.219802273643 19.7689431841872
0.56545 158.440965510053 18.3687419307327
0.56808 274.52923693998 24.159493668147
0.57071 190.200225187542 20.093071157097
0.57334 216.72636650348 21.431047167825
0.57597 121.479465976241 16.031903379012
0.5786 194.556133105303 20.2722366640728
0.58123 133.155160083063 16.7572666611326
0.58386 101.544312321017 14.6216497213618
0.58649 47.2893735600486 9.96997720860955
0.58912 103.08617028562 14.7080742416523
0.59175 118.367819859676 15.7476253257182
0.59438 50.6482283144781 10.2925367753713
0.59701 91.6495794205251 13.8339752620508
0.59964 81.2870408114633 13.0176706239496
0.60227 134.652659402025 16.7409318646589
0.6049 161.300266185596 18.3080372084263
0.60753 174.75054832805 19.0407934838596
0.61016 194.034571934715 20.047780203048
0.61279 250.813926902266 22.7747154961572
0.61542 236.520790663571 22.0984410199252
0.61805 143.986015538716 17.2280611992028
0.62068 123.598207943335 15.948911270299
0.62331 190.794053988912 19.799558657684
0.62594 191.269635717811 19.8081389029033
0.62857 190.829093927288 19.769238657895
0.6312 181.24708284297 19.2508354074361
0.63383 249.59196327944 22.572268523025
0.63646 182.922229003442 19.3080499917642
0.63909 164.071838898875 18.2711918286237
0.64172 235.253857788755 21.8606127656825
0.64435 295.574912917702 24.4833733453602
0.64698 312.599861504051 25.1579233779218
0.64961 419.112177596129 29.1063589315863
0.65224 448.576761081537 30.087276517303
0.65487 398.831055912678 28.3465451742747
0.6575 412.881701034811 28.8176813061939
0.66013 405.1762369299 28.5238516579014
0.66276 481.682659807495 31.0746369520332
0.66539 446.447070970301 29.891610718827
0.66802 372.840127679557 27.2937885301007
0.67065 457.129577255178 30.196716731584
0.67328 492.854091344269 31.328255118728
0.67591 501.904055783179 31.5881162791549
0.67854 487.938044712717 31.119417413062
0.68117 443.507053452325 29.6438435436695
0.6838 489.679815271633 31.1225278153366
0.68643 449.293327878084 29.7863745613084
0.68906 411.090822350971 28.4678607946037
0.69169 438.907040511616 29.3903580774288
0.69432 432.605838450069 29.1539114313791
0.69695 430.676254193151 29.0641428310782
0.69958 366.732196496929 26.797550023685
0.70221 425.315301573922 28.8415980764683
0.70484 426.640742384096 28.869410905788
0.70747 363.354711483266 26.6265436039232
0.7101 421.562304301365 28.6630639947475
0.71273 361.015875535197 26.5092172666785
0.71536 361.489822655342 26.5108413641561
0.71799 238.719805892962 21.5308468376022
0.72062 341.227196778385 25.7264467882295
0.72325 270.284305684887 22.8828017035565
0.72588 190.167078760846 19.1825763226326
0.72851 324.238775989527 25.0329433661988
0.73114 155.720564331732 17.3377321134066
0.73377 157.506082495178 17.4263936201332
0.7364 166.361086911431 17.8988021328679
0.73903 119.465333342497 15.1585606770972
0.74166 130.075954715549 15.8078984768282
0.74429 74.9283228344154 11.9904899089591
0.74692 46.9933950421586 9.49008958942025
0.74955 75.6063596851709 12.0300858947566
0.75218 64.1142508652719 11.0714421652838
0.75481 110.19534975579 14.5059297814968
0.75744 110.902497159202 14.5435794612479
0.76007 105.838164657615 14.1990139048022
0.7627 150.752401008539 16.9357807153741
0.76533 147.435370369073 16.7382362260057
0.76796 135.537167042297 16.0388592959086
0.77059 98.3912637128542 13.6570735209203
0.77322 66.0584590925199 11.1835163390896
0.77585 244.469257838105 21.501102960342
0.77848 191.375159275246 19.011900116482
0.78111 138.040768835457 16.1369045356894
0.78374 129.169998733391 15.6002245484408
0.78637 141.524344275163 16.3191955679367
0.789 91.9889458117349 13.1487301756584
0.79163 91.5527581153637 13.109441819882
0.79426 133.745321522222 15.8350684785846
0.79689 135.217277636073 15.912139274907
0.79952 177.865517165703 18.2385310453348
0.80215 179.083446585302 18.292408869177
0.80478 248.602689315988 21.5438744317476
0.80741 174.370912387893 18.0358037478614
0.81004 233.640066840512 20.8689014402556
0.81267 224.439583803232 20.4457460965086
0.8153 206.913300430925 19.6234160326844
0.81793 268.100666233272 22.3283374795973
0.82056 213.676861093001 19.9256769309409
0.82319 229.188611423334 20.6280232056647
0.82582 193.394118270522 18.9412809058789
0.82845 237.621117283451 20.9873068217683
0.83108 275.435704780498 22.5865893322769
0.83371 224.518746968633 20.3841705818638
0.83634 251.2292907697 21.5540030597329
0.83897 127.768676023022 15.3649420188503
0.8416 290.147478580812 23.1448256560599
0.84423 337.066225115986 24.9360567046124
0.84686 329.316460842094 24.6378259404349
0.84949 230.706461163612 20.6134605408643
0.85212 294.309461966841 23.2727853429167
0.85475 273.798545958121 22.4381425754329
0.85738 293.817398258295 23.2345909511792
0.86001 332.84349406684 24.7195814915921
0.86264 208.140301605359 19.539967036627
0.86527 212.38286224113 19.7301319353537
0.8679 248.736678585518 21.3434463072922
0.87053 115.354980913427 14.5290440317229
0.87316 185.447609391081 18.4142304926875
0.87579 297.51805202322 23.314363582038
0.87842 284.346931968553 22.7832136669991
0.88105 253.495907432098 21.5030392966365
0.88368 287.890791892837 22.9061330510047
0.88631 235.315694805963 20.7007802344025
0.88894 210.314754592567 19.5622754849427
0.89157 209.216301380621 19.5031763571457
0.8942 151.809901521057 16.6065944872858
0.89683 166.828143227552 17.4015522149145
0.89946 159.689211859955 17.0182059161717
0.90209 238.429260239066 20.7879813676006
0.90472 138.383633980814 15.8331292568627
0.90735 194.368901388829 18.7598592749469
0.90998 175.806731386446 17.8371587145788
0.91261 114.827258548714 14.4119289263002
0.91524 107.899529371071 13.9669320825545
0.91787 50.0089312562879 9.50619264703507
0.9205 96.7085846119038 13.216207920192
0.92313 134.718609805864 15.594793028077
0.92576 80.0307046379446 12.0167092989351
0.92839 43.4557379322067 8.85262689736465
0.93102 51.5060025840801 9.63537953366203
0.93365 60.6782034484965 10.4555651599882
0.93628 96.9531401935973 13.2130565644364
0.93891 114.840402665074 14.3767543167731
0.94154 115.413555090122 14.4089719642654
0.94417 100.506170422767 13.4428695436575
0.9468 107.688578802742 13.9114187558806
0.94943 92.749668598877 12.9072496210109
0.95206 145.285700142166 16.1502716409076
0.95469 138.278761667231 15.752045301564
0.95732 51.0420321788789 9.56784101300714
0.95995 191.881581210004 18.5463017396333
0.96258 136.788103590985 15.6550872193536
0.96521 195.084905489031 18.6910524519651
0.96784 140.373375773851 15.8509331578909
0.97047 119.913468130619 14.646603647315
0.9731 159.201537183899 16.8720170391119
0.97573 108.299993495898 13.9122690038104
0.97836 125.104849179414 14.948965580343
0.98099 116.555942655148 14.4255222223587
0.98362 223.147801602782 19.9549593707039
0.98625 183.294163447852 18.0808570280249
0.98888 179.885792410229 17.9074283705129
0.99151 224.112816342253 19.9828845225838
0.99414 174.753400184157 17.6411801447427
0.99677 238.461885932164 20.6022301509541
0.9994 143.668639362362 15.9873178906117
1.00203 335.074224102252 24.410973412252
1.00466 240.316863336061 20.6700884817476
1.00729 147.630454686582 16.1984625711168
1.00992 246.343054157098 20.9214396270158
1.01255 183.484466511896 18.0533010389646
1.01518 178.738441281623 17.8156431003263
1.01781 196.852941363874 18.6938607915274
1.02044 120.873662455078 14.6463497573506
1.02307 180.577006643835 17.899062152606
1.0257 318.546699859304 23.7695564780949
1.02833 258.685847891432 21.4168853027367
1.03096 300.166715271645 23.0667641765756
1.03359 235.650363408974 20.4350112170126
1.03622 303.425954816088 23.1847588034485
1.03885 104.954500542926 13.6336495861776
1.04148 163.890807380307 17.0342983041651
1.04411 252.922069378355 21.1580506064831
1.04674 318.741785904936 23.7485504853218
1.04937 256.277738791954 21.2916023681084
1.052 248.27025413153 20.953208235721
1.05463 223.113368851272 19.8603200006069
1.05726 177.702586294356 17.7217073351242
1.05989 151.753673151773 16.3743290443019
1.06252 216.299750650501 19.5459651043538
1.06515 211.878737318153 19.3422940202585
1.06778 85.9586678455164 12.3181161367071
1.07041 107.987242339136 13.8045045992518
1.07304 239.014995047099 20.5344133166393
1.07567 146.909788555167 16.0964534322006
1.0783 212.58381403317 19.3599848893099
1.08093 155.659083986452 16.5638854546555
1.08356 146.687884543589 16.0770792756564
1.08619 166.425819708455 17.1220361897278
1.08882 236.815371157307 20.4213764232409
1.09145 157.099770298938 16.6304051843141
1.09408 41.0789656609947 8.50275714211818
1.09671 77.9155829916286 11.7083888405604
1.09934 159.589409872429 16.7541322653308
1.10197 211.048425279315 19.2644145368259
1.1046 129.73175320041 15.1024440018968
1.10723 121.037627424925 14.5862488121256
1.10986 155.223075433307 16.5166085784407
1.11249 131.857570770503 15.2213993641585
1.11512 165.457190570847 17.0492065203079
1.11775 91.0787598605738 12.6482138060692
1.12038 109.571278864691 13.8716555797657
1.12301 54.9967300964804 9.8266988405234
1.12564 65.0947078401909 10.689842971117
1.12827 93.6939895674225 12.8237078543438
1.1309 190.450969393024 18.2813641935395
1.13353 119.960449079724 14.5075908153735
1.13616 131.326005700966 15.1778713045707
1.13879 155.843296064527 16.5325100417989
1.14142 139.599442640216 15.6457289281086
1.14405 152.671861969677 16.3603533579091
1.14668 162.072421562258 16.8549298868544
1.14931 166.827428649782 17.0987877517407
1.15194 134.270320876391 15.3384262622937
1.15457 145.490625077705 15.9649470580127
1.1572 170.676633316869 17.2900477351564
1.15983 46.9258286220612 9.06513563686473
1.16246 146.777590282423 16.0308803818793
1.16509 135.603430559737 15.4071387203228
1.16772 166.378345534826 17.064525045839
1.17035 156.827580562521 16.5659432010242
1.17298 125.734044342692 14.8316860493229
1.17561 72.542576210204 11.2647016966193
1.17824 107.048262045489 13.6827104879863
1.18087 123.831210187847 14.7148723015827
1.1835 109.466617252142 13.8337967808814
1.18613 83.3497921334209 12.0701286587132
1.18876 243.944341982999 20.647339651229
1.19139 236.615852367882 20.3329188147821
1.19402 143.62414380613 15.8398333198302
1.19665 102.323940670132 13.3685583130691
1.19928 184.180491578238 17.9339856362007
1.20191 173.320123788119 17.3958314372217
1.20454 183.726955265636 17.9092643944984
1.20717 170.428611662162 17.2477787157014
1.2098 160.73072027924 16.7487333962993
1.21243 186.598851876944 18.0450300391349
1.21506 180.617058724262 17.7522377726946
1.21769 118.563817583811 14.3820370833417
1.22032 98.7547777981134 13.1248383952965
1.22295 130.108450657963 15.0639284740728
1.22558 109.241636405922 13.8022589937209
1.22821 172.809520838635 17.3584316869041
1.23084 163.742996737741 16.8957934831732
1.23347 49.2136812381543 9.2621267738525
1.2361 156.826953832445 16.5328876403831
1.23873 83.6636386883828 12.0747263466407
1.24136 98.1348790103793 13.0764896964962
1.24399 89.1791956837178 12.4646994021498
1.24662 66.7274016466516 10.7813387221523
1.24925 61.2928439203802 10.3322764073075
1.25188 192.370816560727 18.3033787036797
1.25451 108.35776765877 13.7360617247016
1.25714 29.9321123770118 7.21890665865321
1.25977 145.605771886791 15.9207150025782
1.2624 67.238139473431 10.8181162059187
1.26503 28.5120933082367 7.04415448620222
1.26766 91.0754046319199 12.5888306890426
1.27029 40.4091867480032 8.38485210505933
1.27292 50.5612322116556 9.3785281473043
1.27555 97.6608971899814 13.0333699279368
1.27818 150.512723310575 16.1790670870807
1.28081 100.218076364226 13.2011084199177
1.28344 82.1071143827123 11.9480836663472
1.28607 170.416906115358 17.2121328075405
1.2887 162.371290715357 16.7997746946146
1.29133 84.7770305728833 12.1383154001726
1.29396 145.912032029984 15.9233832531786
1.29659 112.519907765796 13.9821820584924
1.29922 66.8124049148845 10.773561392869
1.30185 188.995110785998 18.1189507559458
1.30448 141.679604327778 15.6870667145229
1.30711 152.799770180393 16.2903246889537
1.30974 181.533083656992 17.7552419489726
1.31237 88.2263319534301 12.3773629037426
1.315 41.8269705335089 8.52192144876358
1.31763 86.4564226943168 12.2514716497366
1.32026 111.561606488419 13.9164131445038
1.32289 130.946269592776 15.0763705268344
1.32552 250.517728195631 20.8520986551388
1.32815 226.357295118977 19.8202024538191
1.33078 201.995724800641 18.7224304252643
1.33341 178.32692993753 17.5905694611104
1.33604 246.018020241664 20.6602316565586
1.33867 249.767265654984 20.8161198410054
1.3413 208.761064832102 19.0299243741535
1.34393 184.215738046404 17.8754080719612
1.34656 140.951891803673 15.6353764323801
1.34919 240.511782871896 20.4230853067111
1.35182 240.986066427286 20.4422842412349
1.35445 175.989851302102 17.4685778767092
1.35708 190.693651679611 18.1828575341924
1.35971 207.053474604889 18.9459138462673
1.36234 196.779902941674 18.4690664649938
1.36497 192.455910077029 18.2641924250581
1.3676 239.929555255416 20.3918672576835
1.37023 130.923448551772 15.0627445238604
1.37286 136.11612202612 15.3578508369394
1.37549 85.881668264435 12.1984925440902
1.37812 193.855589990408 18.3263239501533
1.38075 222.596059568973 19.6370024762745
1.38338 175.193228930044 17.4202899604101
1.38601 142.766426055405 15.7249772322138
1.38864 62.9673795312192 10.4427540622359
1.39127 140.967833105652 15.6241899021497
1.3939 123.905566817783 14.6474883507819
1.39653 20.2744532619505 5.92478480480317
1.39916 173.925931597239 17.3524349769561
1.40179 169.939070353581 17.1517891975247
1.40442 151.37921181806 16.1875423324466
1.40705 136.619446565905 15.3776171103262
1.40968 95.578794629589 12.8617048980722
1.41231 58.9816350488051 10.1032512412579
1.41494 31.2487590864872 7.35366969658734
1.41757 71.4865996677446 11.1220548282988
1.4202 61.5714800050618 10.3216110137161
1.42283 102.585650428127 13.3225076536992
1.42546 88.0561432420876 12.3426233985563
1.42809 29.3313027847971 7.12325187575276
1.43072 107.348054077362 13.6268253046129
1.43335 115.66981643492 14.1446627778547
1.43598 88.2462114454973 12.3542271732752
1.43861 54.6853405543262 9.72496352877461
1.44124 53.692563578784 9.63595054191667
1.44387 64.8916551157123 10.5929491688899
1.4465 129.714400575344 14.9761964583777
1.44913 63.2151282466991 10.4544914551547
1.45176 118.258639977567 14.2986095685561
1.45439 60.7445976747684 10.2474583973279
1.45702 131.318206362458 15.0664096013265
1.45965 102.157905112591 13.2882641460471
1.46228 139.110916930118 15.5059304962738
1.46491 93.8361854983706 12.7346601956523
1.46754 38.2189223025971 8.12692716980353
1.47017 55.2307393454288 9.76927956651212
1.4728 186.890468044915 17.9701062227281
1.47543 139.659074146532 15.5337605267884
1.47806 137.874032866814 15.4336349155239
1.48069 110.420435696832 13.811367052397
1.48332 79.4446284265332 11.714645825717
1.48595 136.464807490781 15.3529622131894
1.48858 162.277894376606 16.7415815332123
1.49121 73.2236989746387 11.2454692909576
1.49384 115.597217012155 14.1289663854326
1.49647 84.0242869687888 12.0454788669251
1.4991 147.187520921625 15.9419739800623
1.50173 40.4231038483678 8.35428102600962
1.50436 106.032282724712 13.5301182413287
1.50699 148.246292780987 15.9978912912407
1.50962 144.000134610144 15.7666908829945
1.51225 130.037688391091 14.9824213742867
1.51488 71.7915360404635 11.1319767843073
1.51751 34.174263595454 7.68021774874038
1.52014 138.459805155268 15.4587398934989
1.52277 71.3338677831473 11.0955388501278
1.5254 52.5294899978951 9.52117141461896
1.52803 106.028924031727 13.5266187062355
1.53066 91.6504985741492 12.5757172840738
1.53329 154.267781349768 16.315156503096
1.53592 86.6246410555783 12.2253873583033
1.53855 109.09297519922 13.7191932637464
1.54118 162.284062255016 16.7323288782947
1.54381 125.964476723743 14.7411299847824
1.54644 172.069067086008 17.2284580205637
1.54907 97.0153800896151 12.9361063035256
1.5517 82.5605990181865 11.9332289232409
1.55433 52.8202827370632 9.54465396514347
1.55696 58.1018327260433 10.01020600584
1.55959 128.851942724933 14.9067118403031
1.56222 75.745971928213 11.4288994792208
1.56485 45.0435677192517 8.8131122752571
1.56748 56.2069772282488 9.84455968780101
1.57011 50.4242432889731 9.32414771868473
1.57274 16.9269511900323 5.40215560768405
1.57537 24.479081227062 6.49626216700151
1.578 26.5957550945895 6.77111852788258
1.58063 123.758038950744 14.6059304908964
1.58326 12.030363217935 4.55376018553264
1.58589 35.1301262666679 7.78142088680177
1.58852 130.502574448401 14.9974303985203
1.59115 47.1777707529952 9.01704604281919
1.59378 97.6950017191133 12.9753778952688
1.59641 67.7901038975795 10.8082468516413
1.59904 93.2102932015649 12.6733755451537
1.60167 92.0787429430721 12.5959466064654
1.6043 159.000910777347 16.5516668701385
1.60693 94.1475640978287 12.7361241850547
1.60956 106.35163945416 13.5361651856734
1.61219 127.390193222201 14.814341734292
1.61482 20.2687742471305 5.90906697418199
1.61745 52.8715054393626 9.54348107320534
1.62008 123.884732158538 14.6081654754358
1.62271 77.1480375375291 11.5276302004907
1.62534 48.3262571976539 9.12346861855299
1.62797 100.941107483682 13.1853979532803
1.6306 105.770678241368 13.4968574385651
1.63323 108.448283440308 13.6663381859112
1.63586 127.371340783019 14.8104238890011
1.63849 84.7690486796467 12.082062797068
1.64112 137.915763065404 15.4106228720423
1.64375 60.824660431351 10.2339641330437
1.64638 22.6587917916904 6.24616169778884
1.64901 114.737806894321 14.0552613265179
1.65164 161.520558107411 16.6759413666088
1.65427 131.754746870188 15.0608816192659
1.6569 112.902527338301 13.9415125555518
1.65953 92.8939812095248 12.6456935420933
1.66216 72.1496851758253 11.1444050166089
1.66479 120.659565904768 14.4115717363393
1.66742 140.861247099889 15.5710189931024
1.67005 77.583111685964 11.555684286323
1.67268 122.397032948985 14.5140400266878
1.67531 94.5066408139683 12.7533663374121
1.67794 67.4196990604833 10.7715419240166
1.68057 202.940191609061 18.6878484578727
1.6832 83.6667529924857 11.9989302026082
1.68583 104.926944176172 13.4369400859629
1.68846 91.9374525167515 12.5774876426725
1.69109 80.7088547586181 11.7841715619127
1.69372 38.6990743749984 8.15980068062278
1.69635 71.6250420108413 11.1007546395192
1.69898 65.2460052986762 10.5946793889807
1.70161 90.051928393345 12.446535087766
1.70424 37.7828521464005 8.06199887988713
1.70687 54.8032579971771 9.70939026407243
1.7095 61.9332823276909 10.3215333964685
1.71213 68.337333091533 10.841879871186
1.71476 125.534113761098 14.6943324928205
1.71739 57.3465337166816 9.93152573303746
1.72002 73.5587256540397 11.2479373387405
1.72265 96.5813777099683 12.8883075670066
1.72528 25.7840092527514 6.65913502489515
1.72791 59.0346335521814 10.0760296296379
1.73054 55.8318319869666 9.79874243646271
1.73317 97.1913237607816 12.9281551223983
1.7358 140.196530736379 15.5269030694983
1.73843 38.2584311780842 8.11097736630733
1.74106 94.4190654994893 12.7418609639575
1.74369 24.0576462207698 6.43165857821348
1.74632 114.650704049041 14.0403579424682
1.74895 132.661385832083 15.1027308663607
1.75158 47.9580249692217 9.08044776452806
1.75421 35.8660010654073 7.85256426724099
1.75684 65.9444963134099 10.6476238323704
1.75947 82.2310279683804 11.8898036425866
1.7621 63.5367660214834 10.4511185999438
1.76473 85.5191668575022 12.124821516843
1.76736 100.658371491426 13.1541252805839
1.76999 90.9083396523857 12.5006411074392
1.77262 70.8993409210861 11.0393860916864
1.77525 55.9132002534454 9.80334752203689
1.77788 46.190398450533 8.91017998603423
1.78051 78.1005847280667 11.5859370488707
1.78314 53.6422549658772 9.60176193198176
1.78577 122.787560899163 14.5267347209888
1.7884 73.3125115552085 11.2246618653406
1.79103 62.0041844180671 10.3225766440589
1.79366 42.5518107240906 8.55125854546126
1.79629 105.895705435505 13.4897402282808
1.79892 92.8936654668135 12.6342905580195
1.80155 155.041292869848 16.3220580228362
1.80418 25.8377347557354 6.6630317292428
1.80681 81.179573462675 11.8103150460265
1.80944 139.585553161273 15.4864463617867
1.81207 109.897324116844 13.7410060838485
1.8147 104.741294109481 13.4145891704077
1.81733 92.3124784658689 12.5933725268451
1.81996 93.431331791432 12.6692687896846
1.82259 38.3625713433 8.11806586271402
1.82522 116.062725539519 14.1201247501006
1.82785 40.0888830531412 8.29846113447105
1.83048 42.3492221054737 8.52907119778554
1.83311 37.1544992792073 7.98873770474728
1.83574 43.7063884189346 8.66439714736474
1.83837 18.7443280005866 5.67406441812459
1.841 2.69821964919087 2.15273914901198
1.84363 51.4520785435932 9.40042858307803
1.84626 33.7582015513684 7.61428760645235
1.84889 32.8594152098945 7.51212791816279
1.85152 118.500919082402 14.2655116288395
1.85415 104.179805634814 13.3755514815117
1.85678 27.3500602638881 6.85318573964789
1.85941 29.5027256303087 7.11767021102072
1.8673 20.2950531007271 5.90312778080574
1.86993 81.1615934867588 11.8047230525631
1.87256 71.6675666540129 11.0926492620456
1.87519 86.9608748741815 12.2188218656984
1.87782 79.7738025891374 11.7028317580102
1.88045 18.5846105805148 5.64847197441519
1.88571 3.66268056167532 2.5074981944341
1.88834 31.5632451054481 7.36080582859715
1.89097 58.922985687692 10.0570437728033
1.8936 95.5234282161249 12.8049046294895
1.89623 43.8422912308882 8.67483951830988
1.89886 30.2682593622942 7.20778761062218
1.90149 105.554487950753 13.4598833054372
1.90412 97.5614373426454 12.9400973845512
1.90675 30.4698975626437 7.23151769928596
1.90938 17.3777690599166 5.46117978111078
1.91201 43.584389427286 8.6486924272831
1.91464 95.0293626556201 12.7705435981182
1.91727 41.0204806631709 8.39027807291083
1.9199 54.3270421402325 9.65560561118695
1.92253 73.2768609970144 11.2137384623405
1.92516 57.4055389122728 9.92520303252175
1.92779 17.4289891994139 5.4688260113309
1.93042 36.7852828911675 7.94493891085522
1.93305 38.9995098066605 8.18047632306178
1.93568 28.2397469075034 6.96105272954603
1.93831 0.100488335199316 0.415238730527372
1.94094 27.7329320815981 6.898162621521
1.94357 55.0654780524398 9.72010030892048
1.9462 56.8456501370047 9.87586543976623
1.94883 26.6429662004069 6.76103738149094
1.95146 5.06274055174238 2.94720531154657
1.95409 80.4876679792153 11.7510786366372
1.95672 100.209380915545 13.1118132414187
1.95935 38.6015485753401 8.13778916214265
1.96724 30.5650905154799 7.24108135518779
1.96987 91.9762006182193 12.5609885873553
1.9725 124.273593609153 14.6006106869363
1.97513 90.5621867583381 12.4638021697427
1.97776 107.256146506731 13.5638724043666
1.98039 38.2061192154504 8.09533020629246
1.98302 106.571547973902 13.5202351755042
1.98565 103.461305505087 13.3213454272708
1.98828 86.5239115657421 12.1821148309443
1.99091 74.086248551021 11.2724656966489
1.99354 140.132304991827 15.5029646455593
1.99617 120.39720496042 14.3697538785037
1.9988 49.1890888103577 9.18482782325387
2.00143 124.809595128337 14.6304007648963
2.00406 86.2203205985681 12.1599888478299
2.00669 97.7507952867425 12.9474616695176
2.01195 15.3749993222761 5.13480890060836
2.01458 19.9899940849092 5.85489605999063
2.01721 18.8044693851433 5.67857704398288
2.01984 138.186599351001 15.393524579141
2.02247 82.7952907977672 11.9152743542217
2.0251 25.1459779890905 6.56646476249825
2.02773 68.1975906978239 10.8137915149038
2.03036 4.55400930567284 2.79438702972903
2.03299 14.9605344444372 5.06476474870969
2.03562 23.617971248418 6.36360393830119
2.03825 54.5283339260471 9.66916752628288
2.04088 23.6605331007905 6.36922156461754
2.04351 1.1264157576962 1.38969525944594
2.04614 30.5220537878462 7.23391193433415
2.04877 45.6896123731383 8.85056917169773
2.0514 0.0862408194005971 0.384516538580969
2.05403 23.6508306638589 6.36763130822638
2.05666 58.5466239171081 10.0184782896634
2.05929 56.9529686372937 9.88109646585925
2.06192 55.7983802091144 9.7803382457769
2.06455 57.7338596222652 9.9484288354489
2.06718 135.734026943743 15.2538577251078
2.06981 86.8776326907921 12.2035289643999
2.07244 28.7348227780155 7.01829842853992
2.07507 53.9837642221163 9.61956147080378
2.0777 125.332700773353 14.6572337441186
2.08033 72.7062888763676 11.1635398193176
2.08296 123.174910739934 14.5302533721745
2.08559 133.762644398279 15.1417337194546
2.08822 4.122997817168 2.65834201983527
2.09085 60.9314754784012 10.2193029328175
2.09348 9.57038387725914 4.05005785241303
2.09611 67.9469826731152 10.791399180579
2.09874 86.3182906475863 12.1629860155916
2.10137 120.944768708829 14.3972176285035
2.104 90.6361296418211 12.4632693351483
2.10663 86.5118513898549 12.1763013111272
2.10926 93.5362590205956 12.6608790645269
2.11189 113.925918656655 13.9727346229114
2.11452 55.4906423652135 9.75160937258849
2.11715 80.5981983961012 11.7523675614829
2.11978 43.9079036594985 8.67421792141839
2.12241 9.36560790952497 4.0061134317587
2.12504 68.42898288974 10.8285816838499
2.12767 42.5594156210673 8.5397595184813
2.1303 60.4302777215362 10.175866166687
2.13293 16.4935748361016 5.31615662191023
2.13556 3.78446992014883 2.54647359308222
2.14082 18.3047050464747 5.60029071418123
2.14345 36.1589623495854 7.87106433317086
2.14608 7.81704402315055 3.65967938327826
2.14871 33.84383327352 7.61478791476701
2.15134 40.5905105078112 8.33924192659836
2.15397 29.8084212712294 7.14628088100182
2.1566 36.7532988700357 7.93514807061625
2.15923 67.9165650045823 10.7867597531469
2.16186 91.3740264591927 12.5115411554073
2.16449 71.6772318690609 11.08118785574
2.16712 66.0847133020486 10.640021061485
2.16975 56.5403187527378 9.84163799300265
2.17238 70.2700024363377 10.9715887794443
2.17501 22.9797671746108 6.27413164353175
2.17764 2.23129503278694 1.95503974709141
2.18027 26.0847743957426 6.68446897052399
2.1829 30.5240091335174 7.23086800321542
2.18553 37.6587394232717 8.03153974071255
2.18816 47.8818873736149 9.05623807149965
2.19079 11.4850008755211 4.43531014301534
2.19342 16.5428726100168 5.32304597205909
2.19605 49.6723211824109 9.22376561436197
2.19868 3.37508304793518 2.404304889389
2.20131 19.579588551436 5.79089066229953
2.20394 61.8107895747588 10.2889615041878
2.20657 47.4214133979609 9.01202420293659
2.2092 33.739324591973 7.6014947568628
2.21183 6.32507451125069 3.2912383635241
2.21446 22.7199268055086 6.23771722673311
2.21709 98.8137430810536 13.0084813872852
2.21972 116.489524084708 14.1239790700077
2.22235 34.8543268267855 7.72569723956236
2.22498 46.8325787406976 8.95527808135092
2.22761 6.63156609439305 3.36983624010642
2.23024 30.2994816850883 7.20301053436171
2.24076 39.425640238843 8.21615543281274
2.24339 32.8895324255919 7.5041900355564
2.24602 70.4188436762491 10.9803231872919
2.24865 23.0125138604162 6.27694631489677
2.25128 47.5606399373998 9.02372666514876
2.25391 170.99825111484 17.1101424616129
2.25654 90.1163872733668 12.4209662495866
2.25917 52.1945202207568 9.4528257930373
2.2618 64.4488265818305 10.5039443124164
2.26443 26.498631928527 6.73522849034933
2.26706 62.9746734061487 10.3829143851631
2.26969 54.1938109062946 9.63178679215438
2.27232 55.0204962164524 9.70487553118637
2.27495 45.2534551467078 8.80135003878839
2.27758 28.7758049533198 7.01831515021716
2.28021 80.8300073927065 11.762540666837
2.28284 9.87280765520754 4.11084280418986
2.2881 5.88629462998833 3.1741170387817
2.29073 18.9715236335016 5.69834509552579
2.29336 51.4288232042181 9.382026118868
2.29599 28.3648217332469 6.96753367338968
2.29862 2.15406254572789 1.92005604015871
2.30125 61.3660504099365 10.2481541042031
2.30388 67.8347430273975 10.7746984124203
2.30651 65.3082667930021 10.5720833807626
2.30914 31.8933911708224 7.38795633579193
2.31177 2.05421621311884 1.87497083288928
2.3144 43.7337137079735 8.65121466334721
2.31703 49.7255984912922 9.22478788120223
2.31966 49.9312148777922 9.24378669124216
2.32229 75.4421277865944 11.3623531315432
2.32492 56.1736701487706 9.80449405646799
2.32755 21.3944889635285 6.05072222334243
2.33018 25.3114607108092 6.58130974417353
2.33281 99.2795678146975 13.0341025909363
2.33544 21.466708958396 6.06082018735942
2.33807 2.44774023775798 2.04658034227849
2.3407 8.28328461711524 3.76482588793627
2.34333 14.5416888538787 4.9882532860629
2.34596 106.872963721278 13.5229819760462
2.34859 60.8615797700492 10.204873426025
2.35122 37.2649610104687 7.98516356844533
2.35385 59.6926373836773 10.1062801778666
2.35648 22.8879054134067 6.25794071374105
2.35911 22.7188569527082 6.23475119384129
2.36174 69.7766029575388 10.9264295199606
2.36437 6.48573669826266 3.33119827916191
2.367 23.6260820735311 6.3579066903585
2.36963 0.146537543432601 0.500714557538722
2.37226 40.3647477632812 8.31025509253458
2.37489 68.8566308944079 10.8538442980574
2.37752 17.8416619604141 5.52491784975299
2.38015 34.3819030018918 7.66956258602755
2.38278 24.9149285581326 6.52879349818657
2.38541 3.65277624340071 2.49983942410172
2.38804 0.58019163999397 0.996285432599786
2.39067 31.5872914509696 7.35108948435399
2.3933 21.9551250670215 6.12859527556956
2.39593 0.0562160517191153 0.310113464691844
2.39856 15.4951690130475 5.14856358376648
2.40119 25.3285655270487 6.58249658472706
2.40382 17.1235875244199 5.4122767007856
2.40645 24.7894049118092 6.51197809108551
2.41171 0.0436205517754318 0.273161816578003
2.41434 11.9987880616228 4.5304398970228
2.41697 12.91437085122 4.7000835276682
2.4196 0.0529936055203232 0.301077257096848
2.42223 14.6303122227511 5.00253667144577
2.42486 40.3524834857241 8.30798846953513
2.42749 8.85472911038628 3.89175648497924
2.43012 53.4634770062676 9.56277384356669
2.43275 51.4325190745615 9.37932209189508
2.43538 0.0936512836408635 0.40022727910155
2.43801 43.4392365308739 8.61962114764163
2.44327 89.5742386545951 12.3775070617368
2.4459 51.644492390622 9.39833439944077
2.44853 55.6199529098043 9.75329729064624
2.45116 79.5592874799508 11.6648420643802
2.45379 76.5763807001811 11.4440067516549
2.45642 100.18047979417 13.0893930134744
2.45905 142.585390960838 15.6157459953397
2.46168 178.927273383686 17.4928575444039
2.46431 121.694743840396 14.4263234279881
2.46694 35.6149526582762 7.80428653914653
2.47483 0.0392428306040178 0.259053213013053
2.47746 63.7922550340241 10.4445579553736
2.48009 35.511103423857 7.79265477452604
2.48272 7.18577660744174 3.50539913735659
2.48535 58.2648576532135 9.98162456455762
2.48798 66.9618256014455 10.7006163868701
2.49061 41.3142925257676 8.4050940753892
2.49324 17.0430109808052 5.39837247780315
2.49587 10.1385250704222 4.1636512041673
2.4985 2.93639639553476 2.24074047216728
2.50113 2.67714151689981 2.13952478075311
2.50376 54.1242917525999 9.62001003372043
2.50639 55.32645452245 9.72620876896098
2.50902 40.7816707421783 8.35040288279055
2.51165 57.8893186293578 9.94882740506551
2.51428 33.547073759059 7.57351961925473
2.51691 56.0966750789978 9.79347341354255
2.51954 93.5066512752783 12.6440788500884
2.52217 45.0571619204189 8.77699023230685
2.5248 93.6635408776609 12.6545509820271
2.52743 12.4685847462929 4.61708414724718
2.53006 45.5606623675995 8.8257572632507
2.53269 29.4472067026873 7.09539817060004
2.53532 11.6802972466191 4.46868170501318
2.53795 38.1939541787406 8.08067315238416
2.54058 20.8314947614694 5.96771674447058
2.54321 39.3545003638766 8.20243770914512
2.54584 37.749195117054 8.03336208968343
2.54847 51.0223682508292 9.33945547199163
2.5511 34.2437035755663 7.6511967300122
2.55373 5.94548898025933 3.18808981966021
2.55636 9.23875198973218 3.97412175601134
2.55899 62.2491782104669 10.3157089470703
2.56162 24.9925374191622 6.53634849771421
2.56425 11.6062719848482 4.45424550659614
2.56688 45.335958502966 8.80332903726718
2.56951 90.3659112721851 12.4286971162123
2.57214 90.4802512156203 12.4364933475799
2.57477 71.4361139847436 11.050392614574
2.5774 28.2241128674633 6.94587082911052
2.58003 24.3838689802025 6.45603112098946
2.58266 13.2064190642752 4.75121407570172
2.58529 6.98443995762749 3.45521924974668
2.58792 69.016519958313 10.8613572719971
2.59055 86.1568631261227 12.1352929520688
2.59318 66.6480152208895 10.6732502095722
2.59581 17.6684714218023 5.49541283820124
2.59844 60.1215122622354 10.1370958868836
2.60107 55.1866758756008 9.71213269049488
2.6037 11.217703049395 4.37873176981843
2.60633 33.5228287349157 7.56947196272601
2.60896 88.8907730404872 12.326008988427
2.61159 117.476179394776 14.1699372967012
2.61422 83.3226215029007 11.9336519472497
2.61685 25.7805910452989 6.63799960811358
2.61948 33.0550655513897 7.51637919745765
2.62474 9.62840911383988 4.0566235182167
2.62737 18.4776800034592 5.61965999480663
2.63 55.9556718846981 9.77928853097829
2.63263 19.180269820187 5.72547393059875
2.63789 2.19202349790817 1.93555026418258
2.64052 33.1858290253609 7.53107668657807
2.64315 58.6876264539918 10.0150446502358
2.64578 83.7171644693971 11.9615030458403
2.64841 29.7912369285902 7.13545465741238
2.65104 0.00431702375350527 0.085895118876268
2.65367 37.8519246095461 8.0430196930871
2.6563 17.3662087286565 5.4478675463274
2.65893 24.9177901352321 6.52570859549947
2.66156 30.338215142781 7.20056890956494
2.66419 54.8602572552672 9.68276965202372
2.66682 50.3857697385873 9.27947726639696
2.66945 60.8186057455951 10.1949869946837
2.67208 50.115143928564 9.25447571377753
2.67471 53.2056869425879 9.5355388372045
2.67997 0.0436296965811609 0.273058106311729
2.6826 11.9542483689784 4.51984974751794
2.68523 0.03665483795391 0.250280719779092
2.68786 10.0431832246962 4.14282243190693
2.69312 18.9702349667542 5.69370218134407
2.69575 6.542752598747 3.34377867686164
2.70101 12.0658392330957 4.54081421336642
2.70364 3.77815927356947 2.54093469439912
2.70627 3.76319878207061 2.5358896895341
2.7089 34.4840944688148 7.6764353616854
2.71153 9.85021719935311 4.10271636569215
2.71416 7.16309834146231 3.49862546782017
2.71679 1.58916366862039 1.64789568410758
2.71942 9.023952789063 3.92683104472976
2.72205 27.9721975978844 6.9136200472354
2.72468 47.2235283203063 8.98296767250135
2.72731 8.87988902600731 3.89531690589764
2.73783 30.3395117035058 7.20007373294609
2.74046 31.5682576818929 7.34440069282306
2.74309 0.0131077279287166 0.149655668605922
2.74572 3.68473146374366 2.50917406327359
2.74835 65.2955014891041 10.5625287748244
2.75098 37.181933112806 7.97059353780192
2.7615 0.0273716178283984 0.216256185061271
2.76413 7.49962582024452 3.57961654941629
2.78254 0.00178676897048011 0.0552509501426077
2.78517 0.4895618075649 0.91455056122505
2.7878 4.02952206672495 2.62379035170272
2.79569 19.7821348271686 5.81345288944017
2.79832 26.8488909570293 6.77265822402167
2.80095 0.817578021063591 1.18184123974599
2.80358 2.92805393268419 2.23657351819433
2.80884 0.0188520933843666 0.179461645539219
2.81147 5.16535423842155 2.9705783787135
2.82462 10.3551921508609 4.20596419478468
2.83514 1.96442449393002 1.8318950294965
2.84303 0.0760847779994517 0.360519799325377
2.84566 44.3340518486466 8.70258051732962
2.84829 26.4530785488429 6.7222793250627
2.85092 8.30841962554403 3.76735686544658
2.85355 31.2113492981473 7.30185034245924
2.85881 0.0368459908254807 0.250882279546906
2.86144 10.1141531041419 4.15660480128311
2.86407 5.09214108638302 2.94932948839688
2.8667 22.8293236288426 6.24480249296653
2.87722 26.4969884738343 6.72770386726298
2.88248 7.95441348251987 3.68613215539088
2.89037 28.932460253637 7.03002420652605
2.893 35.2437566398653 7.7589747862532
2.89826 9.54545257659133 4.03793866229165
2.90089 27.7805271999897 6.88859804218679
2.90352 8.04326296223719 3.70660219419237
2.90615 36.3949032234669 7.88459466130577
2.90878 18.1793732449387 5.57247056055895
2.92193 2.73472797295019 2.16128285464407
2.92456 10.7208861660146 4.27926445681512
2.92719 0.0673313449113072 0.339126455939542
2.92982 18.4483738362801 5.61346881469101
2.93245 6.87250789676931 3.42617179218858
2.93771 0.0806645561649699 0.37118581447743
2.94034 22.1015916042784 6.14413873476964
2.94823 0.0132820715265676 0.150619039300983
2.95086 3.63920579844707 2.49315635841513
2.96138 8.87835525596854 3.89412095696979
2.96401 0.015337646155165 0.161853381514154
2.96664 4.20242058677979 2.67911539667413
