-0.19758 725.583889405378 40.898204482332
-0.19491 790.510521277842 42.6727505148147
-0.19224 340.715685895138 28.0045844736832
-0.18957 1850.267976624 65.2358794161977
-0.1869 446.742491788552 32.0430500812519
-0.18423 895.01823399544 45.3374455950549
-0.18156 421.591353207319 31.1044636942023
-0.17889 2458.64898945407 75.0863123135811
-0.17622 1690.72098629505 62.2420656437019
-0.17355 2110.67636299054 69.5175150590934
-0.17088 191.521521420936 20.932807215826
-0.16821 1562.59691190222 59.769180869339
-0.16554 19.0993355381033 6.60538244495552
-0.15753 760.713716235251 41.6393321628733
-0.14952 30.2841684350733 8.29858635286662
-0.14685 392.23103331241 29.8539224585261
-0.14418 340.788394911776 27.8167783244633
-0.14151 909.143696751836 45.4165956064748
-0.13884 108.813142495316 15.7062584488295
-0.13617 982.064429389437 47.1667202785592
-0.1335 252.245180491584 23.8951974949158
-0.13083 1217.8283679458 52.4838394883733
-0.12816 276.307224040973 24.989750327581
-0.12549 406.224981371042 30.2888109552546
-0.12282 328.05683364486 27.2086153209703
-0.12015 2254.27135063569 71.2964405992113
-0.11748 677.585499746966 39.0732496866303
-0.11481 129.043262251616 17.0450290849121
-0.11214 120.857483054943 16.4891900055376
-0.10947 1088.0688829116 49.45646662519
-0.1068 97.9635970757192 14.8340405828652
-0.10413 1046.45029826095 48.4639140058133
-0.10146 854.451930970873 43.7758866688327
-0.09345 1762.49448121347 62.7407977009561
-0.09078 549.946023444348 35.0196141489898
-0.08811 673.090164088835 38.7126230705066
-0.08544 629.904608364627 37.42118227322
-0.07743 1007.05828781688 47.2059444618778
-0.07476 691.470964586765 39.0857459695359
-0.07209 2263.51276339708 70.661755324158
-0.06942 1063.91736275447 48.4069683686526
-0.06675 2139.80696448237 68.5964582595968
-0.06408 2727.12184995691 77.3796200258199
-0.06141 3892.48919129276 92.3735048777266
-0.05874 1897.57639517164 64.4454420913697
-0.05607 2840.63742823721 78.7877678239104
-0.0534 1335.91826645199 53.9881717549484
-0.05073 4391.47668929996 97.8072865130332
-0.04806 1927.65287150838 64.7495918308295
-0.04539 5891.78821186347 113.110348645558
-0.04272 4239.77167630435 95.8750545257274
-0.04005 7849.66998777782 130.351235991489
-0.03738 5506.01322868388 109.084386989692
-0.03471 9274.43194564006 141.462586689974
-0.03204 6703.52654822841 120.171924332705
-0.02937 11416.8546196006 156.703047792764
-0.0267 11363.2597304341 156.209692658917
-0.02403 15937.2618160077 184.848150864735
-0.02136 19383.1576699259 203.69093761171
-0.01869 26374.7557916212 237.412888324201
-0.01602 26460.4883982105 237.606905358863
-0.01335 34761.4555340692 272.118835407361
-0.01068 35279.1163401707 273.916003684582
-0.00801 38857.0923602318 287.238115908962
-0.00534 36956.2743914964 279.897360293008
-0.00267 38947.613518959 287.106058116679
-0 37005.6772307345 279.629350640944
0.00267 37880.104377047 282.680416354059
0.00534 35379.8160162756 272.965853561397
0.00801 36626.9307373325 277.504866517131
0.01068 33041.024422407 263.351802906718
0.01335 33182.0081713026 263.69353378388
0.01602 27151.462438225 238.332221766986
0.01869 26471.9922451223 235.134772178996
0.02136 20924.8185655533 208.877271194931
0.02403 18186.0557525427 194.565473429809
0.0267 14153.3074659432 171.498788944758
0.02937 12531.6414467605 161.239345015199
0.03204 9802.24730464492 142.483382391286
0.03471 9505.637528597 140.192809797554
0.03738 7201.50412710098 121.921368890018
0.04005 5834.00764112909 109.643832346273
0.04272 3886.45160026993 89.4147580577093
0.04539 3818.31927774543 88.5523177284637
0.04806 560.621333491361 33.9023055779921
0.05073 2029.92414604859 64.4561424970682
0.0534 1353.56430801079 52.5887930229803
0.05607 4009.1681192285 90.429391206728
0.05874 2076.88473124391 65.0304486775197
0.06141 3633.99625300844 85.9469033715783
0.06408 1667.37258142781 58.1675974897644
0.06675 4265.8397070191 92.959381309628
0.06942 1405.01771859982 53.303702220311
0.07209 3252.67509915173 81.0329564383873
0.07476 990.990822207227 44.6889732727939
0.07743 3056.72800677385 78.4183186226369
0.0801 1939.89588522468 62.4167645929603
0.08277 3832.50024544571 87.6547379376729
0.08544 1979.05059096286 62.9338568297875
0.08811 4854.42510420563 98.4794787576046
0.09078 2098.93397120697 64.6988413589083
0.09345 4503.05514065053 94.6826399626986
0.09612 1879.63197975889 61.1184148913869
0.09879 5073.74600369949 100.327110487434
0.10146 3980.91059194447 88.8071282975042
0.10413 5500.63726794826 104.325530351191
0.1068 2727.6070650458 73.4179310028538
0.10947 4521.7635277654 94.4695743306516
0.11214 4306.02606233485 92.1303699726902
0.11481 6030.55129464518 108.960504140196
0.11748 3463.0881341169 82.5178929968247
0.12015 8345.34659063709 128.015914301129
0.12282 5877.86981564304 107.368484315666
0.12549 6808.65678646759 115.484123163095
0.12816 6643.57772759907 114.003173191398
0.13083 9265.25417223056 134.545326743816
0.1335 6636.70685743727 113.799390130055
0.13617 10786.2968041069 144.985014458948
0.13884 9000.82643504951 132.358272293338
0.14151 11507.8077117897 149.564596390917
0.14418 9842.38145461302 138.230810913488
0.14685 11395.4378627092 148.642214430753
0.14952 11245.1428031425 147.564091200329
0.15219 16133.7168072073 176.639000752711
0.15486 16051.3422864715 176.074266732602
0.15753 17791.7200678377 185.254875079807
0.1602 20039.2897874142 196.481627212596
0.16287 23806.9338816646 214.018965923778
0.16554 28710.8166923835 234.8781862208
0.16821 38273.0485833514 271.010089407244
0.17088 46025.7131945737 297.000958096181
0.17355 57372.697304313 331.381692482859
0.17622 66037.696915283 355.2955448498
0.17889 75053.4598653559 378.526874734755
0.18156 76683.1335004318 382.365302819412
0.18423 81478.7253289486 393.883224653749
0.1869 82598.6594562537 396.322129356492
0.18957 87639.8231400466 407.970396072423
0.19224 86547.1238839941 405.153815284654
0.19491 88990.2551767876 410.563347148615
0.19758 87686.636032551 407.277686091554
0.20025 87321.1079813147 406.160905705404
0.20292 85505.417804585 401.741237795351
0.20559 85571.7479784439 401.723817076165
0.20826 79468.8344492791 386.966546190872
0.21093 71072.756068486 365.79607139975
0.2136 59810.0927660862 335.418485159696
0.21627 51724.386259063 311.788119534759
0.21894 40559.865182572 275.976506447054
0.22161 34588.3827673627 254.742143147899
0.22428 27000.0482821522 224.972578468697
0.22695 23960.7424544847 211.840470850606
0.22962 19260.294853398 189.846056942703
0.23229 18957.7191804107 188.26704786033
0.23496 14036.2495220177 161.926451784106
0.23763 14289.537408782 163.30977083363
0.2403 10415.852897924 139.367388915914
0.24297 10973.0705020384 142.984290348329
0.24564 8787.33832063923 127.897849591498
0.24831 9112.11632708281 130.183025361702
0.25098 9179.96196499759 130.609621423206
0.25365 10635.4652394273 140.521509696048
0.25632 9307.31621255182 131.397305560499
0.25899 11340.3417030927 144.976226909992
0.26166 7531.584030775 118.096279396992
0.26433 10771.1440029168 141.166982328518
0.267 8630.73579217583 126.309239600756
0.26967 11655.1907262622 146.71676024787
0.27234 9926.1550304267 135.337833844338
0.27501 11981.4766664156 148.625167327014
0.27768 10224.1761214769 137.233349882834
0.28035 12952.3247546363 154.39296834823
0.28302 10693.0895643958 140.221057459536
0.28569 12991.2452545296 154.488030949561
0.28836 12124.8815362369 149.181799016315
0.29103 15005.926178087 165.888378206486
0.2937 15670.6913719544 169.44780087979
0.29637 18522.0017360308 184.137798651267
0.29904 18806.6816889739 185.465028507717
0.30171 20766.1245819578 194.811925330017
0.30438 23068.2333366296 205.269892840138
0.30705 27067.41338753 222.290896013344
0.30972 27308.7683198888 223.218147560897
0.31239 30310.1403898989 235.099927722678
0.31506 33986.8405672471 248.882253804939
0.31773 37976.8084614453 263.013300876246
0.3204 40609.3654890784 271.901410838274
0.32307 45810.7868848959 288.710147060236
0.32574 45610.2914585002 287.997914088578
0.32841 48094.2616422156 295.654320004079
0.33108 49783.2751913398 300.717667316636
0.33375 52081.5406766101 307.495432488435
0.33642 52447.0300203221 308.48687212362
0.33909 55740.3921497565 317.936698019132
0.34176 56052.7440499114 318.737699828651
0.34443 58897.1073668124 326.633899978842
0.3471 57824.2978662806 323.555412234499
0.34977 57786.5595386963 323.359815291734
0.35244 53868.3667615649 312.117852248915
0.35511 54068.9821117891 312.61140033118
0.35778 50108.6802174224 300.861169280133
0.36045 48973.1788418525 297.349819191134
0.36312 46058.6200658852 288.285500072624
0.36579 43296.9990763391 279.431251197828
0.36846 39856.4232149751 268.024138927874
0.37113 37683.0120449939 260.541048568316
0.3738 34261.0527728638 248.360336521278
0.37647 34861.5419015861 250.457275075044
0.37914 31075.0218890891 236.398369385006
0.38181 31170.524549662 236.695031571486
0.38448 27356.0208847859 221.677601057013
0.38715 26322.1206616041 217.387206839143
0.38982 23114.5782040867 203.654803313882
0.39249 22642.9391890717 201.509780277276
0.39516 18678.7425321262 182.970694668066
0.39783 20853.8180127873 193.276222830884
0.4005 16447.397235493 171.599425605051
0.40317 18697.6472963901 182.931520880067
0.40584 16184.1035383756 170.163804953959
0.40851 14681.5906682876 162.045582460194
0.41118 12552.0671685155 149.808349815256
0.41385 11665.6254180439 144.397653151205
0.41652 9758.58520217227 132.046609569257
0.41919 10285.3888629947 135.541367738315
0.42186 6807.90511524488 110.254394641547
0.42453 8241.09604674479 121.285611418912
0.4272 7131.66871914077 112.808021538675
0.42987 7942.70706341091 119.02995201198
0.43254 6337.2217539969 106.303850957358
0.43521 8615.95924726363 123.93069889497
0.43788 4348.17092378491 88.0253774227794
0.44055 6633.28125237612 108.704190190372
0.44322 6837.033638252 110.342647573402
0.44589 8885.78540493276 125.772267539666
0.44856 6480.50059373151 107.391194306333
0.45123 6812.90520604751 110.092556828622
0.4539 6259.46592272532 105.508582996583
0.45657 8998.05988812762 126.479730588508
0.45924 7078.5885750906 112.162361559757
0.46191 8873.65022128885 125.560274084635
0.46458 6521.87327301639 107.625342977825
0.46725 8565.88340756096 123.322322213291
0.46992 7146.91652903513 112.626915246864
0.47259 9000.18038079413 126.367570654827
0.47526 8362.3816010471 121.787353043287
0.47793 8565.43074509179 123.236385209577
0.4806 10129.9062235005 133.996724248275
0.48327 12051.0103804475 146.126942317691
0.48594 10366.4322651941 135.506552657715
0.48861 13826.7978287967 156.470869010609
0.49128 12310.6363361703 147.618219679081
0.49395 13856.5425814431 156.586440557785
0.49662 14351.0081921923 159.329022917699
0.49929 16664.1228342423 171.661090124136
0.50196 16362.3461077013 170.075361335512
0.50463 20401.0453629801 189.888898804488
0.5073 19620.9709297908 186.203720061802
0.50997 20953.1257523593 192.400965601524
0.51264 20480.6143416784 190.199359211678
0.51531 21962.619387821 196.940184226666
0.51798 22811.153887982 200.687629197624
0.52065 25056.5331145756 210.311082798532
0.52332 24380.5410782485 207.433083452646
0.52599 26029.9447296508 214.312573302088
0.52866 24654.1963437968 208.550443865528
0.53133 24516.4782261689 207.945435246017
0.534 22827.9183447026 200.635671939704
0.53667 24242.2228884628 206.735877793653
0.53934 22494.4084318231 199.123055621634
0.54201 22976.9157579875 201.226300935249
0.54468 19180.1299727328 183.831215668583
0.54735 19693.4376496141 186.255390809109
0.55002 18457.3206804042 180.296378579131
0.55269 18801.2940348437 181.949608475662
0.55536 14623.9451957906 160.45161787926
0.55803 16174.4281155653 168.725550260143
0.5607 13584.4831088926 154.611750278887
0.56337 13939.8431006114 156.60456672033
0.56604 11066.924707962 139.522255875395
0.56871 12930.7765121126 150.798436126297
0.57138 11507.0865824953 142.239998356947
0.57405 10303.4786635356 134.581538913783
0.57672 8557.67363244909 122.638239112927
0.57939 8619.95798095856 123.07082319094
0.58206 8078.71571970427 119.131927731064
0.58473 8979.83704411962 125.587293111634
0.5874 8454.22051856131 121.843597690198
0.59007 8238.87583778391 120.269181035709
0.59274 6932.18647856934 110.308741592368
0.59541 7555.60423777451 115.149972857456
0.59808 5363.4981231972 97.0080385674955
0.60075 8409.17437690354 121.455289656959
0.60342 5521.59833472624 98.4100495618582
0.60609 7014.11318303131 110.907448721429
0.60876 5674.23664302124 99.7459641333207
0.61143 7783.74112194104 116.816200781561
0.6141 5603.53327504359 99.1076398307818
0.61677 5802.75978692823 100.846473998467
0.61944 6015.77792751125 102.673077636879
0.62211 7061.23511789027 111.229061822254
0.62478 5124.65331894451 94.7496106435683
0.62745 6506.93245316438 106.758037950172
0.63012 6147.8866136491 103.763019126399
0.63279 6618.21558276806 107.650825835978
0.63546 6347.31840574685 105.416667811682
0.63813 6867.22455445349 109.64074861073
0.6408 6350.59043013945 105.427920660075
0.64347 6281.73670853542 104.846918189148
0.64614 6799.80642059111 109.076524238747
0.64881 8716.90483938153 123.489881687714
0.65148 8162.05564173568 119.486048481265
0.65415 10131.3158880848 133.112103933393
0.65682 8766.50621445006 123.812668328548
0.65949 10404.593323837 134.875029328529
0.66216 9129.39336298624 126.330186883123
0.66483 9926.56344023178 131.72033184889
0.6675 10443.8765672098 135.098768928035
0.67017 13783.6046204037 155.191916498566
0.67284 11528.5483488416 141.919530915201
0.67551 14245.333968581 157.745990210539
0.67818 14252.4397276193 157.773394345256
0.68085 15062.3653653813 162.182092009217
0.68352 13600.8673197625 154.101459789042
0.68619 14719.9528639471 160.303792502482
0.68886 13803.5610877608 155.222005365418
0.69153 15042.733370764 162.027311091928
0.6942 14584.7300975063 159.52955945883
0.69687 17209.2344391635 173.276576914207
0.69954 14661.3889095415 159.924040291139
0.70221 16849.0412312638 171.431053053415
0.70488 15336.8426619645 163.548986016305
0.70755 17272.2970191852 173.553309533653
0.71022 15724.6308743726 165.586930096192
0.71289 14896.3712744097 161.158805811735
0.71556 12725.2721990383 148.944786575933
0.71823 15215.7809838224 162.860910131062
0.7209 13003.6698942636 150.549967585261
0.72357 14242.5050757144 157.550161422017
0.72624 12187.0923941667 145.731579965959
0.72891 10366.5732837104 134.399975922506
0.73158 10295.424730012 133.931172162717
0.73425 11498.0402883372 141.530292007549
0.73692 8277.75002646451 120.08025318319
0.73959 8723.89834462306 123.267528566038
0.74226 7070.41333722814 110.966973015866
0.74493 6895.41532554647 109.579546164428
0.7476 6539.05766724633 106.70500950658
0.75027 7205.35551314941 112.003829662687
0.75294 5435.97800052555 97.2796386852928
0.75561 5232.66069473524 95.438219105272
0.75828 3755.52049414135 80.8488862047339
0.76095 5128.26910648638 94.4718256214157
0.76362 3123.49600779754 73.7250899924755
0.76629 6670.73583973199 107.735698604227
0.76896 3750.57463872404 80.7792081535793
0.77163 4500.85178482991 88.4862853020943
0.7743 3868.82001060323 82.0343593269342
0.77697 5895.68939022231 101.263222395687
0.77964 3264.83016783043 75.3516313166919
0.78231 4313.37287729861 86.6061587226674
0.78498 2979.51266144056 71.9765131709927
0.78765 5828.86277400919 100.667205001325
0.79032 4480.82768647887 88.2578052514792
0.79299 3296.18290767852 75.6933206124477
0.79566 3625.24729465384 79.3777212394012
0.79833 5927.6482648107 101.495998694708
0.801 3895.40900916482 82.2744569056223
0.80367 5196.92891739122 95.0264690411069
0.80634 4426.21585045676 87.6940663957881
0.80901 7163.06074084225 111.554203682418
0.81168 6340.52046294097 104.949841112572
0.81435 5696.27934803506 99.4712732658027
0.81702 6849.58378446607 109.072893338694
0.81969 7449.68979341372 113.746106707863
0.82236 5687.10452177529 99.3792588054553
0.82503 8000.43066303925 117.866267807465
0.8277 5709.91303684985 99.570410026546
0.83037 7383.95566553134 113.225119284217
0.83304 5992.00506098332 101.992216293677
0.83571 7344.60372565033 112.914007892194
0.83838 7314.1950098771 112.675527581879
0.84105 9656.15683749521 129.458681851563
0.84372 8603.01992521476 122.190426516527
0.84639 9738.45631507116 129.998836810652
0.84906 9683.6570763309 129.627395553952
0.85173 10526.770593402 135.147296029107
0.8544 9277.95352439113 126.872811417595
0.85707 9580.53207173809 128.91990182401
0.85974 8426.15086465266 120.898927934706
0.86241 11270.6640345813 139.818702651915
0.86508 9512.43957910712 128.445576336644
0.86775 10659.9871979795 135.967219516078
0.87042 9052.33233134513 125.290688856123
0.87309 9969.24067784057 131.477751630638
0.87576 10173.1592966892 132.810320687477
0.87843 10142.376200825 132.603941688369
0.8811 9329.46392334523 127.173783721736
0.88377 9296.4860248166 126.943751546831
0.88644 7646.40851155241 115.1233280126
0.88911 9969.8817194675 131.450504781009
0.89178 8093.09503905972 118.428776271466
0.89445 9726.06817236429 129.82288052879
0.89712 6575.37242072066 106.739564821915
0.89979 8863.1392058434 123.920148023015
0.90246 7129.58327557822 111.13888883227
0.90513 8861.72755363419 123.902198485838
0.9078 7822.00924369837 116.403172025825
0.91047 9205.96778443174 126.277569528758
0.91314 8431.44674498578 120.844913455461
0.91581 7992.4456970809 117.653000096779
0.91848 5381.87081617178 96.5418522320329
0.92115 4942.03294364613 92.5097789056314
0.92382 6183.62775243894 103.476641718869
0.92649 6789.37379321294 108.422981889857
0.92916 5269.75626109567 95.5185192885659
0.93183 6250.75194005651 104.026569828511
0.9345 4255.11921503901 85.8261912742782
0.93717 5910.73702617639 101.151102322011
0.93984 4553.38178723042 88.7774487594505
0.94251 4402.48892552571 87.2912250747021
0.94518 3144.22595300307 73.7673446619887
0.94785 5540.37068249414 97.9179948233679
0.95052 3903.54701695552 82.1880411828368
0.95319 5589.8504733585 98.3478430421987
0.95586 3034.86013156358 72.4635997983408
0.95853 4596.40522939341 89.1754971726159
0.9612 1386.91002263746 48.9831089545818
0.96387 4191.15030400087 85.1480367095147
0.96654 3477.35016224083 77.5564729540236
0.96921 6064.79852731636 102.420724281856
0.97188 5658.93270803788 98.9310761895533
0.97455 7399.06944917953 113.120114112945
0.97722 4570.03530090666 88.8989994887998
0.97989 5940.82368940309 101.355247836625
0.98256 3319.64814206365 75.762578410809
0.98523 6056.40601623707 102.329775394896
0.9879 5867.73893683553 100.720003198073
0.99057 6819.50203737696 108.578160454203
0.99324 5962.00676842176 101.519200234448
0.99591 7859.05094979676 116.552827631044
0.99858 4541.38782655167 88.5967648099017
1.00125 6105.35555773225 102.722841226975
1.00392 5857.00535495667 100.609236241059
1.00659 7210.20197633535 111.625201348241
1.00926 5096.05877178381 93.8413510454215
1.01193 5844.25207168969 100.491656378739
1.0146 4626.60804219804 89.4098539959141
1.01727 6908.93281210288 109.256683186154
1.01994 5279.22718940926 95.5028207091729
1.02261 8969.89597581325 124.483909959497
1.02528 7501.26338399173 113.834844582852
1.02795 7690.0517239306 115.255361062112
1.03062 6563.24481038247 106.474178985499
1.03329 8992.34490152367 124.626376541456
1.03596 6717.58993419411 107.713149995303
1.03863 8271.60194430888 119.521293997628
1.0413 7561.27351409736 114.271107777911
1.04397 8112.58711299689 118.360595091162
1.04664 8218.56568234778 119.12802940225
1.04931 8020.05554170477 117.677414858317
1.05198 7570.92086322564 114.331860990837
1.05465 8509.86404987013 121.211190763168
1.05732 4844.65991446086 91.4537549021297
1.05999 7045.62980328783 110.285467852639
1.06266 6194.88334615676 103.410212750968
1.06533 7225.02354241669 111.6747486097
1.068 5415.59671793322 96.6823043117184
1.07067 7330.21096571908 112.47876916807
1.07334 4700.50146328476 90.0684932617501
1.07601 6978.9741708031 109.745085072624
1.07868 5460.64975721413 97.0733297826994
1.08135 6313.95670279592 104.379940975055
1.08402 3274.43575753252 75.166264008764
1.08669 5819.64772642119 100.20549930901
1.08936 3593.96951918501 78.7442556732955
1.09203 4151.23365709914 84.6269630134219
1.0947 4663.71116274837 89.6962873310947
1.09737 5695.71445890843 99.1222671155609
1.10004 4168.53413025854 84.7963736850782
1.10271 6297.58469048853 104.222698198903
1.10538 4972.18867173998 92.606166350922
1.10805 4173.21202495596 84.8383342402236
1.11072 3311.61054933034 75.5731174665558
1.11339 4599.49377159404 89.0622222695328
1.11606 1999.3028360223 58.7176412717243
1.11873 2790.72183155014 69.371068738797
1.1214 2284.49435922375 62.7633267485024
1.12407 4596.27879229526 89.0235464049619
1.12674 1893.85668960544 57.1433983475372
1.12941 3798.26757896515 80.9237659158875
1.13208 3953.29955366296 82.5570121300345
1.13475 3620.29341528989 79.0017638917346
1.13742 3067.67598744809 72.7211006823427
1.14009 4166.77406196139 84.7513204103903
1.14276 2542.42926393921 66.2005706511964
1.14543 4481.92943676258 87.8942768426242
1.1481 3697.00338375277 79.8258974369711
1.15077 6646.39676257213 107.029331486939
1.15344 2119.32079542959 60.43643326372
1.15611 3625.01097212925 79.0398183561439
1.15878 2735.57746888678 68.660438716218
1.16145 5322.55319818067 95.7707446727347
1.16412 4567.33322580739 88.7145801366335
1.16679 6016.05708167441 101.814684443153
1.16946 3587.66275413687 78.6232594272776
1.17213 4389.52747140216 86.965083060602
1.1748 4072.91588308903 83.7682692905887
1.17747 4729.84197510923 90.2694776482246
1.18014 4837.9673424671 91.2935029079907
1.18281 6631.15925796824 106.879379756307
1.18548 4981.98644691091 92.638445079539
1.18815 6368.44240635565 104.736338865894
1.19082 5517.87398067159 97.4894127578093
1.19349 6545.9438092237 106.181410750837
1.19616 6045.99487052788 102.043895810984
1.19883 5298.30744988019 95.5240021705421
1.2015 2458.92150771909 65.0739567343603
1.20417 6010.10253551871 101.734198791803
1.20684 4755.3239270491 90.4913835095433
1.20951 7118.37159995358 110.713007732883
1.21218 4696.05932198763 89.9220614988518
1.21485 6527.12296666017 106.011141384214
1.21752 4377.5245419109 86.8152565902334
1.22019 7650.34100781212 114.766014546449
1.22286 4961.3297539201 92.4193893178839
1.22553 6236.81066138201 103.618302176979
1.2282 5181.7007748482 94.4457676837892
1.23087 6286.4032694472 104.025209227214
1.23354 2871.44592126036 70.3038232114627
1.23621 5290.60097298492 95.4272192936188
1.23888 4331.6512097974 86.3450901372131
1.24155 5015.09402341986 92.9055351624067
1.24422 3034.38853752612 72.2651295774048
1.24689 5422.6789859434 96.6031482925718
1.24956 2749.48067088518 68.7861193394222
1.25223 3930.8029535528 82.244573122832
1.2549 4119.82094252146 84.1970595353149
1.25757 3687.53629698202 79.6557343802424
1.26024 3640.690262482 79.146533761014
1.26291 6654.6202773209 107.002225897129
1.26558 5467.39165303151 96.9867494625228
1.26825 6907.48024657029 109.011740968971
1.27092 3574.06540041913 78.4125965725957
1.27359 5880.70465633442 100.579717107385
1.27626 3447.03762912034 77.0033953159872
1.27893 5305.69849436181 95.5320908876079
1.2816 3838.65887848883 81.256646816547
1.28427 4393.79453137387 86.9320947251658
1.28694 3818.48437175367 81.0395306635008
1.28961 4624.25756267383 89.1791958061846
1.29228 3009.04338666817 71.9362681276249
1.29495 4655.38780412605 89.4752140701494
1.29762 2971.105427446 71.4784258552728
1.30029 5289.74913978478 95.3728954108913
1.30296 3386.05754442656 76.3041405395579
1.30563 4329.96159400445 86.2852314215707
1.3083 2311.14741573368 63.0379059765877
1.31097 4614.63454158664 89.0738283566896
1.31364 3191.03186084664 74.0696922523435
1.31631 4073.30161631992 83.6838711999079
1.31898 3669.13524427421 79.4225533498154
1.32165 3420.32396046774 76.6812375976862
1.32432 2516.61030339663 65.7744135156393
1.32699 2630.94666174597 67.2509661204779
1.32966 1200.08516637876 45.4194683584261
1.33233 3113.70410854731 73.1590721539081
1.335 3921.1956369527 82.0979439019751
1.33767 3809.53181698341 80.9193403578661
1.34034 2437.53352444025 64.7269787205293
1.34301 3974.99949982498 82.6555617641924
1.34568 3316.6128702228 75.4995631947573
1.34835 3829.90439782274 81.1305686572389
1.35102 1757.66817130457 54.9607312882764
1.35369 3862.54835346684 81.4731537794405
1.35636 2944.86861912369 71.1383896794485
1.35903 4963.60119793876 92.355552942129
1.3617 2728.5192592649 68.4733519981321
1.36437 4813.29885023749 90.9437785552712
1.36704 4941.59829466698 92.146491488399
1.36971 5476.47732506567 97.0039089563337
1.37238 5155.36169723107 94.115610167233
1.37505 5598.68059530055 98.0772863509851
1.37772 3903.14422890851 81.8891565870475
1.38039 4111.0976815119 84.0410556934578
1.38306 2748.91664111174 68.720591534149
1.38573 5685.94240808869 98.8327397737113
1.3884 4344.65493453155 86.3914480386018
1.39107 4982.57618767577 92.5153050266851
1.39374 4432.5879992635 87.2587115736781
1.39641 3762.37882776677 80.390526980737
1.39908 3909.43057914024 81.9452659496121
1.40175 5838.19917812057 100.138305639162
1.40442 4672.85672113008 89.5872312843099
1.40709 5518.31876916247 97.3536797672388
1.40976 4017.50857432777 83.0656528383556
1.41243 5302.62024422671 95.4294533607506
1.4151 4041.30191587463 83.3089994137231
1.41777 4646.89949253668 89.3319894899017
1.42044 3404.28297420173 76.4596471122587
1.42311 5208.66778432581 94.5751172308144
1.42578 3474.789723581 77.2452742333147
1.42845 4904.68452812423 91.7713858870951
1.43112 3016.14931177771 71.9651550181618
1.43379 5709.7007556913 99.0140023655284
1.43646 1988.92741228981 58.437752447538
1.43913 1954.62638813428 57.9308647863732
1.4418 2147.08467048016 60.715113823242
1.44447 3761.30736706895 80.3592241598652
1.44714 1458.12268458928 50.0331044546246
1.44981 2505.22899739847 65.5810290643397
1.45248 2278.26407043072 62.5389574576439
1.45515 3700.56443701801 79.7033703236649
1.45782 1404.00735317844 49.0932163740209
1.46049 4074.66928368579 83.6328836822862
1.46316 2629.48157613258 67.183101448345
1.46583 3142.27829607516 73.4414764389991
1.4685 2716.5531809042 68.2845222925434
1.47117 3006.00709537763 71.8294041377114
1.47384 2309.90299308539 62.9648578181329
1.47651 3802.44177035533 80.7842570480816
1.47918 2927.30998269282 70.880031011855
1.48185 3830.60780822114 81.0806981322862
1.48452 3393.35221365357 76.3118877565326
1.48719 3701.25809488903 79.6978314608427
1.48986 2969.09614386961 71.3802462965044
1.49253 4880.66183682963 91.5164916346089
1.4952 2900.75553704071 70.5520537566661
1.49787 4188.1180020718 84.7730174772665
1.50054 2460.98114728423 64.9825251230908
1.50321 3520.88789990437 77.7254140557004
1.50588 3194.84230360791 74.0382531731983
1.50855 3031.67174743497 72.1218807936005
1.51122 1372.4288933723 48.5249824097079
1.51389 3896.91110193043 81.7664634983751
1.51656 4520.36190663408 88.0635265267813
1.51923 3653.98517796935 79.1748710684763
1.5219 3543.98439532083 77.9730242359205
1.52457 4155.62193675675 84.4327622734067
1.52724 3617.33060750222 78.7737623044059
1.52991 4094.77896364042 83.8102666392811
1.53258 2532.65518745731 65.9120056997634
1.53525 3423.79954543102 76.634647299927
1.53792 2273.00480092386 62.4404002094716
1.54059 4241.74330785866 85.2966935582884
1.54326 1634.2792897988 52.9441093303514
1.54593 4305.77460460855 85.9359054285721
1.5486 4182.25832687519 84.693277807786
1.55127 4897.55381912964 91.6489777903856
1.55394 2986.65571208322 71.5690249555569
1.55661 4428.46246824999 87.1472136816546
1.55928 5024.50373245187 92.8256739308381
1.56195 4055.46823354174 83.3943309054489
1.56462 2977.65169328131 71.4574437977464
1.56729 4311.23294830313 85.9816500918953
1.56996 2417.29607699984 64.3819988678928
1.57263 4727.58992303597 90.0355316333602
1.5753 2329.35624975489 63.1984595865659
1.57797 3473.67802376335 77.1752095983967
1.58064 1958.65263944272 57.9503748367412
1.58331 2540.62422081987 65.9997448388514
1.58598 1315.49285354778 47.4909423241214
1.58865 2789.56513951247 69.1559091144063
1.59132 1770.34211976884 55.0914423879631
1.59399 3900.80981961304 81.7762951669365
1.59666 2818.4427527304 69.5102982574084
1.59933 3503.4540234593 77.4974218004824
1.602 1498.40815383698 50.6813926724595
1.60467 3263.01192115491 74.7887738872221
1.60734 3349.50741472118 75.7724205879613
1.61001 5517.19348572303 97.2463709025478
1.61268 4166.41141641324 84.5062787636189
1.61535 6463.05498049575 105.249594845456
1.61802 4318.51662576544 86.0324738371716
1.62069 4522.85634666341 88.0430574125253
1.62336 1711.06593141605 54.1521489870856
1.62603 2679.78624920692 67.7682086752187
1.6287 2511.78055653534 65.608541130937
1.63137 4374.20611011867 86.579038787286
1.63404 2499.76252117205 65.4494677572045
1.63671 4704.52300578186 89.7859010919597
1.63938 2411.60968602562 64.2831960717212
1.64205 3672.51311708571 79.3266717228541
1.64472 1224.35882200842 45.8021132773924
1.64739 2467.90511117542 65.0262922182929
1.65006 2261.9827067189 62.2533900464422
1.65273 3755.84691381269 80.2169066148765
1.6554 2522.36369157417 65.7369310946679
1.65807 4860.22736374267 91.2488643552123
1.66074 4346.34171845007 86.2888561205635
1.66341 3937.85764142474 82.1327540949151
1.66608 1711.292283332 54.1429703835287
1.66875 3645.37593545123 79.0214046944969
1.67142 2017.96901628792 58.7928391523
1.67409 4881.58645056626 91.4410659955537
1.67676 2335.47908041424 63.2473567572083
1.67943 4082.06023875932 83.6156740916623
1.6821 4167.17854392863 84.4817002868251
1.68477 4314.74540211396 85.9632408083892
1.68744 946.175198241969 40.2545126701944
1.69011 4573.73615196006 88.5029909222663
1.69278 1031.88881544452 42.0370708711922
1.69545 3542.39820111495 77.8857997703606
1.69812 2042.09523056594 59.1345355239651
1.70079 5410.44232033774 96.2529898462899
1.70346 3398.33703602952 76.2828691979529
1.70613 4308.8346741969 85.8953518883991
1.7088 3324.68694370651 75.4503187752934
1.71147 4937.84232824673 91.949688307533
1.71414 1682.63097811455 53.6749989447393
1.71681 3363.9792864623 75.8927365634986
1.71948 1131.2113098163 44.0089875821126
1.72215 3213.43094527994 74.1737004908266
1.72482 2792.60146716578 69.1458139483643
1.72749 4743.01849600167 90.1124449585619
1.73016 3151.913579701 73.4582311591553
1.73283 5039.35270287066 92.8830879370686
1.7355 3545.97770498885 77.9135906695392
1.73817 4321.33779483944 86.0102635748682
1.74084 3710.1508050825 79.6953354959187
1.74351 4294.36361921376 85.7398028866556
1.74618 3527.58530500044 77.7083677761513
1.74885 4166.23612319577 84.4494675652515
1.75152 3925.36520844037 81.9711374075345
1.75419 3194.42779591601 73.9457836752384
1.75686 2752.77196495009 68.6432673236981
1.75953 3997.2442143209 82.7159231395959
1.7622 3474.66825560256 77.1190025483726
1.76487 6756.84948831647 107.540686296976
1.76754 3032.06953705584 72.0387569698044
1.77021 3826.07971177265 80.9225555398301
1.77288 3307.81814938974 75.2418293281365
1.77555 4083.94069508622 83.6034494844196
1.77822 3899.19258069303 81.6897894117151
1.78089 3648.01262976327 79.0140914404774
1.78356 1754.37850594176 54.7941233644871
1.78623 3594.65264950908 78.4326249149509
1.7889 3366.57274160549 75.9028766841423
1.79157 3932.10629001435 82.0300183726105
1.79424 2838.77869707787 69.6982546821429
1.79691 3192.18311798779 73.9087712933499
1.79958 1207.24387773167 45.4512194403569
1.80225 2620.08513237563 66.9578594754345
1.80492 616.58102687576 32.4813961735877
1.80759 3526.18415033702 77.6761791482242
1.81026 1438.59766031831 49.6136050231346
1.81293 3098.15028376865 72.8078321421625
1.8156 1411.28806714421 49.1394673121321
1.81827 2027.16888951957 58.892952222731
1.82094 1809.66417353876 55.643328765092
1.82361 2715.11602148459 68.155993743187
1.82628 1429.27447185967 49.4496732177121
1.82895 2475.08231458593 65.0723034484957
1.83162 782.067058932056 36.5779281745822
1.83429 1434.95075193028 49.5463142895352
1.83696 1280.32310074414 46.8002739107829
1.83963 4236.78502866782 85.1339075544716
1.8423 2275.92495226318 62.3963334940646
1.84497 4120.84654945386 83.959350858881
1.84764 2100.01917299654 59.9353753361957
1.85031 1975.70076104783 58.1336955214806
1.85298 419.202572414014 26.7778106408157
1.85565 2437.40438800229 64.5687887307065
1.85832 1831.23169265835 55.9662542905351
1.86099 3394.92520861364 76.2018380952743
1.86366 2158.68698933127 60.763240530214
1.86633 4805.87286401074 90.6625597907645
1.869 1903.77771940242 57.0618313684235
1.87167 3837.87391624624 81.0174715934378
1.87434 1896.68948913981 56.9543894575897
1.87701 2955.6657491076 71.0971986543925
1.87968 2351.79280966421 63.4191046705173
1.88235 3492.40833403941 77.2820854526602
1.88502 4335.73883297522 86.1080252825622
1.88769 3014.28590594762 71.7959657079437
1.89036 2725.88774935581 68.2743464049612
1.89303 2782.54001610696 68.9794971362957
1.8957 1843.76561011943 56.1497616414939
1.89837 3341.80750586078 75.59299005553
1.90104 2289.2590224296 62.5653966631693
1.90371 3608.28121437719 78.5476578719011
1.90638 2055.5614109439 59.2849687434999
1.90905 3351.94264529234 75.7048969432571
1.91172 2227.92794885852 61.7195242694433
1.91439 3534.72715677337 77.7403091149703
1.91706 1897.0746749309 56.9517198886133
1.91973 3953.00825204105 82.2100300338024
1.9224 2793.5151210984 69.1087082336318
1.92507 3378.84866355405 76.0042622588962
1.92774 1516.99084233082 50.9262118907768
1.93041 3030.30193120375 71.9762407171844
1.93308 2183.9756741686 61.1035471498882
1.93575 4192.25157794061 84.6569285648681
1.93842 1947.29449494826 57.6966998110512
1.94109 4137.05171557775 84.0963109031687
1.94376 2599.10884583966 66.6561182431008
1.94643 2961.83470083141 71.1548501872649
1.9491 1966.81025562103 57.9831289083724
1.95177 3347.13132694352 75.6402762622713
1.95444 2222.25134392447 61.6324786236845
1.95711 3192.36925980223 73.8696293572572
1.95978 1640.76263764392 52.9576315394745
1.96245 3685.56485379847 79.3695683124431
1.96512 2179.1373735717 61.029611952446
1.96779 4079.18591616452 83.4990180733133
1.97046 3299.92042522056 75.1004720447245
1.97313 5213.43571907035 94.395058318989
1.9758 2894.81761110731 70.3386720729307
1.97847 4596.16822121807 88.6294050747654
1.98114 3949.29063867897 82.155328867666
1.98381 4195.89540764334 84.6807764986706
1.98648 2826.52943944429 69.5017236907744
1.98915 3642.93390244831 78.9025026981183
1.99182 2454.51262517894 64.7655536132095
1.99449 5088.09032231022 93.2470641537881
1.99716 2539.26434362556 65.8730894119188
1.99983 3063.28670391237 72.3510539272951
2.0025 1672.84955271526 53.4659156372299
2.00517 4201.54321420099 84.7325958373311
2.00784 1995.67136202269 58.3966769409494
2.01051 3297.73289671836 75.0669702052049
2.01318 2748.52729178419 68.5312579340997
2.01585 3375.93763138653 75.950985187767
2.01852 2952.00939255061 71.0219511442742
2.02119 3876.89170126386 81.3903833295259
2.02386 2100.01287855501 59.9017852267356
2.02653 2874.41135903248 70.0810780995713
2.0292 1596.01412747403 52.2206420335776
2.03187 5110.97062497443 93.4486563229786
2.03454 2733.23557629072 68.3372390422876
2.03721 4477.90647468733 87.4689539166802
2.03988 3528.94285063302 77.6490708187776
2.04255 4763.1702166069 90.2110065541809
2.04522 3674.80469681242 79.2366555373007
2.04789 4365.89980158474 86.3661209767968
2.05056 2236.19827515949 61.8100668509216
2.05323 3159.22797934281 73.4669600616334
2.0559 2517.08876096817 65.5765219259916
2.05857 2925.10249568104 70.6914979837954
2.06124 2763.60125717692 68.7118842713778
2.06391 3576.83930300789 78.1702334544874
2.06658 2218.04028388177 61.5565024936795
2.06925 4135.60113932173 84.0535521182162
2.07192 1733.79350148948 54.4230604826435
2.07459 3457.09359177593 76.8488496107574
2.07726 3007.09008591734 71.6724991945898
2.07993 4172.51267456736 84.4258978848236
2.0826 1842.25801052237 56.0982882223823
2.08527 5073.63043908878 93.0960649961755
2.08794 2692.23268996096 67.8149948005915
2.09061 3670.88828325472 79.1867550708337
2.09328 1796.73958283337 55.3996546364865
2.09595 2303.73260699321 62.7303991403058
2.09862 2270.04179657445 62.2696564439458
2.10129 4110.99192571226 83.797367992718
2.10396 1775.40508753167 55.0685079765396
2.10663 2587.90172764169 66.4853537488971
2.1093 1745.5033652887 54.6021762533841
2.11197 2335.42155180089 63.1582027065955
2.11464 1512.03987142811 50.8190165448569
2.11731 2311.36273477206 62.8313226024588
2.11998 2333.16526142188 63.126601997823
2.12265 4535.37174904742 88.0123506996797
2.12532 2223.7403041251 61.6278082515521
2.12799 3292.73382090223 74.9912365114864
2.13066 3919.10836232549 81.8131947206612
2.13333 3603.28251052887 78.4470083775745
2.136 2684.2079125166 67.7068826962675
2.13867 3139.86583599294 73.2281060471324
2.14134 1919.18097359725 57.2502957030156
2.14401 4376.47602276878 86.4528987188113
2.14668 1534.0747230666 51.1844514366448
2.14935 2935.17197830848 70.7993198669855
2.15202 2102.57090901816 59.9218410481027
2.15469 2405.51539898264 64.0931190138102
2.15736 994.555397229293 41.2115869394625
2.16003 3390.75578477936 76.0940357022128
2.1627 2459.9895814958 64.8136544200062
2.16537 2464.66645764489 64.874864792179
2.16804 1808.74867717112 55.5755813970063
2.17071 3226.72515147606 74.2289644150198
2.17338 1702.88264976192 53.9240233167795
2.17605 2371.93304773885 63.6412430191197
2.17872 758.783432217626 35.9951405165154
2.18139 1732.85410317819 54.3955617227108
2.18406 521.614378720474 29.8438436840485
2.18673 3211.31540134998 74.0489616901738
2.1894 3148.41212777654 73.3197192509509
2.19207 2446.45287748288 64.6310103793505
2.19474 1477.338424016 50.2238530173722
2.19741 2769.26193605844 68.7621680678675
2.20008 1691.64337853031 53.7426976924636
2.20275 1753.81602843597 54.7211654708008
2.20542 2574.27673438566 66.2963020401788
2.20809 2774.03185231161 68.8201758190738
2.21076 1332.6760118216 47.7002564303273
2.21343 3583.20431789846 78.2154552309896
2.2161 3955.84167285271 82.1816031526719
2.21877 4340.75681648449 86.086738375338
2.22144 1278.11272149976 46.7128615184479
2.22411 2556.85713652167 66.0698760238617
2.22678 1626.80420341252 52.7006862968956
2.22945 3044.33595905505 72.0930308556486
2.23212 1736.42869557882 54.446985504495
2.23479 2810.37826177836 69.2669585754923
2.23746 2816.89553258159 69.346966447656
2.24013 3071.41937215009 72.4119135352903
2.2428 3244.51711011123 74.4241470905692
2.24547 2441.82831733384 64.5646442036278
2.24814 2330.98933099009 63.0820370750593
2.25081 3865.88221382878 81.2378166153721
2.25348 1717.13165066015 54.1419754538005
2.25615 3128.54658460033 73.0805792918644
2.25882 1170.80824468238 44.7066287222177
2.26149 3061.44342906683 72.2920469542636
2.26416 1210.74661847972 45.462404547173
2.26683 1712.78781413621 54.0724340039727
2.2695 1076.4011683379 42.8656668613718
2.27217 1948.0452495535 57.6660748871807
2.27484 1238.59684561213 45.9816152666232
2.27751 886.077797441323 38.8913960497924
2.28018 1132.1621131355 43.9612751849968
2.28285 3349.28214592902 75.6119097108357
2.28552 1128.58178316299 43.8913788994564
2.28819 2024.10068314182 58.779668141557
2.29086 2398.18910374375 63.9810191803855
2.29353 1984.33225988927 58.1989306085637
2.2962 1926.80802954957 57.3489405160342
2.29887 2893.15925554674 70.2733589278381
2.30154 1679.33977300373 53.5392524007119
2.30421 1636.81824325051 52.8569145650569
2.30688 832.928477125939 37.7054388039536
2.30955 1865.83585469586 56.4332972201794
2.31222 1764.58879283509 54.8806227423126
2.31489 3312.05393208428 75.1873081677124
2.31756 2304.90705129595 62.7221748816579
2.32023 3106.30121113563 72.813976270201
2.3229 1236.29403501287 45.9359196996244
2.32557 1894.77897240325 56.868185501365
2.32824 522.970916839311 29.8763422721421
2.33091 2714.73404418981 68.0692344112916
2.33358 894.675220791021 39.0767548281902
2.33625 3632.26452703782 78.7359522461285
2.33892 1229.08941575631 45.8009675980822
2.34159 3321.56373524933 75.2926829457445
2.34426 1567.97507985883 51.7308506434292
2.34693 2426.20325930311 64.3490584566009
2.3496 1093.20049665794 43.1943636317304
2.35227 2406.55062693131 64.0874859372746
2.35494 1656.28462655214 53.1669544411879
2.35761 2814.86419394529 69.3109075241266
2.36028 930.654068319746 39.8534172467071
2.36295 1339.499169612 47.8124737802144
2.36562 1481.88113522655 50.2892592556029
2.36829 2958.36111888377 71.0546837688685
2.37096 1109.45225126374 43.5130964917683
2.37363 3568.7555514311 78.0409677869015
2.3763 1789.19332320824 55.2575269573789
2.37897 3425.06590183521 76.4532302838908
2.38164 1738.82442758035 54.4738165617804
2.38431 3506.12129301591 77.3520752540113
2.38698 2456.59611878515 64.7476404229994
2.38965 1885.84659593193 56.7294810181831
2.39232 808.697923400312 37.1490196409508
2.39499 1902.35042970274 56.9767951962627
2.39766 1307.88275098058 47.2428106079141
2.40033 1679.8409947391 53.5406910945894
2.403 945.126204166452 40.1599361924172
2.40567 2901.67012751368 70.3671831191068
2.40834 1260.92702122533 46.3862385672188
2.41101 2986.83112145158 71.3916714783383
2.41368 2098.99873583839 59.8475449291581
2.41635 2813.42484026857 69.2876679719738
2.41902 881.26805823747 38.7784400827927
2.42169 2258.86894492024 62.0840260383503
2.42436 919.877483486173 39.6184411820944
2.42703 3393.89918358503 76.0991652634915
2.4297 1069.63094951851 42.7213963568871
2.43237 2220.87535639026 61.5585789863057
2.43504 2968.12036599832 71.1648080940893
2.43771 1713.24037827351 54.0669303756234
2.44038 2437.02753792886 64.4838286922299
2.44305 4610.60257924457 88.6946606060512
2.44572 3064.98578926459 72.3154176740427
2.44839 3321.00742049752 75.2748023360136
2.45106 1956.31207698489 57.7739156803995
2.45373 1710.73039759972 54.0258434602267
2.4564 1149.27842048367 44.2814088907177
2.45907 1560.38706899002 51.5968287630821
2.46174 1565.61637491285 51.682980440745
2.46441 2653.96781936954 67.2900318165233
2.46708 1225.10615586066 45.7180610040775
2.46975 2830.82519555785 69.4953109205957
2.47242 1524.72717987011 51.0026898953397
2.47509 2593.09094956599 66.5125991696692
2.47776 1627.58583232895 52.6944686307612
2.48043 2931.26332960371 70.7161373779593
2.4831 1523.03247859846 50.9734149479162
2.48577 1867.29106522459 56.4408039721561
2.48844 675.784062131622 33.953862735702
2.49111 3196.34783256078 73.8431589670762
2.49378 1566.41246798714 51.6933110177118
2.49645 2377.53830422881 63.6858691114908
2.49912 1212.48399081688 45.4794662729861
2.50179 1911.09742337285 57.0975128968854
2.50446 2417.58093693033 64.2192195817969
2.50713 3679.2917304817 79.2237433133622
2.5098 901.708414513288 39.219769996071
2.51247 1720.14542650211 54.1693093216477
2.51514 2126.90746961115 60.2342834552951
2.51781 2778.86031372023 68.849619234494
2.52048 2185.35817955143 61.0559837261718
2.52315 3150.86683815736 73.3129471188917
2.52582 2283.11264886245 62.4062458831744
2.52849 3057.25012455624 72.2151982653477
2.53116 1067.57931840775 42.6738604416004
2.53383 2307.25495624795 62.734780794879
2.5365 1341.1883526504 47.8304219390842
2.53917 2242.19678435795 61.8436227841419
2.54184 1305.9820972995 47.1981967117902
2.54451 2273.19056120356 62.2692235754365
2.54718 685.473490177382 34.1939753873782
2.54985 2867.66464286604 69.9386392253785
2.55252 1306.95397317091 47.2152048528537
2.55519 3377.20972337096 75.8978513775494
2.55786 2356.53104544547 63.3994927402597
2.56053 2528.85886562348 65.6765348160339
2.5632 2262.77055504316 62.12507532209
2.56587 3043.51644869235 72.0498746964635
2.56854 1356.98723574456 48.1096302177659
2.57121 4172.4479169601 84.3603424360191
2.57388 874.163722005584 38.6133957120973
2.57655 2367.91871091633 63.5511970054175
2.57922 1126.3635628556 43.8306964152347
2.58189 1947.30626329791 57.6308386188237
2.58456 1314.90123843663 47.3568830795269
2.58723 2853.98968078875 69.7688358832857
2.5899 747.381056921109 35.7030283452051
2.59257 1841.13575724429 56.0371000523185
2.59524 197.862484883546 18.3701714492618
2.59791 2543.53840934412 65.8641914004474
2.60058 685.69983748407 34.1976459415551
2.60325 2305.39399866251 62.7048443969654
2.60592 671.403385393812 33.8391624791143
2.60859 3259.8142461859 74.5630382359564
2.61126 2105.4588777277 59.9238734298569
2.61393 3031.44756653212 71.9036362449254
2.6166 562.902168355253 30.9842944390409
2.61927 2180.60185466072 60.9835448980479
2.62194 2478.82967855834 65.0200273418132
2.62461 1996.19636624904 58.3478370590783
2.62728 1476.00537945686 50.1725793241893
2.62995 3987.84679850688 82.4690549623873
2.63262 1413.9382507521 49.1062006176839
2.63529 3027.51045381028 71.8560375540887
2.63796 1635.00980666093 52.8055957751564
2.64063 3292.97277204806 74.9399092400393
2.6433 2775.90648305486 68.805132487175
2.64597 3620.40300322198 78.5771377300213
2.64864 1109.6839233686 43.5027509389156
2.65131 2872.024939364 69.9858923001109
2.65398 1115.47352371494 43.6159524740487
2.65665 2543.71611195446 65.8641929994494
2.65932 1625.90535282778 52.6577152806655
2.66199 3261.79800722029 74.5834107396241
2.66466 1164.51557731585 44.5641560743534
2.66733 896.33544858603 39.0973793859415
2.67 283.135196619907 21.9739746555858
2.67267 1799.24683967983 55.3931918266887
2.67534 938.528536401607 40.0068247856274
2.67801 1128.96711803977 43.8783528827929
2.68068 202.822211177225 18.5980218468257
2.68335 1977.0660400532 58.065599203342
2.68602 910.551098650257 39.4057694574498
2.68869 1561.42922911558 51.6021896047064
2.69136 528.086733278741 30.0095120033691
2.69403 2412.90759497454 64.1469448331023
2.6967 598.922509063345 31.9587861822066
2.69937 2358.34761431594 63.4173652920275
2.70204 585.716462370934 31.6044075067435
2.70471 1843.93096847098 56.075867328024
2.70738 192.269061768813 18.1074838591369
2.71005 2059.08462224647 59.2570781711235
2.71272 918.150951372441 39.569440826848
2.71539 2697.7714486346 67.8274013915723
2.71806 961.364726638229 40.4898740776899
2.72073 2228.27298965722 61.643354658819
2.7234 1198.51838871445 45.2089219392131
2.72607 3774.81294178304 80.2323015305004
2.72874 1214.39831995071 45.5073812488337
2.73141 2091.28102258708 59.7182670612288
2.73408 2206.93660416524 61.3473292012554
2.73675 2741.07388536487 68.369253029484
2.73942 532.254767130517 30.1272836744478
2.74209 2167.28526830441 60.793615036208
2.74476 1788.85350158022 55.2315269555857
2.74743 2554.58637415799 66.0023943895475
2.7501 1138.18551216659 44.0560599638533
2.75277 2003.21572722187 58.4470668853835
2.75544 806.374334857679 37.0823238071059
2.75811 2338.8783497429 63.1541862022869
2.76078 1368.02707831028 48.2998081853871
2.76345 3577.07193150202 78.1019053068867
2.76612 1830.59141214101 55.8718735826711
2.76879 2047.20895959168 59.0851502577352
2.77146 626.980541693736 32.6982132359336
2.77413 1568.75584539758 51.7218918259821
2.7768 672.377485429722 33.8612539780512
2.77947 1039.81385960624 42.1089090164103
2.78214 370.819369982058 25.146475724215
2.78481 1821.98507949789 55.7401409199127
2.78748 981.724339893499 40.9157170257862
2.79015 2188.19648525888 61.0855203770656
2.79282 740.918968143226 35.5451383750723
2.79549 2948.18803847889 70.9042349416453
2.79816 727.7147985397 35.2269401510826
2.80083 2538.62085775503 65.7950089883545
2.8035 1272.07991873303 46.5747465023722
2.80617 1382.11622685042 48.5472749415045
2.80884 1006.83825450003 41.4354157667475
2.81151 2437.8581627109 64.4755917630821
2.81418 707.016509994051 34.7220349703268
2.81685 1552.06305219406 51.4451390496161
2.81952 688.206905608115 34.2569308496784
2.82219 1140.07943403538 44.0915906222199
2.82486 873.357333388555 38.5907722209991
2.82753 2614.79167707319 66.7736787180862
2.8302 1415.93556749064 49.1369023478303
2.83287 1647.10318584515 52.9963189698929
2.83554 654.699167815996 33.4122305086963
2.83821 1240.28251770943 45.9879614143047
2.84088 693.023435409352 34.376137711163
2.84355 1332.75193021126 47.6713063051608
2.84622 979.63360034386 40.8708341668987
2.84889 2068.61520806261 59.3910214636112
2.85156 917.837570197384 39.5606233706939
2.85423 1513.2227840775 50.7961643238092
2.8569 252.002826637437 20.729148483034
2.85957 1379.40935664058 48.4980875083026
2.86224 697.90933331074 34.4966406678848
2.86491 558.569117273923 30.8613581516109
2.86758 523.538636928119 29.8779100999237
2.87025 1079.92635320678 42.9113511679225
2.87292 969.218715397333 40.65231559467
2.87559 1694.01967173717 53.7443593047824
2.87826 694.542480395481 34.4129849765893
2.88093 1930.15811943779 57.3678606772159
2.8836 786.591537027391 36.6223423534779
2.88627 940.136157743751 40.0374246326381
2.88894 118.108478158053 14.1909204533509
2.89161 925.942811274095 39.7339173139982
2.89695 1058.98270816525 42.492499820407
2.89962 71.158623116034 11.0149107283494
2.90229 250.043456553201 20.647875595251
2.90496 246.954184608422 20.5199471107159
2.90763 396.155158095266 25.9896908791496
2.91297 456.493295920253 27.8988618965733
2.91564 384.356691335585 25.5998206402885
2.91831 1353.18760058394 48.0340403500615
2.92098 259.164029855528 21.0212186840366
2.92365 448.151027934265 27.6428706007438
2.92632 378.431961139436 25.4018449495788
2.92899 925.599883972581 39.7267846945858
2.93166 480.730719440244 28.6301169956153
2.93433 1270.89182394995 46.5507724959051
2.937 317.384608961275 23.2630120177707
2.93967 1140.93069875803 44.1065471770101
2.94234 858.793610696874 38.2664561979976
2.94501 1436.08304919245 49.4839129978373
2.94768 412.798987602021 26.5304112871021
2.95035 863.595643624527 38.3734022915733
2.95302 310.397075068551 23.0056394730565
2.95569 580.967687592265 31.4739972803835
2.95836 288.058631007415 22.1623992466263
2.96103 1772.86888241174 54.98130591564
2.9637 39.4124314667707 8.19773303134278
2.96637 1639.65733589745 52.8754551888871
2.96904 208.015254559041 18.8332632719789
2.97171 1149.11424177916 44.2649525548801
2.97438 600.485445608459 31.998532141242
2.97705 696.651511409128 34.4656933644746
2.97972 394.076816014235 25.9220942349993
2.98239 312.236311072194 23.0739400659759
2.98506 115.925708517611 14.0595153518691
2.98773 1097.24098490674 43.254559719521
2.9904 357.233076718428 24.6806805814127
2.99307 1143.98818024816 44.1664489096875
2.99574 578.176904223912 31.3987600281609
2.99841 1383.86520864438 48.5768598934923
