-0.19988 298.375814373963 25.191615625013
-0.19199 1.22067007556294 1.61105215081157
-0.18936 244.903494356719 22.8184784790597
-0.17358 44.0295393911062 9.67238709764593
-0.17095 42.6387466496324 9.51793073996396
-0.16569 40.9632314666904 9.32813618193992
-0.16306 901.528544986495 43.7588837472628
-0.16043 389.007670339282 28.7431456066648
-0.1578 26.3038574083207 7.47383748413001
-0.15517 49.1044550041107 10.2111132162213
-0.15254 47.5533540547475 10.0480533765978
-0.14728 36.0106385250842 8.74307464275446
-0.14465 767.34412744442 40.3573432079803
-0.13939 344.838381575842 27.0515831495412
-0.13676 448.877006142503 30.8622274056512
-0.13413 174.934047653716 19.2654633158257
-0.1315 276.003732784624 24.1979435328707
-0.12887 252.188709883617 23.129300296833
-0.12098 24.1656764016237 7.15871744543738
-0.11572 355.321141371726 27.4475532399356
-0.11309 655.065144372039 37.2661080472857
-0.11046 55.8371282569908 10.8795769730342
-0.10783 32.8094899692288 8.33928638864937
-0.10257 433.247100479424 30.3008163440778
-0.09994 707.718562999183 38.7254207196991
-0.09468 141.871128678294 17.3371624731362
-0.09205 137.392178438957 17.060611283699
-0.08942 384.386109797623 28.5351395270709
-0.08679 575.568838840106 34.9162317529904
-0.08416 196.899150188324 20.4212923805953
-0.08153 1027.09622855664 46.6390225564148
-0.0789 1333.98815144452 53.1498970703228
-0.07627 812.90424152705 41.4885927291827
-0.07364 84.586314590754 13.3826348113795
-0.07101 235.401189757565 22.3243317053379
-0.06838 48.5984927445694 10.1430391889608
-0.05786 28.5452530435144 7.77237759706684
-0.05523 200.339899595843 20.589851999114
-0.0526 861.74131286675 42.7012423854703
-0.04997 1005.56953755527 46.1254548338451
-0.04734 589.087044829156 35.3026165481519
-0.04471 1446.50446118965 55.3171248153863
-0.04208 769.468999841975 40.3438948713455
-0.03945 1166.19460254241 49.6649864142448
-0.03682 1155.80602461458 49.4412942439215
-0.03419 1721.21408785625 60.3319475903053
-0.03156 2778.66647785319 76.6532642133494
-0.02893 2640.58812657767 74.72145467639
-0.0263 3710.25771009645 88.5685559957251
-0.02367 3305.38181744117 83.5931868561121
-0.02104 2861.89622986444 77.7802876244268
-0.01841 3927.20409224263 91.1101739967725
-0.01578 5167.48279699503 104.507436578264
-0.01315 4758.28291613169 100.280234218382
-0.01052 5156.46490201004 104.387566853208
-0.00789 5194.53479116776 104.767987735848
-0.00526 5798.42727994872 110.686055278733
-0.00263 5874.832745752 111.408437738427
-0 6656.52704060042 118.584477139742
0.00263 5361.1587103545 106.418998559507
0.00526 5836.36754980367 111.031701375516
0.00789 6036.90745255739 112.919456130854
0.01052 5396.94575113159 106.763151522677
0.01315 3737.28704632675 88.8405883139461
0.01578 3723.3243257517 88.6715847306305
0.01841 2525.76939558806 73.0300708596867
0.02104 1463.64008045421 55.5914314466562
0.02367 691.490417145692 38.2093481424002
0.02893 252.104358459935 23.0695111029146
0.03156 1425.11199828802 54.8477157179356
0.03419 512.280868015837 32.8831903788126
0.03682 627.933619209437 36.4051292400345
0.03945 936.868736907473 44.466291715141
0.04208 814.893294428829 41.4693989141062
0.04471 1218.16327375825 50.7009325501321
0.04734 724.904601381545 39.1101473284097
0.04997 338.176865671202 26.7120240648781
0.0526 701.397285295605 38.4682753191166
0.05523 400.023057510593 29.050192343864
0.05786 906.086824120261 43.7197057997051
0.06049 160.014057954679 18.3720329369421
0.06312 166.231241346698 18.7249338213408
0.06575 739.499638461246 39.4928768683029
0.06838 974.561572745743 45.3356920340781
0.07101 960.838947795705 45.0139087594798
0.07364 329.626075087695 26.3644080304149
0.07627 869.392941795328 42.8155095347159
0.0789 1366.84264638494 53.6831681578306
0.08153 258.029458287985 23.3238015908383
0.08942 368.178398899402 27.858086679002
0.09205 1338.40973453417 53.1132024299888
0.09468 1583.84636505676 57.776373821893
0.09731 516.732432932912 32.9998848969805
0.09994 1813.98771035133 61.8276220461745
0.10257 2410.72901890264 71.2732827315604
0.1052 1086.54115772297 47.8480592372785
0.10783 1679.97813698049 59.4951717173062
0.11046 2717.82366997113 75.6709552408432
0.11309 1684.91127119308 59.5793506885134
0.11572 1241.38150618276 51.1385668823085
0.11835 2368.22268533663 70.6310812896451
0.12098 2424.6856713924 71.4662472811433
0.12361 1992.75713722161 64.7871848170604
0.12624 2936.18722133933 78.6398111053017
0.12887 3212.7931972478 82.2584727283851
0.1315 3488.72486389427 85.715878816493
0.13413 3903.19206178712 90.6622615442747
0.13676 4289.47139228341 95.0401558682044
0.13939 4406.88106299746 96.3295609639909
0.14202 4258.40451171746 94.6904185818227
0.14465 4739.83694585765 99.8971144258795
0.14728 4453.49516805551 96.8301038823511
0.14991 6691.26995505324 118.686915310667
0.15254 7440.72666866932 125.154048744551
0.15517 10233.4152992542 146.769626238345
0.1578 12593.6930388567 162.813757905143
0.16043 16032.5710869414 183.698155296293
0.16306 20171.0185263934 206.042011456942
0.16569 23685.6008353834 223.266070104853
0.16832 26358.1952733354 235.519580033464
0.17095 27954.8847282342 242.541853784116
0.17358 28463.8204590273 244.73331440261
0.17621 30237.3063885764 252.235786054274
0.17884 32537.1643007733 261.645733568233
0.18147 33416.5324790258 265.150929117987
0.1841 33107.9486162496 263.916930990428
0.18673 34382.2724655266 268.941026596927
0.18936 34370.3613788639 268.887412303295
0.19199 33170.8064522924 264.146639451853
0.19462 32376.7778432684 260.959155986852
0.19725 30647.3192260897 253.887093336291
0.19988 28307.6533605227 243.997267340786
0.20251 23915.8226993202 224.266658711764
0.20514 20184.5422437057 206.025318736675
0.20777 16445.5025136648 185.961828703066
0.2104 13262.4671710783 166.994237890186
0.21303 10158.7648271022 146.150016630674
0.21566 7968.8449457745 129.43901343362
0.21829 8167.95726084776 131.042848141635
0.22092 7272.88649731998 123.651414630001
0.22355 6111.41572305138 113.345866346782
0.22618 4258.09257215708 94.6087729885561
0.22881 3459.02846531994 85.2687734395989
0.23144 2656.67707386776 74.7259454649212
0.23407 2117.89490917688 66.7180468637367
0.2367 1792.9158740813 61.3847035355822
0.23933 602.860574692102 35.5940768058921
0.24196 529.255363131118 33.3496292335697
0.24459 849.230443345792 42.2435334433127
0.24722 864.115156016384 42.611061666973
0.24985 753.167078084757 39.7805964747253
0.25248 19.6275348936711 6.42166414421495
0.25511 256.799493098401 23.227414593754
0.25774 13.8941578345472 5.40267677805889
0.26037 106.718599690578 14.9727651202392
0.263 466.481125755484 31.3031520846165
0.26563 951.775018603519 44.7123260332939
0.26826 285.782795309104 24.5000647197171
0.27089 491.544470984091 32.1306623208687
0.27352 584.010210172759 35.0217277917587
0.27615 485.745326882857 31.9389578456109
0.27878 894.770223659832 43.3472214060482
0.28141 69.212951094019 12.0555842471055
0.28404 403.841935129232 29.1198653013513
0.28667 899.430859033933 43.4566877786952
0.2893 495.693833401704 32.2603119497854
0.29193 1142.38861052583 48.9731242658344
0.29456 1283.5701340353 51.9098476107146
0.29719 1285.37092833318 51.9449415366236
0.29982 717.156222306545 38.7993976349983
0.30245 902.553290474019 43.525767179726
0.30508 1528.06278235405 56.633396108255
0.30771 873.61821092697 42.8208066473364
0.31034 719.282984191692 38.8540143553157
0.31297 877.375909148417 42.9112191683996
0.3156 1734.07962986906 60.3259981959262
0.31823 1528.13613977595 56.6295380707414
0.32086 2142.1687054026 67.0472281290813
0.32349 1862.37246789015 62.5142838990358
0.32612 758.452832488226 39.8935123385183
0.32875 654.456853441213 37.0570199917505
0.33138 1480.24974431413 55.7300554238076
0.33401 1833.44196305419 62.0222556274391
0.33664 1865.662097714 62.5637054337843
0.33927 2430.5793332751 71.4089855772174
0.3419 2620.97902488044 74.1518055825925
0.34453 1703.6609193672 59.7824256866221
0.34716 1340.84961137348 53.0351719600962
0.34979 1208.74479674691 50.3539157157319
0.35242 1118.25019473501 48.4314447370881
0.35505 1023.45183142009 46.3322755053156
0.35768 1207.48714407278 50.3249297136359
0.36031 2077.85930106178 66.0149015706057
0.36294 3188.7961338884 81.7785265578054
0.36557 1675.18094708067 59.271887622193
0.3682 765.557939976517 40.0681157916338
0.37083 1469.18027715677 55.5059351246734
0.37346 750.837371514373 39.6795565882635
0.37609 996.561192452131 45.7128024022088
0.37872 200.870215689808 20.5227532807386
0.38661 985.994264694123 45.4664467810536
0.38924 368.329070792565 27.7884170952214
0.39187 1490.61899922295 55.9011993069625
0.3945 2441.45127348985 71.5408042966851
0.39713 957.627536821087 44.8043405097424
0.39976 994.848966086065 45.6659335994221
0.40239 232.112029329386 22.0574328068442
0.41028 251.234991419842 22.9469183776983
0.41291 871.544825852812 42.7387576478644
0.41817 112.080413110536 15.3259475031326
0.4208 108.547043501004 15.0821825374464
0.43395 134.285247276957 16.7738573915335
0.43658 200.714557329127 20.5069442308493
0.43921 194.386967442717 20.1807734026492
0.44184 124.963486064139 16.1803726219416
0.4471 705.518223123682 38.4447028279514
0.45236 165.05651926472 18.5944855799447
0.46025 977.008907277411 45.237150554358
0.46288 448.000358381764 30.6321780435344
0.47866 38.8648848435552 9.02139476223513
0.48129 37.6396563822795 8.8779058521182
0.48655 336.869760760048 26.5585373950613
0.48918 410.725099497856 29.3252333569412
0.49181 81.8121599538951 13.0878255878367
0.50496 89.9124266895476 13.7193348915351
0.50759 195.251140325568 20.2168370587923
0.52074 14.1031206910327 5.43300552878714
0.526 771.01487782241 40.1698638015729
0.52863 110.36549907644 15.1977350018428
0.53126 227.314243687558 21.810657017703
0.54704 181.650032519553 19.4954151853095
0.54967 39.1316177152311 9.04840164100063
0.5523 108.029595765001 15.0339313982489
0.55756 34.5825244205092 8.50581580993485
0.56019 118.26557171172 15.729322428012
0.56282 95.0532072057406 14.1012448535733
0.57334 197.364480621843 20.3180225686551
0.57597 682.298715108492 37.776997296945
0.5786 507.311163601324 32.5739620292778
0.58649 455.540830777113 30.8657392518697
0.6049 6.34373378264062 3.6419729692482
0.60753 64.7131872257705 11.631956028769
0.62068 112.61366074663 15.3430767414087
0.62331 109.063174236854 15.0989969508882
0.62594 77.1028482077321 12.695106620101
0.62857 88.8178942159578 13.6252189267113
0.63909 276.357199131904 24.0323967693343
0.64698 323.357821086653 25.9943945822154
0.69432 383.809844518705 28.3109205135407
0.70221 251.276092029228 22.9060767090966
0.70484 243.357096295552 22.5419841213821
0.71536 15.6351643305212 5.71348879048105
0.71799 15.1424202389808 5.62267274696204
0.72588 184.719366681751 19.6375087079188
0.72851 178.897913160617 19.3253699876885
0.73903 548.737829790731 33.8444646628548
0.74166 531.444288303657 33.3065059138827
0.75218 20.013842093395 6.46316812230876
0.75481 19.3831032998971 6.36043586042031
0.7627 302.671290231145 25.1330877088795
0.76796 247.092074160185 22.7080397973849
0.77059 154.355551071164 17.9475994503252
0.77322 375.553433941896 27.9947190797794
0.77585 1031.51793324379 46.3952628212744
0.77848 79.3517114639405 12.8679214048132
0.78374 509.303010424175 32.5993077014568
0.83371 176.482710231369 19.1855061561903
0.85212 0.0932347869872982 0.440934868907767
0.85475 0.0902963764307235 0.433925693895696
0.86527 67.9618808018948 11.9039723667224
0.8679 107.924786888441 15.0008050684493
0.87579 125.541085387313 16.1782358767788
0.87842 121.58450091825 15.9210638281552
0.88105 112.443858016829 15.3107193516796
0.88368 371.574348918388 27.8320592964388
0.8942 90.2131052033965 13.713120703495
0.89683 138.061664608384 16.9641766547391
0.90998 157.456368351767 18.115599611729
0.91261 125.505397225731 16.1733227066451
0.91787 731.821975542072 39.0536544365241
0.93891 34.3778477191218 8.46373220669065
0.94154 200.731879141967 20.4515486099331
0.94417 131.498578469857 16.5528966753463
1.00466 338.765285114574 26.5620659139048
1.01781 135.705910474665 16.8111150542043
1.02044 131.430297900982 16.5440499491973
1.0257 106.585528417772 14.8983132991429
1.02833 398.256210882332 28.7982573090828
1.04937 10.9194192324822 4.76826383418539
1.052 10.5753869835706 4.69251412546274
1.05989 124.180745925908 16.0796069089557
1.06252 35.8276328545355 8.63682857804372
1.0783 1077.48179200114 47.3622027817072
1.11249 123.712989490786 16.0470351878825
1.14405 272.496663111131 23.8139209861134
1.1572 227.992851888699 21.7818908664917
1.1835 34.9972960276599 8.53338815753192
1.18876 282.952384465546 24.2635751197965
1.19139 274.037533529625 23.878116531708
1.20191 274.876827772346 23.9140112319031
1.20454 266.217703400799 23.5342202891846
1.2098 212.55761541701 21.0288561921606
1.26766 238.463266176085 22.2712046068049
1.27818 36.7211868415831 8.73943292166671
1.28081 35.5644019974556 8.60063738669397
1.30711 11.8516097420432 4.96468888443863
1.34393 122.728047269779 15.975352719659
1.35445 593.808383508846 35.1394219533548
1.38075 142.640593775399 17.2216709187875
1.40968 107.867825908153 14.9753882181023
1.41231 104.469593670055 14.7375283239512
1.4202 252.61644064137 22.9167604336541
1.42283 105.251338679513 14.7922352821388
1.42546 1259.46461936015 51.1694266430822
1.43598 245.036748922205 22.5695794609222
1.47017 110.528811631085 15.1570279050828
1.4728 107.046748273037 14.9162829145299
1.4991 32.6416913519812 8.23637139861811
1.50173 116.109830005034 15.5339581882613
1.50436 130.758702351121 16.4847124246593
1.50699 517.710881375585 32.8010810953663
1.50962 178.5769651676 19.264407991065
1.51225 181.858488579499 19.440533279975
1.53329 114.700583864183 15.4387343800698
1.5517 59.7898962744679 11.1463285228483
1.55696 14.3908518204883 5.46837215853096
1.55959 13.9375426351861 5.38153729129757
1.57537 27.7761711772458 7.59696385627111
1.58589 218.869907859538 21.3250787981557
1.58852 128.32376597442 16.3286245034061
1.61482 1.00767854299826 1.44692390018185
1.61745 102.821904753507 14.6159374580498
1.62008 98.6381679350175 14.315467025808
1.63586 83.6322249432398 13.1815007938424
1.64375 67.1917507232664 11.8149943796171
1.64638 140.00765588889 17.054955938781
1.64901 72.5721072749378 12.2788797205936
1.65164 37.7619079883553 8.85727261346654
1.67794 72.0135912642798 12.2312816985428
1.68057 69.7454114510971 12.0370959619365
1.70424 239.659932667001 22.3128458005347
1.7095 167.455900147674 18.6512015249682
1.71213 162.181991112306 18.3551345139327
1.72528 57.0088508317705 10.8824267042354
1.72791 55.2133960680949 10.7096803240308
1.73843 700.219341271031 38.1390620711758
1.75421 215.458339385681 21.1559548334858
1.75684 657.420918578436 36.9549319095476
1.76999 3.09598962469052 2.53599705631181
1.78051 411.157937243942 29.2248315040184
1.79892 28.7634165557064 7.72975273733057
1.80155 27.8575088651374 7.60704510476872
1.80944 493.019280475733 32.0017781154071
1.82259 348.975382050883 26.9237198148003
1.82522 337.983756650395 26.496266471452
1.82785 133.019923273309 16.622418667168
1.83311 98.2419595669618 14.2850768736215
1.86204 482.06446639942 31.6429345149804
1.8673 248.449024465844 22.7164803582887
1.88045 126.704654335236 16.2223657297419
1.96987 127.376476190235 16.2655876235034
1.9725 438.282514940467 30.17190465916
1.97513 305.000276145073 25.1695981718406
2.06981 362.381850351119 27.4367223530234
2.07244 350.970514659943 27.001320620715
2.08033 70.3921899804077 12.0924407612877
2.13819 47.9612736605146 9.98144923630696
2.16975 3.11121774859539 2.5421797218847
2.18816 66.9967896879943 11.7967898103469
2.19868 388.19671530093 28.3962095436621
2.20131 361.49686032599 27.4022632805763
2.24076 135.344890399229 16.7670894998844
2.24339 131.082598717157 16.5009688152559
2.24602 251.728077137892 22.8666699530541
2.32492 195.861356762104 20.1703324264644
2.33018 67.4374532398193 11.8355605149553
2.36174 92.5793063016346 13.8673236216071
2.36437 89.6636325517473 13.6472026667667
2.42486 855.531092179656 42.1549289733384
2.47746 31.201459765815 8.05032516583386
2.48009 30.2188057684908 7.92253907452431
2.49061 183.556542146473 19.5258422227244
2.49324 177.775640507294 19.215900573586
2.51954 248.389255754736 22.7137787896421
2.52217 393.417517092234 28.5857569382547
2.5248 148.03709500855 17.5350895619542
2.52743 108.922274308155 15.0411458688207
2.53006 105.491934725714 14.8023975045196
2.56425 325.953121705757 26.0194554418466
2.59581 26.1472641626562 7.36939937851034
2.60107 12.58951841064 5.11355994774158
2.62737 139.085366663264 16.9967365245752
2.63 384.560041472153 28.262300078528
2.64052 657.448454467607 36.953764886316
2.64315 108.786451767776 15.0319681111608
2.64578 87.7749672070996 13.5025060555161
2.64841 69.3242775991591 11.9997534226227
2.65104 67.1412453549029 11.8093214644967
2.65367 181.266931631043 19.4039498355385
2.6563 68.5035721939042 11.92856122112
2.66419 60.4593646648273 11.2063724572682
2.66682 58.5554898998932 11.0285311815779
2.67997 784.966673497507 40.3796443836048
2.68523 326.872387677844 26.0571674561284
2.70627 145.656462499652 17.3943963518536
2.72731 437.800315719624 30.157300048048
2.72994 36.3823700732733 8.69363009959597
2.73257 35.2367873649159 8.55569037536338
2.74309 341.218600716649 26.6243016213061
2.74835 158.731854877633 18.1591872158446
2.75098 153.733816840842 17.87105978418
2.76413 141.014215874792 17.1160388105923
2.77202 746.122914667192 39.371388388903
2.77465 279.671431805442 24.1046503433552
2.79043 236.736199141311 22.1777034384205
2.80095 183.366733120765 19.5186366257482
2.80358 177.592820173646 19.2089186930259
2.84303 205.284638730327 20.6529785293719
2.84566 198.820511464185 20.3252553564304
2.85092 29.2402417416623 7.79467113615789
2.86144 547.304313557446 33.7229495476571
2.92193 274.495117668771 23.8842137821286
2.92719 68.3294647197659 11.9165956451391
2.92982 188.180694685619 19.7759796062453
2.93245 182.256261384809 19.4622917474006
2.93508 298.467328263523 24.9059680600843
2.93771 155.49696473709 17.9770432730724
2.94034 150.601502920676 17.6918902520601
2.94823 16.2691542975203 5.81498911840884
2.96401 54.1349403547866 10.6076434927245
2.96664 6.60951952656852 3.70652818297645
2.9719 296.740648597708 24.8356446787771
2.97453 430.453668437695 29.9124786259449
2.97716 138.551450075093 16.9705926835528
2.97979 101.112372015644 14.4975928592274
2.98242 97.9290829783706 14.2676310801989
