-0.19462 50.6367134779322 10.4016015634838
-0.19199 263.919984783888 23.7445370167065
-0.17884 84.071956219597 13.3953348922813
-0.17621 172.583544734158 19.1905647741602
-0.17358 252.466849802388 23.2086725598623
-0.16043 52.1023185019308 10.5384519694972
-0.1578 464.243350852077 31.4543818594283
-0.15517 515.027158366697 33.1270970260224
-0.14991 300.570544134891 25.3023880557528
-0.12887 302.791082554082 25.3769547128892
-0.11835 297.483679223281 25.1442791454964
-0.11572 553.847489542196 34.3054095079447
-0.11309 633.380749108417 36.6825762707568
-0.11046 167.135996879273 18.8417951375562
-0.10783 35.8955990445987 8.73107572201767
-0.09468 726.088724666365 39.2525253786973
-0.09205 1093.85448332701 48.1754349149137
-0.08942 1151.8716129736 49.4334606278538
-0.08679 1224.31590691965 50.9611040249806
-0.08416 650.353773755584 37.1398389388847
-0.08153 432.245453845339 30.2763487567072
-0.0789 145.972250373327 17.5932684261902
-0.07627 87.838953748049 13.646712622788
-0.07364 5.21240296143701 3.32411889415696
-0.07101 1226.15871971194 50.9804879564374
-0.06838 119.263103018975 15.898522895347
-0.06575 74.5190667221311 12.5663891973319
-0.06312 96.1441834937783 14.2728724761579
-0.06049 467.287015913243 31.4640632481539
-0.05786 2409.20512811791 71.4385954531307
-0.05523 1228.96824889519 51.0198778302516
-0.0526 570.254023959503 34.7517215615055
-0.04997 180.906551196283 19.5723219150541
-0.04734 752.655474975531 39.9196174350789
-0.04471 439.099859451849 30.4889844496362
-0.04208 619.889011261361 36.2235764330841
-0.03945 2449.27512544948 71.9989543266078
-0.03682 3005.32835809477 79.74921363687
-0.03419 3063.68196857092 80.5147267371492
-0.03156 1674.08098639529 59.5133983158459
-0.02893 2987.34630239443 79.4954614651303
-0.0263 3962.0309881803 91.5443429306393
-0.02367 4301.35486292596 95.3780061686904
-0.02104 4855.74891442814 101.332028169371
-0.01841 5140.33405815952 104.252700704772
-0.01578 5193.56281829176 104.784573932765
-0.01315 5977.62553935178 112.409242631135
-0.01052 7305.81501315356 124.263909435855
-0.00789 7913.93063598212 129.324200283874
-0.00526 7619.8201930523 126.890481349688
-0.00263 8802.87343736849 136.377244161003
-0 9030.60890264578 138.12189733882
0.00263 7590.97209135266 126.628537768469
0.00526 7018.45082950907 121.753764924755
0.00789 6279.56900929877 115.161035041558
0.01052 6481.13454436519 116.989000206528
0.01315 6167.47663183472 114.117470121816
0.01578 7419.42625541956 125.159092661675
0.01841 6175.48841761341 114.180453718327
0.02104 4920.24583563181 101.91271503906
0.02367 4524.72300573194 97.7259338408173
0.0263 2818.36457318677 77.1243067881819
0.02893 2769.24187498776 76.4455111102765
0.03156 2223.56400553634 68.4975778715112
0.03419 1551.10663435457 57.2071189385158
0.03682 817.951808655269 41.5405226790002
0.03945 169.040495590935 18.8834926788914
0.04208 298.134825243963 25.0768016870699
0.04471 294.496153040157 24.9220892644624
0.04734 12.5390942909182 5.14228993402956
0.04997 13.1894641822971 5.27370570893319
0.05523 141.30394600695 17.2598545554228
0.05786 328.683608736251 26.3225429496722
0.06049 189.38934707931 19.9799972446373
0.06312 1403.54627067815 54.3888463121002
0.06838 546.388762449993 33.9316524677529
0.07101 530.374737781472 33.4290756929923
0.07364 330.568835333376 26.3902028215495
0.07627 2884.42211643358 77.9506966963609
0.0789 2752.01570702511 76.1368427131768
0.08153 1096.24495238192 48.050955363025
0.08416 484.224210467972 31.9337768152702
0.08679 2103.0716191612 66.5476735338413
0.08942 1995.63532797536 64.8224208355637
0.09205 1646.16385969589 58.870807359071
0.09468 1254.00686209467 51.3797777025996
0.09731 2810.55806345392 76.9161162797825
0.09994 2015.06812084563 65.1246248957164
0.10257 1746.28815885228 60.6235002069391
0.1052 1823.30664281959 61.9434789244571
0.10783 3031.9196551414 79.8743361246635
0.11046 2411.91289353494 71.2380309736982
0.11309 1777.76378421304 61.1576520201599
0.11572 1476.73345728578 55.7375032602465
0.11835 2037.80730660462 65.4727657381189
0.12098 3941.06490060755 91.0476199413797
0.12361 3456.77762338898 85.2668458923049
0.12624 4871.0093343698 101.21307743614
0.12887 3829.35108645815 89.7371789000219
0.1315 3702.88512292476 88.239412524689
0.13413 2603.75747290334 73.990407802748
0.13676 3663.48733637321 87.7617288308954
0.13939 3978.40992972166 91.4524306035799
0.14202 4744.70180313231 99.8682897080047
0.14465 5733.63797234877 109.779423799441
0.14728 6270.98450258477 114.803819615413
0.14991 6381.94186590931 115.810398271386
0.15254 7408.12101859132 124.769324951215
0.15517 8456.75283605652 133.30249149622
0.1578 8460.41707180664 133.326042898677
0.16043 9946.35020954483 144.555170462709
0.16306 13362.1115957954 167.541329176222
0.16569 17099.9741882688 189.524250476216
0.16832 21250.6924861949 211.269231918479
0.17095 26139.1200338482 234.30299490057
0.17358 30401.3758431233 252.674621866489
0.17621 35469.0247166663 272.911775081471
0.17884 39584.0279900252 288.297108994601
0.18147 40775.8934907739 292.593504496232
0.1841 41168.1526236165 293.985742201603
0.18673 43212.3321043962 301.184121114199
0.18936 45355.7954413549 308.551208262112
0.19199 46192.9375691645 311.373239709447
0.19462 47442.6650247639 315.54453934609
0.19725 47694.9048054846 316.369609168928
0.19988 46990.6639783567 314.013389323716
0.20251 43939.6277384503 303.638258020186
0.20514 42168.6742249893 297.446735012399
0.20777 37974.6132598805 282.258376701213
0.2104 33015.6861388142 263.175980451504
0.21303 30171.8982261317 251.57838696103
0.21566 23942.5341785767 224.100586726394
0.21829 19860.4451773903 204.097811812625
0.22092 17032.3010040514 189.002018921867
0.22355 14010.8600273582 171.414714763273
0.22618 10594.9659192096 149.056667002669
0.22881 9262.83662347623 139.366869769271
0.23144 8400.33989881484 132.715574721796
0.23407 7276.37794839421 123.514232782983
0.2367 6402.69760035439 115.858204264305
0.23933 4474.53455155236 96.8512313764513
0.24196 4587.54693167942 98.0634998761336
0.24459 3112.27165785563 80.7684581216883
0.24722 2639.16345628977 74.3741647119025
0.24985 2498.05658964418 72.356242470425
0.25248 1981.86976304443 64.4463516510914
0.25511 1522.13943411536 56.4772979017445
0.25774 1992.45326381009 64.6140067604835
0.26037 1339.05266896152 52.9684591841105
0.263 2670.44438460982 74.7990680438434
0.26563 2243.84168898264 68.5624662789789
0.26826 1648.26827564566 58.7611357017838
0.27089 500.402763423403 32.3759101375791
0.27352 1503.62967344455 56.1201062256127
0.27615 1122.65015011657 48.4904442839417
0.27878 388.011581592472 28.5063879166943
0.28141 844.367777252995 42.0505396418479
0.28404 1197.5989026481 50.078042354359
0.28667 1607.83820009945 58.0228049179517
0.2893 1177.7606942228 49.6583145485885
0.29193 1687.37106044359 59.4366937190194
0.29456 2279.30192266464 69.0774297916402
0.29719 2451.03464420695 71.6301503353826
0.29982 3566.20590941105 86.3993033062167
0.30245 2689.09284840826 75.0234567937528
0.30508 2238.83033425285 68.4531604621702
0.30771 3256.67125232346 82.5578954345919
0.31034 4153.65448765122 93.2342704260861
0.31297 4043.89030923224 91.9917361407969
0.3156 3858.64787558303 89.8577302925859
0.31823 4312.95792715153 94.9979468350941
0.32086 5345.70747537853 105.759147290579
0.32349 5761.31626798332 109.790544922711
0.32612 5614.56374675463 108.380419350025
0.32875 5714.50431243033 109.337927224983
0.33138 4942.61577017374 101.683085090022
0.33401 5413.91538649423 106.417917386243
0.33664 6657.08398493743 118.002110625398
0.33927 5211.06763276654 104.399842971356
0.3419 5872.78315667837 110.827415594175
0.34453 7322.17559405855 123.746813628589
0.34716 6838.12003516203 119.583441206912
0.34979 5919.72337823891 111.260786138478
0.35242 5761.15545333064 109.757686667585
0.35505 5458.17238994959 106.829821273771
0.35768 4946.528339809 101.696933487403
0.36031 5234.01278454297 104.607717235502
0.36294 4869.57946479143 100.897589782786
0.36557 4381.56779817557 95.7058663279688
0.3682 4107.74445189064 92.6646791728174
0.37083 5310.86753225153 105.361993312035
0.37346 3604.29159664416 86.796043554391
0.37609 4320.3626706549 95.0252010123588
0.37872 4209.50779835827 93.7957322328071
0.38135 3599.58285521571 86.7325729603456
0.38398 2723.42505257036 75.4401564183592
0.38661 3017.45670693481 79.4061450433128
0.38924 3066.81421340553 80.0508678587416
0.39187 3272.91690242658 82.6948610767401
0.3945 2148.43222612886 66.9978062347338
0.39713 1530.64461289442 56.5490948029697
0.39976 1242.87798865991 50.9555439366588
0.40239 2492.5953795705 72.1592740460657
0.40502 369.220010105232 27.771416785991
0.40765 1258.2529923999 51.2658975839033
0.41028 2175.99109285345 67.4158933696603
0.41291 1707.23548375496 59.7130987296545
0.41554 291.353026234463 24.6673114850892
0.41817 879.717674738346 42.8620428474304
0.4208 1902.81599957972 63.0360164358493
0.42343 1292.18085314397 51.944691182086
0.42606 476.654347033625 31.5478996994931
0.42869 878.018750323775 42.8163578523708
0.43132 1442.0455902207 54.8701913965142
0.43395 1231.17421063813 50.6985907324516
0.43658 163.824883821019 18.4933342486749
0.43921 623.537542105704 36.0782729574732
0.44184 2033.87847344232 65.157751308459
0.44447 1491.60389701485 55.7981105783107
0.4471 97.0223594665427 14.2304228347252
0.44973 781.10110420594 40.3761275947803
0.45236 1222.21389612008 50.5049326085535
0.45499 849.199690516737 42.0973006933185
0.45762 294.423781251732 24.7870547953695
0.46025 1017.91263686716 46.0874717334947
0.46288 1108.74393889996 48.0985968909077
0.46551 886.827586088143 43.0155540945839
0.46814 355.268801339233 27.2253584045427
0.47077 1066.66243196346 47.1734582607005
0.4734 873.170304997903 42.6798455526227
0.47866 152.299782381031 17.8238405972498
0.48129 231.283625948846 21.9640910264703
0.48392 74.7669691442344 12.4877679989793
0.49181 101.843399290041 14.5734978577479
0.49444 513.715555647995 32.7301395401021
0.49707 1174.4883729383 49.4880110067372
0.4997 202.631869605782 20.5550554848752
0.50233 567.428441658968 34.396333777065
0.50496 629.987754112364 36.2422127823885
0.50759 1074.13683325111 47.3228077282513
0.51022 252.810230315123 22.9577894520588
0.51285 654.547326823198 36.9398663672617
0.51548 673.443213920416 37.4685882748467
0.51811 1611.37289832499 57.9571356139056
0.52074 1242.25939698292 50.8870268296537
0.52337 56.8570187611178 10.8864183472885
0.526 839.347366715744 41.8269203068406
0.52863 809.653402115497 41.079641071481
0.53126 386.651248493188 28.3876094030633
0.53389 229.257504010947 21.8586299011239
0.53652 848.537859377694 42.0522089017187
0.53915 967.837795687587 44.9103597569919
0.54178 1367.46447030796 53.3820581693804
0.54441 1629.76825380835 58.2763387117327
0.54704 1987.46769292661 64.353387654212
0.54967 1544.89821038287 56.7366059960976
0.5523 704.87207842221 38.3230983497416
0.55493 356.6146011307 27.2581930174462
0.55756 1076.04950283828 47.3484394223382
0.56019 631.325441290754 36.2667159578643
0.56545 402.606768692339 28.960509868612
0.56808 425.350464340307 29.7667324459851
0.57071 849.656028587893 42.0698845527434
0.57334 388.194909000838 28.4358822019275
0.58123 1524.39358316224 56.3464375186131
0.59701 369.829122940992 27.7504921718949
0.61805 270.327554229008 23.7222740849942
0.62068 731.152793880009 39.0128788757749
0.62331 598.540019998834 35.2974465886631
0.62594 122.426232627498 15.9634479535676
0.63909 132.518870625446 16.607036611448
0.64172 139.401215230977 17.0325363188896
0.64435 40.5987165535184 9.19168133564413
0.66539 208.085959592477 20.8066563869302
0.67065 2.05814052562194 2.06920700831162
0.67328 303.993838648958 25.147312580732
0.67591 317.504231339259 25.6996204068946
0.68643 144.046934261568 17.3091204319312
0.68906 151.527983825661 17.7526083313944
0.70221 202.189540584556 20.5049827280551
0.70484 533.282614190152 33.3005988042307
0.71273 906.851377586795 43.4231358583507
0.71536 551.107626581609 33.8504619542048
0.74166 24.9609867688504 7.20294165711299
0.74429 442.943824411081 30.34216807246
0.74692 735.182526030962 39.0897717118296
0.74955 300.219288638015 24.9791757448222
0.75218 288.431019350815 24.4834746246617
0.75481 93.0743952852009 13.9078642227567
0.75744 910.09350328853 43.4892180236556
0.76007 789.71147396905 40.5103575681974
0.7627 37.2164881351613 8.7941285118611
0.76533 280.427325707658 24.1395149218627
0.76796 930.326423474519 43.9672509191916
0.77059 116.91188085631 15.5859836960964
0.77322 916.747700242943 43.6438513895567
0.77585 825.887117511164 41.4239738829602
0.77848 1272.22493723063 51.4122516653114
0.78111 141.340886275142 17.136094048647
0.78374 271.111316078414 23.7325832806971
0.78637 216.095473256192 21.1878692582063
0.789 227.318872299206 21.7307869874413
0.79163 1090.712019359 47.5998973455028
0.79689 443.287264642084 30.3445086737981
0.79952 613.436490897177 35.695670485047
0.80741 574.108711451889 34.5306890269022
0.81004 573.77886983002 34.5201451170152
0.8153 198.012536448408 20.2782747436875
0.82319 21.9915517899741 6.75754704880914
0.82582 23.1336148827408 6.93066728893192
0.82845 12.0432782042946 5.00055051641118
0.83108 12.6687085039824 5.12865860201207
0.8416 260.85978238859 23.2707197729738
0.84949 996.13024113019 45.4716577470629
0.85212 596.256860128072 35.1796550161857
0.85475 379.215330882759 28.0549811900078
0.87053 115.952963323875 15.5117536320952
0.87316 121.974618284358 15.909145758233
0.87579 890.856869906132 42.9940391974483
0.88105 120.90817345422 15.8385864500749
0.88368 127.187161110592 16.2443515478102
0.88894 19.8740324900822 6.42107949455716
0.89157 20.9061280980143 6.58557962518852
0.8942 4.44582237563208 3.03686444923284
0.89683 20.6086062260783 6.53831464756505
0.89946 16.7592774582709 5.89605197555674
0.90209 109.139295189669 15.0459326462803
0.90472 114.808627290086 15.4315958136699
0.92839 93.4296639752278 13.9194249945853
0.93102 98.2829456106903 14.2762130073567
0.98625 223.799787202964 21.5377082641927
0.99677 28.8001753436644 7.72586922183342
0.9994 30.2962240037544 7.92390154197804
1.0257 89.9263555676998 13.6501146138248
1.02833 902.977634827803 43.2539809490746
1.03096 280.493716652859 24.107043000231
1.03359 43.7625065503511 9.5220016969734
1.04148 129.794182912388 16.3979339281171
1.04411 190.591600375838 19.8704719280068
1.05989 8.4103777305275 4.1738108655994
1.06252 55.5249849461234 10.72417825388
1.07041 87.409811402869 13.4550168026595
1.07304 91.9502804189629 13.7998849636731
1.08356 120.075416771956 15.7690352583504
1.08619 157.895791663125 18.0824858545237
1.10197 360.632770447446 27.3259091171454
1.11249 294.306451710485 24.6844718772324
1.11512 309.595079817342 25.3172455730591
1.12301 507.228390541919 32.4046732878439
1.12564 65.3778196153775 11.6336653441538
1.1309 617.184254365079 35.743718350477
1.13353 322.459443560916 25.836003841584
1.13616 50.9985675011001 10.2745369615169
1.14668 737.915642028907 39.0812590483782
1.14931 60.0677055777476 11.1501623110079
1.15457 511.511028837837 32.5371213527892
1.15983 75.358463431634 12.488451780261
1.16246 79.2731833891272 12.8085866958986
1.17561 334.982831671568 26.3285371902963
1.18876 43.4090394608089 9.47726303279222
1.19139 63.0962827580015 11.4258945353359
1.19402 772.628951822669 39.9824396806742
1.19665 398.419349402502 28.7110774269768
1.19928 18.3119789202945 6.15521029124336
1.20191 683.100029434845 37.5936396265979
1.20454 2.05194668958552 2.06040324555197
1.20717 207.335008843862 20.7110670671075
1.2098 218.107138053969 21.2421299502951
1.21506 5.33080417400577 3.32088181016703
1.23873 85.1723184336853 13.2733023111109
1.27818 154.25500486803 17.8609218367514
1.28081 332.956133823341 26.2406575420986
1.28607 253.735101426587 22.9068519948515
1.30185 94.916692966356 14.0096800512762
1.30448 99.8480995914429 14.3689081593667
1.315 17.2223444683444 5.96743641098334
1.31763 18.1171331431215 6.12044995587501
1.32815 30.0351991414113 7.88028033015314
1.33341 65.6023519958872 11.6460865177874
1.34393 798.03511013932 40.6180529590129
1.34919 84.8324349206372 13.2428959141223
1.35708 72.7841415462184 12.2662334784871
1.35971 211.253724174726 20.8973867443997
1.36497 163.027261039907 18.3575113804907
1.37812 92.4319116731627 13.8222708465732
1.38075 97.2342206717419 14.1766934351187
1.38338 126.557243512241 16.1735677001556
1.38601 133.132537406861 16.5882808614985
1.3939 177.013831107626 19.1273022114524
1.39653 164.768523429742 18.4537312586659
1.40179 298.64443562191 24.8438403861024
1.40442 57.6789023504465 10.9181236097688
1.40705 359.022151168866 27.239437332146
1.41231 589.415089260676 34.901502860208
1.41494 1214.45919771399 50.0982971044525
1.41757 885.500637941747 42.7783407545362
1.43335 257.017534435474 23.0461748161364
1.43598 238.355803024462 22.1936297552888
1.43861 723.943833881571 38.678168841563
1.44124 426.854016898362 29.6996376627974
1.44387 370.887023199923 27.6840917622974
1.4465 130.889281262863 16.4459701923677
1.44913 137.690311337298 16.8677495726779
1.45176 786.389003031998 40.310869488344
1.45439 352.222217767883 26.978004323298
1.4728 29.4320407431032 7.79825815226601
1.47543 30.9613347300813 7.99825513271072
1.48595 183.240059838308 19.457525708904
1.48858 192.76124532845 19.9565405204756
1.51225 100.53929927479 14.4120714083693
1.51488 417.327832479754 29.3626596422958
1.53592 345.885399078383 26.7306016240896
1.54907 246.62742641547 22.5711918908741
1.5517 606.741833640169 35.4025068102569
1.55433 705.76350092797 38.1821061067873
1.55696 358.106626582563 27.1978578264634
1.56485 377.362206709222 27.9191656080527
1.58326 545.165353963587 33.5563735500967
1.58852 20.8579991777436 6.56362399954406
1.59115 21.941808849198 6.7319645823959
1.60167 219.448536224586 21.2894681147303
1.6043 230.850686747387 21.8354245662279
1.61482 39.8037596808998 9.06668348948852
1.61745 41.8718912865812 9.29919348907934
1.62271 222.452094357977 21.4337134678707
1.62534 164.884548615252 18.4529896811265
1.6306 105.724933499242 14.7761280158799
1.63323 10.0795608889149 4.56236817200946
1.63586 10.6032766948669 4.6793675341677
1.65164 33.9486383442185 8.37266695207282
1.65427 35.7125483375593 8.5873792729941
1.67268 72.7221710340634 12.2536861897773
1.67531 170.173922722506 18.7446540095092
1.68057 133.031746714787 16.5730997750677
1.6832 940.839271434093 44.0738920878887
1.68583 117.420511206361 15.5701664802046
1.68846 24.8374237559821 7.16097460332931
1.7095 48.1449376352661 9.96960331265776
1.71213 50.6466620927556 10.2253086190055
1.71739 135.107210583292 16.7007958687925
1.72002 340.853133280548 26.526502713353
1.72265 209.051675516791 20.7740715704217
1.73054 260.754393877536 23.2009599603462
1.73317 496.778669448787 32.0235927019545
1.7358 280.976704117651 24.0836433390367
1.73843 49.3807154069747 10.0963446055236
1.74106 160.597206204257 18.2076088973224
1.74369 32.8690808363551 8.23713434807903
1.74632 34.5770357399205 8.4484044297275
1.75158 98.7676368893828 14.2785807075772
1.75421 612.493220297122 35.557138107495
1.75684 728.174181220604 38.7696821238348
1.7621 388.133524731805 28.3049292150317
1.77262 42.401471070421 9.35525743576151
1.77525 44.6047514106348 9.59520568405691
1.78314 355.394330563073 27.08409409389
1.78577 526.372731652269 32.9612902838671
1.80418 283.616137986634 24.1943189124921
1.80681 258.140348733641 23.0820858275458
1.80944 45.6774714032209 9.70950984489221
1.81207 92.9546365675037 13.8509952941028
1.8147 47.2369448059698 9.87382730939105
1.83048 68.4605031979173 11.88665652792
1.83311 263.162826700736 23.305107758739
1.83574 114.471709453968 15.3704683894742
1.83837 158.11279061616 18.0642815556664
1.841 122.126055159267 15.8759795247408
1.84626 55.3063567488281 10.6837136332111
1.84889 374.477124044225 27.8001112285167
1.85152 403.806323362747 28.8681942343942
1.85415 424.790474386599 29.608719080653
1.93042 621.841761671504 35.8223439192413
1.93831 95.03716299799 14.0042483639453
1.94357 526.819721833321 32.9718586178345
1.99091 154.880857018646 17.8774422629354
1.99354 162.929750859096 18.336075193609
2.00143 42.8061402975656 9.39848990073223
2.00406 45.030585261898 9.63957633612936
2.0251 51.3881642532245 10.2974231929588
2.04614 867.03493035045 42.2968636064434
2.05403 115.991331690676 15.4703434962929
2.05929 6.15572888808709 3.56389701633242
2.06192 6.47561477194961 3.65531672567838
2.08033 118.023597619673 15.6049609425675
2.08296 124.15675965852 16.0052533695016
2.08559 353.615908749784 27.0111063976377
2.08822 1814.29897590197 61.1828933431153
2.09085 671.687680540372 37.2270293690877
2.09348 154.951897822784 17.8801948614436
2.09611 80.8539262363033 12.9158639519648
2.09874 240.331890642826 22.2678205848813
2.13293 3.86836949073459 2.82515478115493
2.13556 112.54712008227 15.2386317254986
2.15134 130.386190276125 16.4020310452559
2.16186 24.1327599386871 7.05646776870503
2.16449 25.386996093484 7.23752425931823
2.17238 12.4691484756688 5.07229259826398
2.17501 13.1171993770371 5.20243866092617
2.1829 685.877226070813 37.6193359784137
2.2092 187.081657517135 19.6475842200176
2.21446 32.7911236008053 8.22570358857589
2.21709 34.4953818383549 8.43676711159121
2.25654 304.812811068098 25.0796996555762
2.25917 275.266519796594 23.8332404885302
2.27495 336.209698025246 26.3399880464686
2.28021 201.995087053735 20.4165431329331
2.28284 212.493409513143 20.9404116912021
2.33807 37.8056885181746 8.8325678262635
2.3407 396.633985806283 28.6090061337584
2.36963 70.0164511280894 12.0199121792628
2.37226 326.567241275767 25.9589403060183
2.37752 293.025294268746 24.5896311010987
2.38015 423.358821870271 29.5565111417926
2.38278 816.106144784858 41.0366205913366
2.38541 456.762590384746 30.7003221123563
2.38804 197.526119925892 20.1887457385991
2.39067 450.074437972106 30.4746445979833
2.40382 39.1430011987834 8.98714212878147
2.40645 583.814584254947 34.7082079104532
2.40908 355.452945162729 27.0823252692203
2.47746 158.794121637317 18.1015826212769
2.50113 53.1434812422341 10.4719071566695
2.50376 321.561996852372 25.7592331218024
2.50639 279.462584847705 24.0138721908641
2.51428 61.3015007552248 11.2469632573864
2.51691 1303.0241798622 51.8532221245172
2.51954 458.525274501053 30.7596180652521
2.5248 758.73111285789 39.5678836029583
2.52743 1015.79777799513 45.7827939006209
2.53006 896.470729111868 43.0097093479013
2.53269 1022.58908474984 45.9355388285002
2.53532 388.790342093322 28.3240766331699
2.54058 903.259161623075 43.1721612236995
2.54321 429.991074190178 29.7870236921917
2.54584 146.455491438417 17.3840118269677
2.55373 139.657397568335 16.9757321810519
2.55636 47.5610348398355 9.90653956016938
2.55899 455.826038724699 30.6687223327153
2.56162 692.295636700193 37.7956399853725
2.56951 28.4599832259952 7.66324287583172
2.57214 56.1887600321669 10.767621533725
2.5774 338.887279586625 26.4437028254215
2.58003 356.498863600993 27.122111498241
2.59055 40.6619199160997 9.15983212511149
2.59318 14.4980660735206 5.46950973004352
2.59581 35.8807515126644 8.60446584888756
2.59844 21.7013154022099 6.69169236891095
2.61159 194.833915021864 20.0504492854518
2.61422 204.959199785476 20.5648390502022
2.61685 46.3845407113359 9.78313425296414
2.61948 48.7950896307002 10.0341183608429
2.62737 5.80441193057587 3.46074501673705
2.63 6.10606025329336 3.54952965139658
2.63263 324.507321158651 25.8763068127447
2.6563 261.233382322848 23.2168004074514
2.65893 274.809367717997 23.812422197329
2.66682 111.07920802839 15.1392208515508
2.69049 55.2864085820638 10.6805671664191
2.69312 58.1595768907125 10.9545747134292
2.70101 6.89251064659196 3.77114271621344
2.70364 7.25070901242741 3.86789205891072
2.72468 72.3082211482116 12.2145323366576
2.72731 76.0660226196772 12.5278983542506
2.74309 394.285154558772 28.522477918582
2.74572 1393.72416422235 53.6253718741828
2.75361 69.6399880134971 11.9870090233779
2.75624 73.2591235039151 12.2945378895113
2.78517 1.22303477742854 1.58854395921503
2.7878 714.676358340249 38.4002811572613
2.79043 618.491284259535 35.7228705982778
2.79306 52.6335336284067 10.4210309220045
2.80095 90.5918974457399 13.6717388800441
2.80358 95.3002106964036 14.0225373898536
2.8141 176.45304105549 19.0808029659738
2.81673 185.623797095552 19.5703908154035
2.82462 221.165704770549 21.3620713738411
2.82725 237.51192817886 22.1374596108989
2.82988 2.18348201325624 2.12256245389055
2.83514 95.2145570182527 14.0164664669107
2.85355 10.6281978171876 4.6829646086034
2.85618 86.3688525401642 13.3496609303221
2.85881 79.09602189222 12.775255073378
2.89037 14.3575465635073 5.44301543901237
2.893 15.1037482469223 5.58267592418325
2.92982 106.322127078095 14.8124712264611
2.93245 111.84831149393 15.1925838604458
2.94823 131.327445289042 16.46273858905
2.95086 138.1533026919 16.8851998229261
2.96927 71.7354151121491 12.167490584281
2.9719 210.304843760932 20.8333966858995
2.97453 703.823714088758 38.1126044734272
2.97716 665.120295542267 37.0499831430631
2.98242 118.997712404681 15.6714683557252
2.98505 125.182721238475 16.0736242735394
2.99031 558.9368955725 33.9645196270724
2.99294 602.509097409696 35.2636389481002
2.99557 15.275714381471 5.61496846043162
