-0.19988 883.938312296334 43.3107692260921
-0.19725 269.592258208456 23.9179752404622
-0.18936 99.5309757305856 14.5313908901918
-0.18147 28.8602308265955 7.82411629652229
-0.17884 28.9125046397913 7.83094247401918
-0.17358 50.3492976436275 10.3333095459621
-0.16832 19.654044067629 6.45565399186318
-0.16569 19.6896425229667 6.46128611105188
-0.16043 173.560043860673 19.1821144602115
-0.1578 173.874402851645 19.198849303647
-0.13939 419.483949399181 29.8136687927405
-0.1315 1146.45449373177 49.2825814281254
-0.12361 131.998299593082 16.7207782340573
-0.12098 437.849437725085 30.4523263373024
-0.09994 33.2886426106541 8.39444821179946
-0.09731 33.3491665270459 8.40182967855252
-0.09468 109.869966125029 15.2496368686757
-0.09205 186.3763851984 19.8611354929535
-0.08942 76.4451845077062 12.7195668808313
-0.08679 39.9571034932159 9.19565946109645
-0.08416 40.0300011465234 9.20380280672773
-0.07364 224.637312684789 21.8006749238876
-0.0526 393.695423849253 28.8548035196982
-0.04471 126.86437654668 16.3784812513587
-0.03419 382.880197146061 28.450485855573
-0.02893 170.261601892485 18.9711568512245
-0.0263 315.918651699654 25.8411419104904
-0.02367 1289.73588004396 52.2111270393509
-0.02104 2474.58546814606 72.3190171567651
-0.01841 3785.03994336009 89.4386279257558
-0.01578 3810.58700579135 89.7375986094381
-0.01315 3949.17371255877 91.3524561471757
-0.01052 4597.68595580326 98.5655996015619
-0.00789 5324.37419882305 106.066590228095
-0.00526 5646.51079366384 109.225240411554
-0.00263 5839.3438073129 111.071735036378
-0 8054.99704044591 130.449623414842
0.00263 5399.25628072171 106.79873430808
0.00526 3655.06093318745 87.868961426641
0.00789 4694.70477691412 99.5821212957805
0.01052 5049.55543866076 103.274440019469
0.01315 3612.55974346732 87.3499863888143
0.01578 3419.53241531963 84.9821532071479
0.01841 3280.19604326456 83.2306551971983
0.02104 1801.9329913981 61.6867338524836
0.02367 3379.69822187787 84.4793304707802
0.0263 2140.50225505229 67.2292691216124
0.02893 801.4295443548 41.1360192075732
0.03156 290.503127279099 24.7658955007367
0.03419 291.19358453067 24.7946837361058
0.04208 834.804513502919 41.9785262766251
0.04471 290.77047493167 24.7741627377078
0.04734 492.063907497706 32.2272781656164
0.04997 463.555485981446 31.278993735518
0.0526 309.130946338067 25.5424287185596
0.05523 46.3096587608706 9.88589005270642
0.06049 165.580402107947 18.6922906378681
0.06312 271.459720592983 23.9331461616414
0.06575 105.76973386703 14.9388385981398
0.07627 492.744404605937 32.2405999452865
0.0789 568.29618834416 34.6233166757966
0.08153 74.7882276906882 12.5599221899676
0.09731 126.489363453376 16.3317043939451
0.09994 294.598657854101 24.9234960652727
0.10257 317.601576277294 25.877771310521
0.1052 1026.03903079485 46.5114043785048
0.10783 307.835900107646 25.4758750963392
0.11309 875.582414306137 42.9637245596683
0.11572 1783.64900876157 61.3197071048638
0.11835 2172.43250812617 67.6722294396682
0.12098 1365.80227808543 53.6566085106332
0.12361 2049.90495343178 65.7337076072628
0.12624 1802.56593714767 61.6394578081587
0.12887 1356.48152147568 53.4702401114841
0.1315 938.048657377233 44.4641341298112
0.13413 1336.66419778661 53.07625562957
0.13676 2162.62218068061 67.5105130149701
0.13939 2827.19345598097 77.1881811499272
0.14202 1537.51878197717 56.9213538074116
0.14465 3355.54550303181 84.0888733503074
0.14728 2650.06859562609 74.7269895395976
0.14991 1612.54841823309 58.2904316832921
0.15254 2760.17427126702 76.2607552818329
0.15517 3096.25130515748 80.7686664238268
0.1578 4375.64662236417 96.0147358863636
0.16043 5447.73628105138 107.131397141015
0.16306 6671.53039375558 118.553239278072
0.16569 8881.21042705622 136.781930748887
0.16832 11056.1291023519 152.611112846036
0.17095 13545.3214144041 168.916169588255
0.17358 16833.15828675 188.300437553989
0.17621 19417.8825621967 202.237374590094
0.17884 22025.5927337317 215.385391346594
0.18147 24016.6276306929 224.905673463416
0.1841 25107.6050497092 229.95295783078
0.18673 26415.8757557684 235.863543798202
0.18936 25264.8497098572 230.663367942757
0.19199 25021.6875589434 229.546420060102
0.19462 25491.8221842659 231.68857678224
0.19725 25273.3882572829 230.68952340611
0.19988 25403.947455235 231.280328476339
0.20251 24756.4079891869 228.309659845084
0.20514 24456.1743281434 226.9172046046
0.20777 23016.056868863 220.131056333909
0.2104 20580.4196515365 208.154431870474
0.21303 18178.8818281181 195.629715899321
0.21566 14784.0129830613 176.416865071019
0.21829 10647.5907035941 149.713960243508
0.22092 10270.8840517674 147.039233071573
0.22355 7460.56206569351 125.316362551866
0.22618 6406.39492599931 116.123883451766
0.22881 4860.12930897841 101.141944800479
0.23144 5243.60439020013 105.054591302844
0.23407 4416.96879374657 96.4172929488033
0.2367 2768.90223104305 76.3377348082343
0.23933 2612.47762609724 74.1488530545345
0.24196 770.525981051188 40.2684098973417
0.24459 858.359136248077 42.5008918279884
0.24722 912.071126883995 43.8097292203708
0.24985 1904.00210973308 63.29692558931
0.25248 411.876298412823 29.4391314345878
0.25511 220.117753063657 21.520968686346
0.25774 843.117016669056 42.1183059842012
0.26037 1765.2807384565 60.9433813664804
0.263 444.837510722482 30.5923644093662
0.26563 235.920572468549 22.2786020878851
0.26826 236.355408341953 22.2987484912758
0.27615 1319.20259041733 52.6782724084747
0.27878 748.233566587074 39.6722704166644
0.28141 1202.35546816837 50.2895314159082
0.28667 127.567805787558 16.3801193152613
0.29193 94.4696495622003 14.0954206101595
0.29456 94.6437697705769 14.1081668525978
0.29982 216.165547908037 21.3207874932544
0.30245 61.6238031213758 11.3835428690516
0.30508 8.14625224520448 4.13880839718249
0.30771 147.943100336902 17.637496813785
0.31034 317.702944622591 25.8460039338121
0.31297 132.263401097142 16.6761512133314
0.3156 13.5840754023477 5.34421865049993
0.31823 490.255593279019 32.1050721355139
0.32086 496.00430639845 32.2922487870692
0.32349 935.819804083701 44.3552341761864
0.32612 390.176428208013 28.6399641047246
0.32875 627.704565936495 36.3255997066748
0.33138 1488.1247201438 55.9304107036161
0.33401 984.486952785867 45.4911084353154
0.33664 2088.76246651514 66.2611939994172
0.33927 736.208015591412 39.33763025549
0.3419 696.492875716627 38.2612765208994
0.34453 793.026916646289 40.8261355422996
0.34716 1076.9954553138 47.5767133137624
0.34979 564.138939901142 34.4329104386811
0.35242 858.474921168601 42.4754210200723
0.35505 500.519031084567 32.4322721434452
0.35768 563.579833496002 34.4142248521258
0.36031 658.733425091721 37.2055999120426
0.36294 685.037617040763 37.9405710002385
0.36557 290.274853370821 24.6970198494242
0.3682 672.786500825657 37.5985995555839
0.37083 497.486354801982 32.3308268571479
0.37346 611.449092709573 35.842605154207
0.37609 520.238677970891 33.0608430980668
0.37872 251.597288309194 22.991048301032
0.38398 212.290483655247 21.1182262539338
0.38661 212.682258015996 21.1373722509938
0.39713 207.106349279821 20.8571433777286
0.39976 31.9248738082983 8.18871776618177
0.40239 31.9837532492244 8.19613232239082
0.41028 333.138457807922 26.4504385212403
0.41291 456.763163115203 30.971205329619
0.41554 123.237998780326 16.0870706954001
0.41817 263.119212705285 23.5056904206174
0.42869 414.519918365011 29.5010687718727
0.43395 347.193185481377 26.9981994120242
0.43658 368.404247063714 27.810166977292
0.44447 350.844272876182 27.1378045230395
0.4471 49.3064566691413 10.1732914744754
0.44973 100.654683730206 14.5351213323413
0.45236 215.151504710665 21.2503426446591
0.45499 164.101131994716 18.5584459955692
0.46288 31.4802870426839 8.12795679682356
0.48392 7.55276858730264 3.98062918551264
0.48655 126.236985234613 16.2736140962747
0.48918 126.469300242931 16.2882841069912
0.53652 143.320944891166 17.3354768475976
0.54441 322.714845150101 26.0120981589133
0.54967 66.9028958628784 11.8434529069658
0.57334 106.260881984554 14.9244189970546
0.57597 106.457861554134 14.9380729635705
0.5786 573.460923535355 34.669901226195
0.58123 858.862929331765 42.4284924096973
0.58386 401.968871060663 29.0259781837979
0.58649 117.319898158672 15.6809176442537
0.61279 520.708236453877 33.031745552405
0.62068 54.0918254120215 10.6459474682838
0.62331 54.192035093585 10.6556749301937
0.67328 177.543569308521 19.282600585494
0.67591 177.872481692878 19.3002193408264
0.68643 12.0001895429146 5.01280528152514
0.68906 12.0224207320501 5.01738553015213
0.77322 146.177618767338 17.4893161905077
0.77585 146.448896473953 17.5053529413978
0.77848 422.626034995051 29.7372890910033
0.78111 406.526954826127 29.1650923583549
0.78374 103.846957755199 14.740458863258
0.789 190.127341412325 19.9446887914913
0.79163 190.48018089368 19.9629769323744
0.8416 453.633543235571 30.8028486206436
0.87053 27.3772374650347 7.56657588150391
0.87316 147.475707667465 17.5615060994034
0.87579 120.27109083274 15.8591195729958
0.87842 203.40738601344 20.6242774323768
0.88105 203.78628118269 20.6433315993809
0.88894 136.822120059394 16.9145822584225
0.89157 137.076984049921 16.930209133001
0.8942 761.31683801201 39.8987880539269
0.90209 241.08637684474 22.4519524491437
0.90472 243.253631890797 22.5524829430069
0.90735 1.72139221648909 1.89714939477384
0.93628 281.015123212458 24.2377640116176
0.93891 281.538559613686 24.2601546912294
0.95469 158.421974233087 18.1975883452081
0.95732 156.235229198144 18.0714303083284
1.02044 41.817088346364 9.34789889601782
1.02307 41.8951837156128 9.35658003348503
1.05463 120.201743344147 15.8476977060522
1.05726 120.426225588429 15.8624150105855
1.05989 6.98991735620668 3.82157834006861
1.09408 5.75345944017611 3.46692905290053
1.12038 112.596298234015 15.3364244675003
1.12301 112.806703749865 15.3506842203661
1.12827 50.0173344445013 10.2215555720744
1.1309 50.1108004116987 10.2310595359889
1.13353 440.417795513563 30.3309205164457
1.13616 441.240791635176 30.3591220881464
1.15194 270.973681100788 23.7905374683664
1.17824 110.241100038019 15.1738106662434
1.18087 110.447104298283 15.1879191989099
1.18876 1073.19608007999 47.3429490974525
1.20454 168.537477976179 18.7608504304951
1.21506 87.4948864797632 13.5171727425178
1.22821 565.556887384769 34.3653277564379
1.24662 19.2027152495359 6.3320830569461
1.25451 171.995084341793 18.9502955270538
1.27818 0.630371118593734 1.14718691668793
1.28081 0.631547163621818 1.14825009134115
1.29396 12.599123590621 5.12851433074005
1.29659 12.6226289991066 5.13326726325072
1.30185 23.7044366198666 7.03443826496877
1.30448 23.7487555055151 7.04098570209451
1.30974 107.597309019512 14.9868582725876
1.31237 107.798477792707 15.0008075734443
1.37286 112.383749152498 15.3152462443659
1.43335 246.093318815071 22.6618569604187
1.43598 293.494953498106 24.748282611043
1.43861 47.0286148650386 9.90660864562528
1.45702 111.317685199302 15.2412347872315
1.48332 119.539575843368 15.7937615803122
1.48595 76.8965780766893 12.6672515407843
1.51225 79.2384043284098 12.8585134768578
1.51488 79.3870046319755 12.8705551605801
1.53066 28.9119621233064 7.76710841398426
1.53329 28.9661823760639 7.77438212112749
1.53855 221.186422319534 21.4831925910816
1.54118 144.776120533428 17.3807185057005
1.54381 145.047627454198 17.3969951235037
1.57011 60.8767430267759 11.2704515817964
1.59904 884.743911041413 42.9655879163064
1.62008 285.564649143342 24.4094129146454
1.62271 119.222212989443 15.7718558684627
1.66742 189.876981662594 19.9032975624375
1.67005 411.288826255326 29.2928366405892
1.67268 88.4366371303277 13.583233989831
1.69109 55.858493593781 10.7950676299187
1.69372 725.790988666497 38.9121871138754
1.69635 386.171438915805 28.3837013688649
1.7095 668.756387767819 37.3519992772919
1.71739 163.510667911904 18.4694715125341
1.72002 279.088234615111 24.1297432293481
1.75947 211.105562086772 20.9864741959909
1.7621 211.50228363534 21.0062092793234
1.76736 189.654905575232 19.8917606728993
1.76999 414.531407759586 29.4083338246266
1.77262 351.251644612601 27.0708190505666
1.77525 329.826558066713 26.2322497146607
1.77788 203.66158255911 20.6133129830916
1.80944 98.4428637431406 14.3315143077233
1.81207 123.943798885407 16.0809998069447
1.8147 30.4585653513106 7.97179367728089
1.81733 5.10469072767695 3.26352338338775
1.82259 445.411099278275 30.4848382404925
1.84626 107.943068322914 15.0074499673113
1.84889 436.818839950004 30.1898453504716
1.85152 203.368344443183 20.5993049718557
1.87256 39.2441948265448 9.0490724730796
1.87519 39.3179753781132 9.05758902056041
1.88045 181.593551614117 19.4656367744089
1.88308 210.84013164116 20.9746984746126
1.88571 28.9595201866696 7.77347938069598
1.89623 21.1536688878583 6.64378168364385
1.89886 90.9684333531847 13.7774404509179
1.90149 69.9059871018187 12.0775952829639
1.90938 138.587569532789 17.0052733558392
2.01195 242.186812959938 22.4789843502139
2.01458 242.641563023957 22.5000876051402
2.03562 74.1071740320715 12.4346372308733
2.03825 513.25427670402 32.7242313699386
2.0514 228.193460643398 21.8200442582945
2.05403 228.621935625345 21.8405289005119
2.06981 196.931216364878 20.2704094190162
2.08296 101.853048571117 14.5778379684253
2.08559 102.044296308226 14.5915236323558
2.08822 245.522609181942 22.6335247951675
2.09085 683.827225252198 37.7728552538748
2.09348 475.006526336222 31.4815844320219
2.09611 36.4090288959763 8.7158854528466
2.11715 100.005149148314 14.4449844684418
2.11978 100.192748573226 14.4585196446057
2.1829 143.561144265575 17.3068885957495
2.22235 157.537916949026 18.1296651510343
2.22498 157.833433563194 18.1466519653695
2.22761 204.765582437776 20.6692759050318
2.23024 13.1910083278253 5.24608778407383
2.23287 13.2157526064551 5.25100317098932
2.23813 61.402897367675 11.3185374209195
2.24076 61.518079646448 11.3291424646851
2.24602 144.613828482718 17.3700117965578
2.24865 499.695696703953 32.2884933550064
2.27232 18.8720696620427 6.2748407635975
2.27495 18.9074707272319 6.28072005324833
2.28021 582.08449387834 34.8485956661699
2.35648 4.77685237243687 3.15688285457895
2.36174 18.2639174504039 6.17282899264112
2.38804 563.942180532289 34.3007151374995
2.43538 234.249684423634 22.1071473084555
2.43801 234.6899987034 22.1279455736471
2.59055 390.942850084914 28.563255677436
2.59318 391.678855096358 28.5902123237265
2.61159 353.598127848019 27.1653247753377
2.63526 512.675326015926 32.7106908884286
2.63789 425.452208225827 29.798530934329
2.64052 256.161819379843 23.1221181686717
2.64315 279.739587748502 24.1628599118551
2.64578 280.265858302825 24.1856309981002
2.67734 149.393129911275 17.6583078831771
2.69575 16.8291267179278 5.92681319398376
2.69838 52.6344479300045 10.4815724033069
2.70101 35.8409788954606 8.64932854876234
2.71153 76.8556803297102 12.6660033654028
2.72468 573.466686518056 34.5992869086833
2.72994 51.3540362461578 10.3539226799123
2.73257 59.5783048641394 11.1522882098503
2.7352 8.14268083605013 4.1229294819711
2.76676 275.098614938542 23.9659058573217
2.76939 275.617846559385 23.9886386047958
2.80095 143.307805925269 17.2987516621841
2.83777 614.533933092022 35.8261080839037
2.84303 53.3111886490978 10.5521892962607
2.84566 71.9006573361569 12.2547136390175
2.84829 72.036716801536 12.2663976301191
2.87722 11.983361209401 5.00341141711862
2.87985 12.00603759819 5.00818179701675
2.93508 21.8004324304366 6.7482694319412
2.93771 275.985716426318 24.0104164952999
2.94034 254.617648829821 23.06201090882
2.99031 183.352317643915 19.567268235109
2.99294 183.693513373946 19.5853093928264
2.99557 635.0240683827 36.4145668918596
2.9982 72.0012128162501 12.2615815651042
