-0.19725 124.477287537544 16.1714429315164
-0.19462 147.589557300707 17.6095397362643
-0.19199 435.2698695243 30.2423800395792
-0.18936 548.505142716672 33.9502900400828
-0.18673 892.983076324431 43.3202767808925
-0.1841 166.268060012618 18.6934944678117
-0.18147 1536.30211120905 56.8251854696761
-0.17884 461.782614335738 31.1557209359369
-0.17621 152.531280328345 17.9066745565275
-0.17358 35.025350050029 8.58110449218631
-0.16832 467.862606891394 31.3649098408839
-0.16569 507.211260771371 32.6584659097247
-0.16043 440.231225787334 30.428089052094
-0.1578 1184.26697296008 49.9086156183339
-0.15517 1112.65800917967 48.3780122830897
-0.15254 526.920339628334 33.2932435832651
-0.14991 1214.02372972974 50.537490036103
-0.14728 66.6585639894907 11.842530463626
-0.14465 470.987357978553 31.4802092595901
-0.14202 989.956873412723 45.6412545718848
-0.13939 1502.60152148387 56.2325524900457
-0.13676 454.959112593099 30.9434346139769
-0.13413 752.52012574169 39.7976876869212
-0.1315 416.297506820097 29.6017325379518
-0.12887 1317.18232840697 52.6568186958472
-0.12624 1187.28668462953 49.9949238436478
-0.12361 501.452685972248 32.4922312312068
-0.12098 173.566809332966 19.1167620631622
-0.11835 1086.72070051766 47.8361703670134
-0.11572 569.2026148983 34.6216144167109
-0.11309 275.351519992832 24.080973949796
-0.11046 139.094060258906 17.1159510841648
-0.10783 988.52331681411 45.630648125215
-0.10257 486.026363055515 31.9982300803732
-0.09994 127.024636737602 16.358988786535
-0.09731 500.11533253204 32.461130596583
-0.09468 836.121013805829 41.9738633106191
-0.09205 80.4538610035528 13.0206791205496
-0.08942 49.2175577659881 10.1844137811703
-0.08416 738.83155630854 39.46211437849
-0.08153 1264.8843108667 51.6355547677439
-0.0789 1583.5466996164 57.7769607375302
-0.07627 844.62837956788 42.1976143968883
-0.07364 256.567005667578 23.257941586979
-0.07101 840.217874995254 42.0903597736566
-0.06838 2081.94144832787 66.2577587567289
-0.06575 1917.08654417353 63.5827269084291
-0.06312 1464.51105875198 55.5751216081876
-0.06049 1382.97993279356 54.0079677519662
-0.05786 2194.98847315345 68.0427440540416
-0.05523 2072.17967526923 66.1142693431531
-0.0526 1130.58816926728 48.8370604219359
-0.04997 2265.78029824426 69.1388247317312
-0.04734 1781.67855647235 61.3117296408237
-0.04471 1282.40949691275 52.0185269558317
-0.04208 2713.09441612696 75.6646339244081
-0.03945 2839.87275994023 77.4151065258221
-0.03682 1985.39294537394 64.7314453229089
-0.03419 4249.52424372228 94.7061132439764
-0.03156 4394.66376643704 96.3133467349433
-0.02893 5660.70889080426 109.313763587437
-0.0263 6539.13334262668 117.493900233075
-0.02367 5463.68833070567 107.402395762904
-0.02104 6771.52759749425 119.572173013212
-0.01841 8683.06999521472 135.406412065099
-0.01578 11106.0892214889 153.143631572223
-0.01315 10247.4431230112 147.109900765576
-0.01052 11951.5594435896 158.877432483354
-0.00789 14184.2439172452 173.088733380274
-0.00526 15882.829614579 183.166236139233
-0.00263 16966.0613046993 189.316198827778
-0 16684.2342667806 187.742934831362
0.00263 16796.7124504169 188.377363688675
0.00526 18136.0413550161 195.746464903869
0.00789 18276.1764986779 196.50402859122
0.01052 18447.9778915117 197.428242269644
0.01315 16349.4671035267 185.862939960913
0.01578 16053.4953682168 184.175523242513
0.01841 13155.2215295284 166.725603760596
0.02104 12661.543940559 163.569624237965
0.02367 12498.6958267708 162.516619106344
0.0263 9745.18353041407 143.504839490723
0.02893 7527.56254456315 126.126059843177
0.03156 6227.24132076744 114.71800783404
0.03419 4434.95096831172 96.813131043585
0.03682 2433.03930060875 71.7084809159162
0.03945 2352.3904732609 70.5109834484447
0.04208 2387.81636170958 71.0409292227142
0.04471 1044.96517033816 46.9964641663132
0.04734 2443.27861506544 71.8632540987515
0.04997 1994.01804268095 64.921871222434
0.0526 1470.5430499597 55.7534136448016
0.05523 412.052068150839 29.5130943095
0.05786 123.555832818292 16.1613050260083
0.06049 172.12547531585 19.0753924414538
0.06312 434.188432100389 30.2967563064993
0.06575 680.030185106798 37.916409813377
0.06838 303.688728865738 25.3386547445931
0.07101 4.65322956970043 3.13655249385548
0.07627 48.1757155748871 10.0925663806972
0.0789 770.391817956195 40.3598423705449
0.08153 1511.53165469186 56.5338232555081
0.08416 1742.08397311186 60.6932479326847
0.08942 587.070728434412 35.2341058454778
0.09205 878.858336666575 43.1105518124265
0.09468 875.945856672945 43.0396644615232
0.09731 721.289363774186 39.0563012128064
0.09994 1901.31545949964 63.4117208178994
0.10257 3311.42826526831 83.6843921664335
0.1052 2852.3856497438 77.6662025266604
0.10783 2573.80044961608 73.774545825988
0.11046 2047.00322458043 65.7914609339775
0.11309 2669.49889491403 75.1305032115056
0.11572 3570.92097138586 86.8925819534267
0.11835 4541.17001029316 97.9868103284828
0.12098 3811.6504941885 89.7700429537345
0.12361 2951.98354200421 78.999259388142
0.12624 2757.25640488111 76.3476699424266
0.12887 3413.36817487296 84.9454132882166
0.1315 3667.95416579636 88.0544830748491
0.13413 3868.78649060217 90.4311509706125
0.13676 4320.24912826684 95.560019031661
0.13939 5384.86727403991 106.684294142794
0.14202 4208.58569685124 94.3131451852951
0.14465 4254.51790975753 94.8244806042885
0.14728 4865.51035696937 101.402963769316
0.14991 4509.61186484349 97.6218836382257
0.15254 5654.60234276356 109.31249025706
0.15517 5795.55686818604 110.664287425584
0.1578 6034.95889695355 112.924510419338
0.16043 7552.84167818846 126.327354186057
0.16306 9607.16610187541 142.472488751409
0.16569 11445.9157573212 155.506943200217
0.16832 14228.0050339094 173.375476467015
0.17095 18092.1727518184 195.50243713468
0.17358 24704.3126991109 228.446416792952
0.17621 28837.4572598067 246.812751700741
0.17884 31541.4013060142 258.119463163489
0.18147 33496.4105735045 265.993206913774
0.1841 35155.8876293853 272.496916416627
0.18673 36231.3218589889 276.627782838916
0.18936 36693.2152232773 278.379812616186
0.19199 36478.2769466617 277.557622955742
0.19462 37146.9393015232 280.08423620015
0.19725 37796.2464534835 282.515728302634
0.19988 36298.3754998329 276.855423534851
0.20251 35927.9284514864 275.426447921192
0.20514 34572.6673091488 270.168062620258
0.20777 33829.4658643193 267.234881854376
0.2104 29297.4777284899 248.678763557663
0.21303 24172.7390181343 225.873104085727
0.21566 20252.0559068552 206.735067820985
0.21829 17251.6387223555 190.797539876781
0.22092 13771.0789850772 170.458858924107
0.22355 11181.9695361428 153.593466203672
0.22618 8326.41713617066 132.531973724476
0.22881 7287.07073442894 123.97841174754
0.23144 5447.54397563437 107.188437031782
0.23407 3946.30186313779 91.2264352973148
0.2367 3065.07099226218 80.3940316200351
0.23933 2535.15209726811 73.1111361217372
0.24196 1206.49158819748 50.4337954839682
0.24459 1219.73783817972 50.7073285601711
0.24722 1353.25834140249 53.4079386065884
0.24985 2441.31252238457 71.7307089542025
0.25248 2518.17473054241 72.8474471091238
0.25511 1156.37475864898 49.3626740063417
0.25774 759.929658043983 40.0141910004629
0.26037 1444.5640213565 55.166280870223
0.263 2426.69288025418 71.4974710322864
0.26563 3716.81532111019 88.4803281889643
0.26826 2609.23756233814 74.1303419188781
0.27089 2711.88948805669 75.5706473844874
0.27352 2220.36219353458 68.3765233617815
0.27615 3667.44620759143 87.8728943677073
0.27878 2069.35266327903 66.0036967376504
0.28141 2023.6533231049 65.2675048171121
0.28404 1725.48676091754 60.26466041664
0.28667 1295.8810999483 52.2236736769393
0.2893 2284.61070185723 69.3376127978692
0.29193 1387.09354670657 54.0248532942934
0.29456 3278.21057947451 83.0495112115586
0.29719 3737.66558365912 88.6741046255197
0.29982 4338.10589961079 95.5266609950075
0.30245 4487.49152796771 97.1530521216097
0.30508 3579.77434804057 86.7686903615359
0.30771 2757.24598660877 76.1471336765757
0.31034 3450.57300396986 85.1808558032605
0.31297 3808.89018972053 89.4903483372656
0.3156 3578.85473691068 86.7420316395157
0.31823 2719.77470220895 75.6144154816001
0.32086 4063.50152516416 92.4206303387666
0.32349 4522.92142192407 97.5009417695631
0.32612 4859.38482048068 101.057956123764
0.32875 4958.31008932153 102.076854574036
0.33138 5581.35299910807 108.295585592027
0.33401 5630.27258923805 108.764279960666
0.33664 5027.01328500071 102.767824404372
0.33927 5673.63373363257 109.172526339568
0.3419 6954.72824560362 120.865779993518
0.34453 7216.09099549154 123.110427647244
0.34716 7011.78546414302 121.349700891842
0.34979 7367.46232129242 124.383828816629
0.35242 7576.48978851389 126.130331772516
0.35505 7571.98509167065 126.087184697061
0.35768 6801.19556146212 119.492117714062
0.36031 7083.24850942512 121.939221595874
0.36294 7229.07732750899 123.182542733766
0.36557 7685.43189934468 127.005467506586
0.3682 8321.75180521848 132.152749908352
0.37083 7410.29322206486 124.700176162831
0.37346 7999.34645525633 129.555891545861
0.37609 6414.32966354849 116.007507038834
0.37872 5997.85825930437 112.173196286659
0.38135 6442.12259908686 116.248143754965
0.38398 6127.10232510012 113.365168333007
0.38661 5968.97219051531 111.887709456894
0.38924 4015.39801548683 91.7650780765591
0.39187 4525.62868336448 97.4166361131967
0.3945 4818.43978886414 100.514199330536
0.39713 5200.76344977801 104.421103295917
0.39976 4140.18025102524 93.1630985513287
0.40239 2304.73771579102 69.5054104588001
0.40502 1592.33704866529 57.7695404527662
0.40765 1852.04419607665 62.2989371847209
0.41028 2592.69548185955 73.7062419593295
0.41291 1570.04944829945 57.3533412314129
0.41554 1693.37769141885 59.5597021755662
0.41817 1254.24872314732 51.2555588400195
0.4208 1060.67373221848 47.131751759219
0.42343 1060.24783028163 47.1194164576217
0.42606 1258.91096724993 51.3413453585359
0.42869 460.837692109363 31.0611305347087
0.44184 1192.57199994265 49.9520306211587
0.44447 807.261364480793 41.0952317330571
0.4471 1082.15150022981 47.5775293843122
0.44973 102.766060957469 14.6607506868217
0.45236 392.089378323859 28.6350132795508
0.45499 1183.43150210873 49.7450539930885
0.45762 139.061533900287 17.0512154461662
0.46025 85.9504843536525 13.4044650107608
0.46288 208.679337604138 20.88519477602
0.46551 1491.60206378883 55.8340040276843
0.46814 1281.05844210077 51.7404539318486
0.47077 1675.12341570314 59.1619720697674
0.4734 558.986706186766 34.1738137448283
0.47603 560.852193040075 34.2286985928847
0.47866 608.88587847746 35.6621556632401
0.48129 400.523082827597 28.921903768898
0.48392 666.313154043195 37.301453336453
0.48655 934.532009714408 44.1730213363138
0.48918 1655.69030749074 58.7926477137165
0.49181 1557.7613010956 57.0239594660394
0.49444 2027.62516010735 65.054028375898
0.49707 2207.1138235898 67.8681742382735
0.4997 2132.6027285209 66.7078441903856
0.50233 1786.01250808674 61.0412798062931
0.50496 2514.05329091328 72.4149227413374
0.50759 1335.97532078814 52.7836589067699
0.51022 1773.32313641926 60.8070099521151
0.51285 1544.70631714872 56.7468940903796
0.51548 1834.09506333651 61.8286088959305
0.51811 2930.01599043033 78.139919803591
0.52074 2580.9979345778 73.3316063486975
0.52337 3004.49479683519 79.1120237914626
0.526 2439.29762146471 71.276858708772
0.52863 2544.25488147681 72.7873393649879
0.53126 2405.9090159704 70.7741251865169
0.53389 2098.72971477343 66.0955973402408
0.53652 3060.87293258208 79.8134869540944
0.53915 2323.9311345228 69.5383869900811
0.54178 2186.12156520685 67.4387454839065
0.54441 1393.30540638869 53.8337738011821
0.54704 1395.11439089903 53.8636651331818
0.54967 3069.99630330637 79.8949333575881
0.5523 1846.38129804237 61.9541383978176
0.55493 2587.01611176064 73.3277732887097
0.55756 1819.10262213184 61.4832516492891
0.56019 1137.91635809249 48.6231049230928
0.56282 2008.11030432576 64.5863262956633
0.56545 1615.61254481234 57.9261524558345
0.56808 2748.65025020712 75.5483671969171
0.57071 2388.02919420875 70.4116330173616
0.57334 2864.42849764899 77.1086048588514
0.57597 2229.72366887028 68.0250106637355
0.5786 1825.52267090539 61.5454495515904
0.58123 1073.71311335987 47.1960540943667
0.58386 1144.18185240748 48.7156285409981
0.58649 326.107131750716 26.0051967791307
0.58912 397.940687067631 28.7242286098739
0.59175 588.762239980541 34.935613506831
0.59438 1163.52441339603 49.1072190176867
0.59701 810.961531908394 40.9936793656576
0.59964 510.137238882475 32.5101865567275
0.60227 906.268411204893 43.3263980045491
0.6049 454.068411179893 30.6629732244068
0.61016 57.9585401942166 10.9514387802303
0.61279 121.940211152525 15.8823703334511
0.62068 41.456162699502 9.25602285779359
0.62331 125.643212962541 16.1112293366613
0.62594 349.87409127986 26.8809322333339
0.62857 561.688004191212 34.053774596345
0.6312 850.071200116152 41.8865469470983
0.63383 480.810983895578 31.4965728296898
0.63909 184.569635702277 19.5080820220948
0.64172 1549.214123269 56.5092186154957
0.64435 175.730199969552 19.0289966537306
0.64698 337.844090814747 26.380312649949
0.64961 162.366944132145 18.2851971295181
0.65224 639.61427419351 36.2859879642645
0.65487 1049.13476078888 46.4648494111958
0.6575 1047.36845748801 46.4181293929525
0.66013 1630.06891193561 57.8988373125185
0.66276 2458.05904162745 71.0872907262013
0.66539 2278.0325235337 68.4234064827742
0.66802 1636.67340996831 57.9875347847981
0.67065 467.702812978713 30.9932772496894
0.67328 2121.475733321 65.997942842584
0.67591 1945.48383884252 63.1908226539481
0.67854 1435.40981042336 54.2696421989521
0.68117 1558.1337437961 56.5327554742985
0.6838 2361.24796149944 69.582070321143
0.68643 706.797463536822 38.0629791590717
0.68906 603.8082712765 35.1749532695915
0.69169 749.162287522423 39.1742458437834
0.69432 389.856465471106 28.2548970217621
0.69695 549.585188829595 33.5418885991678
0.69958 1047.19310296441 46.2926464534852
0.70221 1572.98086616682 56.7275659773713
0.70484 1038.04650055887 46.0778151687525
0.70747 1399.44787646751 53.4949604812197
0.71273 649.243001793723 36.428406928681
0.71536 778.522570977054 39.8862443043368
0.71799 264.000616212823 23.2242126962887
0.72062 1135.63338070578 48.162451296188
0.72325 1867.27138813675 61.7510286240483
0.72588 667.343241154193 36.9118713911515
0.73114 235.70968267616 21.9321910820937
0.73377 339.601674546493 26.3226217757669
0.7364 51.228442940048 10.2223494105576
0.73903 1027.60147544136 45.7781674660349
0.74429 255.247953383684 22.810192258467
0.74692 1152.90190488352 48.4724372399666
0.74955 1862.45453862325 61.601654265013
0.75218 1823.8137315497 60.9523732571774
0.75481 507.082377419802 32.1359003575169
0.75744 1203.35888364192 49.4993641324164
0.76007 807.75472335297 40.5501626360197
0.7627 863.334428599129 41.9172881172952
0.76533 1146.47429802497 48.298828645797
0.76796 332.16766836912 25.9946451771419
0.77059 88.2378237785573 13.3962540758718
0.77322 226.391013840439 21.4553858626894
0.77585 448.847762861175 30.2069595673656
0.77848 302.684594031907 24.8029520451532
0.78374 403.748493856903 28.6394785207924
0.78637 441.387620836681 29.9412841225549
0.789 665.153070504247 36.7512264466505
0.79163 94.5102540317666 13.8516394717509
0.79426 28.2483580773256 7.57197175123938
0.80478 501.584235168963 31.9082624110988
0.80741 251.463020599219 22.5958505408963
0.81004 235.579196151798 21.8736114807283
0.81267 25.0084509189525 7.12780486552191
0.8153 62.3365560207568 11.2549655878186
0.81793 60.4442605858062 11.0843607064402
0.82056 264.354629224428 23.1839218961338
0.82319 493.234160520224 31.6723531806675
0.83634 65.3171953950167 11.5337048972854
0.8416 333.96060451884 26.0869375496287
0.84949 150.87573824036 17.5414573002842
0.85212 146.295591179131 17.2755433149722
0.85475 379.911349059403 27.8430842702818
0.85738 316.276716951171 25.4079669009723
0.86001 603.538601891847 35.1033778995375
0.86264 75.3267812831835 12.4031258675255
0.86527 73.0400520915932 12.2151000605982
0.8679 355.434208696687 26.9498364012875
0.87053 651.113664413055 36.4808491544134
0.87316 502.815277061071 32.0627495243948
0.87579 154.779261988777 17.7915135416882
0.88105 434.907949844082 29.8315000844888
0.88368 568.883625287934 34.1230675541161
0.88631 142.710543771798 17.0932361733424
0.88894 754.864329734574 39.3179269578197
0.89157 1323.60158632769 52.0708514900955
0.8942 619.024137993057 35.614733257574
0.89683 43.9559329861089 9.49171091507896
0.90472 379.887040496158 27.9274747337062
0.90735 219.203664161649 21.2232427562295
0.91261 919.261872285475 43.4984531789763
0.91524 1414.16586912382 53.974336262387
0.91787 520.214419364049 32.7499859921305
0.92313 421.672925038438 29.5102510931474
0.92576 321.411680760675 25.7749721632531
0.94154 951.510858096964 44.4595467321842
0.94417 529.790349837523 33.1887918355088
0.9468 249.932374469107 22.8050901289711
0.94943 487.65285064184 31.8681521485845
0.95206 478.026299360624 31.5651753243578
0.95469 485.724546749599 31.8315655123538
0.95732 15.3134740442923 5.65431953328062
0.95995 14.8568254890028 5.57168886875131
0.96258 602.286508354771 35.4899694221685
0.96521 511.277297483191 32.7123974997123
0.96784 451.469854576515 30.7523573257388
0.97047 712.728842606024 38.6550256061719
0.9731 661.880004119623 37.2660227256808
0.97573 380.158076205038 28.254328613186
0.97836 466.795938033481 31.3217294978147
0.98099 302.344231955025 25.2180914578093
0.98362 539.807615509666 33.7100889632925
0.98625 747.085570757813 39.6738589779828
0.98888 745.791434759124 39.6557981579647
0.99151 1110.86331485232 48.4180053362099
0.99414 1241.68876302573 51.2107801513082
0.99677 675.314674324013 37.7821265623466
0.9994 1052.92623203227 47.1965681053952
1.00203 1012.62415502186 46.3058399215988
1.00466 1672.04358003744 59.5299357839149
1.00729 1991.48717905201 64.99802852968
1.00992 2561.40647700342 73.7480096370277
1.01255 460.841572769879 31.2958188377169
1.01518 88.8241777058129 13.7459687057457
1.01781 19.3662533025406 6.42142823462608
1.02044 396.035977768785 29.0519336602753
1.02307 366.027070471631 27.9423570728191
1.0257 201.939332822808 20.7642105499198
1.02833 374.078523504233 28.2738338807024
1.03096 332.968720232936 26.687211699172
1.03359 744.359153618071 39.9200187131313
1.03622 301.478454138984 25.4170659752695
1.03885 1119.53793428949 49.0020568803468
1.04148 434.978172767956 30.5580813456286
1.04411 92.8833152272324 14.1272773738132
1.04674 197.744072791152 20.6223638122028
1.04937 1425.05447015197 55.385916840543
1.052 1300.23136381359 52.9286317645509
1.05463 420.463693539201 30.1121075255331
1.05726 1188.7132805415 50.6537771305718
1.05989 695.864310921633 38.7732100390436
1.06252 995.470866646535 46.3959182667658
1.06515 556.690541187605 34.711090907303
1.06778 272.170871486565 24.2816297039115
1.07041 92.6565437195851 14.173938685541
1.07567 67.9887636450481 12.1523852811334
1.08093 262.470310906739 23.8986190544428
1.08356 44.3446793722401 9.82761397322842
1.08619 145.23880887231 17.7935707856862
1.08882 455.263911360687 31.5172017167759
1.09145 941.450932108391 45.3428670683547
1.09408 1291.42251208987 53.1298059329081
1.09671 1250.1604626718 52.2974701474869
1.09934 1234.94164161676 52.0013469710182
1.10197 592.250167875573 36.0175264523862
1.1046 444.890705551369 31.221585982987
1.10723 602.358698409077 36.3348082767206
1.10986 165.775327919153 19.0643583524738
1.11512 185.597645763205 20.1781964048696
1.11775 654.860139843267 37.9085606419822
1.12038 487.842248441281 32.724242602081
1.12301 37.0674046067533 9.02179284288311
1.12564 301.765902121569 25.7453431962486
1.12827 1027.23438257693 47.5078303996315
1.1309 302.67323994212 25.7919534887848
1.16509 364.110025278991 28.3452363300088
1.16772 682.930945965978 38.8256445335905
1.17035 346.276604239926 27.6508410884136
1.17298 598.685733605796 36.3632506143684
1.17561 619.119478901193 36.9842598154465
1.17824 919.55719738738 45.0801657099419
1.18087 250.802957091208 23.5466358985342
1.1835 258.699967986673 23.9181244551957
1.18613 250.853803361789 23.5562226456375
1.18876 121.169076109631 16.3741043967387
1.19139 117.494092297788 16.1263470925566
1.19402 330.63464368644 27.0563044355171
1.19665 450.851709640824 31.5992990888843
1.19928 126.290853918166 16.7265376755022
1.20191 388.065685835187 29.3100674237073
1.20454 636.524597927674 37.5245741886469
1.20717 806.273144322443 42.2175613459819
1.2098 1166.41267053889 50.7600354470467
1.21243 291.410504990156 25.3624992999002
1.21506 29.9674275217762 8.13032131290453
1.21769 298.071409960897 25.6322397735868
1.22032 335.478174083165 27.1832786353335
1.22295 1.6065477549533 1.88044100797394
1.22558 178.687529676213 19.8245389155082
1.22821 1119.60465622065 49.6056661636043
1.23084 161.650371767981 18.8421364269541
1.23347 358.986280531289 28.0687746522358
1.2361 1393.02998040125 55.2722805263966
1.23873 1061.51441731417 48.2317045681924
1.24136 769.546242068505 41.0515366779593
1.24925 1034.41780415505 47.5429965043396
1.25188 113.738308187763 15.7591894311789
1.25451 58.4516722924947 11.2932979415105
1.25714 12.0513678554204 5.12604239081198
1.25977 11.6737690354895 5.04325770771473
1.2624 126.819843476595 16.6165437073255
1.26503 223.226439751889 22.0374461231445
1.26766 514.747978889067 33.4523795474916
1.27555 696.899895745787 38.8810444638825
1.28081 652.279537911809 37.5881576097056
1.28344 647.365570060065 37.432557865829
1.29396 676.17064883233 38.2000441918193
1.29659 654.979638962212 37.5828372985397
1.30448 199.839107433483 20.7239494410921
1.30711 294.111477625477 25.1228927902715
1.30974 808.795718185581 41.6307262314771
1.31237 927.072166958546 44.5381090120829
1.315 1544.91574736083 57.4522932903334
1.31763 2447.47858206086 72.2593270652045
1.32026 1117.66099867461 48.7942369751227
1.32289 289.226558844772 24.8033940619809
1.32815 465.758091115237 31.4288066235173
1.33078 874.783750216781 43.0402862748376
1.33341 895.8225712616 43.5223591360887
1.33604 948.240543930116 44.7442091216427
1.3413 615.071667059336 35.9824955231885
1.34393 220.461229954861 21.5262918703252
1.34656 718.012400064286 38.8189056628773
1.34919 788.129476701315 40.6396366176955
1.35182 422.314861944685 29.7264081890338
1.35445 817.486642860098 41.3273271725223
1.35708 1001.26091535606 45.702804917982
1.35971 1189.1549753433 49.7691465560645
1.36234 998.932684352486 45.580629765025
1.3676 694.178876186545 37.9392638199092
1.37023 757.776572003573 39.6089686692424
1.37286 83.1231235038172 13.1085035602205
1.37549 247.668653388802 22.6097857965542
1.37812 239.717134144449 22.2268897903931
1.38075 418.958081004279 29.3617655730442
1.38338 592.68049339954 34.8959006822023
1.38601 507.344416064505 32.2613280378234
1.38864 326.078098966186 25.8438853089957
1.39127 531.433269728557 32.967577568119
1.3939 370.102308293051 27.4908852795719
1.39653 172.334128334518 18.7446838113382
1.39916 311.169932690264 25.1683886618543
1.40179 381.864511790851 27.8594231965519
1.40442 200.400261165037 20.1662366299858
1.40705 79.0652097749767 12.6568647378545
1.40968 37.1247765454449 8.66607646438442
1.41494 199.441859252989 20.0544823476598
1.42283 368.495775467997 27.1947155122706
1.42546 1738.36059266014 59.019032549021
1.42809 235.298275526057 21.6962591884708
1.43072 631.481488370733 35.514735298843
1.43335 427.365657667096 29.1931061216997
1.43598 120.208501135499 15.4703363085606
1.43861 116.339976156116 15.2071474658796
1.44124 287.729128847214 23.8960288734131
1.44387 474.841228245111 30.6731241408429
1.4465 317.149288716418 25.0475407449845
1.44913 123.005732892515 15.5863616467276
1.45176 136.65550162615 16.4151144641952
1.45439 650.038237666156 35.7723539591142
1.45702 65.1703925448603 11.3174966694483
1.45965 99.3739116175169 13.9639397018708
1.46228 270.452175174191 23.017756992678
1.46754 108.79963174673 14.5754414174343
1.4728 26.7518293671921 7.21560350811422
1.47543 544.794711338927 32.5353467328712
1.47806 857.485797965392 40.7844826775204
1.48069 976.25585378633 43.4815701219714
1.48332 926.683410598807 42.3282582120248
1.48858 781.057960195021 38.7960200192074
1.49121 511.588313908511 31.3722289478988
1.49384 719.137080829492 37.1646318219745
1.49647 184.987623226889 18.8336134919774
1.4991 966.170389841141 43.0057869910199
1.50173 315.87953139001 24.574833745647
1.50436 684.344019036572 36.150016690831
1.50699 878.06641598915 40.9238097936726
1.50962 956.858434430186 42.695000184928
1.51225 443.102549277178 29.036601917322
1.52277 181.413225523677 18.5347610321828
1.52803 180.104434050752 18.4455780230026
1.53066 174.378356737409 18.1390550537735
1.53329 110.067067503217 14.402406106503
1.53592 106.567384501721 14.1630300897086
1.5517 102.276954494886 13.8245895369152
1.55959 99.442261227525 13.6067427906354
1.56222 96.2789813168033 13.3803934723208
1.56485 248.910599770411 21.5010155723089
1.56748 52.8409005385445 9.90047870584558
1.57011 250.31277690999 21.5350597909027
1.57274 242.348816428876 21.1766949579343
1.57537 333.485900691541 24.8261454848997
1.578 180.652847776273 18.2610380977542
1.58589 52.6803704343539 9.84289791349538
1.58852 389.204380696454 26.737365015879
1.59115 111.173891474289 14.2811108504657
1.59378 257.239738450658 21.7100149792734
1.59641 236.246736708538 20.7923786182495
1.59904 174.013230358221 17.8337320403718
1.60167 602.804224032554 33.1754963729219
1.6043 446.063615533816 28.5266290155761
1.60693 145.498139561631 16.2855862698482
1.61219 367.719236329405 25.8688822167986
1.61482 222.865166189599 20.1308806024154
1.61745 215.862821391853 19.8039874574151
1.62271 329.674878486669 24.4540215700866
1.62534 694.861329210799 35.4877151196776
1.62797 131.81481284479 15.4501440156988
1.6306 239.769864371107 20.8290293392933
1.63323 535.778220464705 31.1232845288203
1.63586 472.797611217569 29.2247999631173
1.63849 195.230273084261 18.7719054738094
1.64112 326.132622613742 24.2522825152912
1.64375 343.075518942079 24.8639963331838
1.64638 455.094856316573 28.6251291667739
1.64901 405.51899125663 27.0098619736218
1.65164 672.13122163445 34.7587320937408
1.65427 879.760024503378 39.750169031791
1.66216 777.906875418677 37.3318665308373
1.66479 995.768275338728 42.2196296858255
1.66742 993.927906256178 42.1630428728855
1.67005 494.735685453698 29.7344697961756
1.67794 20.2261905609292 6.00463966080299
1.68057 565.308415138489 31.7315363368252
1.6832 306.830805971766 23.3677110864281
1.68583 324.377918770974 24.016543485212
1.68846 1577.97885720267 52.9484762350359
1.69109 2252.70198260048 63.2371966916252
1.69372 788.600367353675 37.3995981403417
1.69635 39.6605024976143 8.38368805925149
1.69898 72.8634351125324 11.3586895124996
1.70161 274.699366804526 22.0465644990502
1.70424 441.349892173018 27.9376820004723
1.70687 236.001393649566 20.4240960981257
1.71213 92.3648129169363 12.7706225676229
1.71476 355.823980962578 25.0589532443843
1.71739 651.144277939038 33.8899087973065
1.72002 61.2432119905276 10.3907566437621
1.72265 13.8896183134931 4.94708870585422
1.72528 116.465995232473 14.3215624766335
1.73054 881.517293293423 39.3802662373306
1.73317 177.762101291355 17.6794572077871
1.7358 226.738716563827 19.9617325112978
1.73843 301.531284969664 23.0137594445092
1.74106 815.541864521927 37.8381975520268
1.74369 304.843824509631 23.127669987317
1.74632 261.924006630879 21.4321946086334
1.74895 33.5619878157737 7.66988018062058
1.75158 25.0590314325747 6.62571227354089
1.75421 659.696203574233 33.9866261533033
1.75684 1037.95543640473 42.619758615869
1.75947 44.9700409318229 8.86888007861753
1.76736 491.65676307823 29.3018010669956
1.76999 1270.76302005145 47.0956568325693
1.77262 368.222277730001 25.3447966499593
1.77525 328.088191407325 23.9174143196238
1.77788 161.217077644065 16.7613708338652
1.79103 11.3957542599957 4.45041040865886
1.79366 117.902487845131 14.3111564274723
1.79629 103.533894671648 13.4072336474091
1.80155 36.264546474648 7.93104894137879
1.80418 35.1428828099896 7.80620545802735
1.80681 412.195564759824 26.7303535015796
1.80944 740.785031106315 35.8286860946855
1.81207 841.241381130261 38.1748037817239
1.8147 265.076920977948 21.4256572611129
1.81733 234.008369331958 20.1277654725018
1.81996 52.4834000136261 9.5306495702376
1.82522 137.574008908886 15.4256316427927
1.82785 41.7453860974682 8.49592340840339
1.83311 349.444121735326 24.57300830336
1.83574 1170.25538046002 44.9615530196404
1.83837 735.311864311817 35.6343029921808
1.841 312.166710540067 23.2143888770945
1.84889 7.68265183601247 3.64010445516474
1.85152 7.44501384995204 3.58279878330297
1.85678 20.3509634119786 5.92167912307362
1.85941 536.419489605805 30.3973683395113
1.86204 885.079408367547 39.039669857683
1.86467 125.143888732018 14.6774674325863
1.87256 951.862139114113 40.4601092769488
1.87519 170.580612697441 17.125215974324
1.87782 351.75769503036 24.5880564329444
1.88045 518.911480452796 29.8593391117226
1.88308 139.981240942427 15.5059936925825
1.89886 15.3551402929037 5.13071521660689
1.90149 14.8805545235085 5.05007060859517
1.90675 215.727536330835 19.2245062835677
1.91464 25.3061298757028 6.58244096302563
1.91727 62.8226919155239 10.3702587989483
1.9199 37.1162455289323 7.97022446183673
1.93042 617.76950365077 32.5035291027127
1.93305 436.695515264955 27.3252294594474
1.93568 76.2014383935856 11.4133515551078
1.93831 2.85517326661631 2.20904719429617
1.94094 56.5716263047566 9.83207614741155
1.94357 396.069254014921 26.0128897144922
1.9462 273.559617514248 21.6165386120733
1.94883 560.923240446938 30.9505942809563
1.95146 682.767662678502 34.1437214491084
1.95409 88.452366393679 12.2881416800576
1.96198 525.511419506855 29.9428963824277
1.96461 128.529726281575 14.8068127787323
1.96987 247.457485150825 20.5411236184071
1.9725 614.481505526601 32.3657255056557
1.97513 214.816273951969 19.1346956726025
1.98039 86.8450475906769 12.1639474545131
1.98302 102.485526168116 13.2126606234616
1.98565 99.3271790579597 13.0061889893017
1.98828 196.371440860326 18.2857240547069
1.99091 190.31975018314 17.999975249332
1.99354 289.148315167979 22.1843793555652
1.99617 280.237444640833 21.8377050189079
2.00932 21.4186935849449 6.03484876439421
2.01195 281.751650535995 21.8862943046124
2.01458 252.962846691757 20.7365481452106
2.02247 434.679476965649 27.1769000982464
2.0251 210.833152078676 18.9257839173884
2.02773 122.826576270037 14.444405486134
2.03299 136.992227098489 15.2524493753112
2.03562 192.871438826464 18.0965025385437
2.03825 304.99260184563 22.7548718858682
2.04088 237.656966819536 20.0851031841878
2.04351 396.235702494959 25.9325151384007
2.04614 435.451362310159 27.1835833884281
2.04877 1017.27754502307 41.545658279707
2.0514 137.193679627204 15.2560463683612
2.05403 669.366748382233 33.6958210388699
2.05666 465.216873456792 28.0892878276005
2.05929 120.271663990569 14.2811663521239
2.06192 239.320313625414 20.1437728024331
2.06455 386.974477867552 25.6130445255508
2.06718 150.247670626627 15.9585314044587
2.06981 158.175534501886 16.3729790251507
2.07244 203.694635332383 18.5787650516865
2.07507 48.8351545974563 9.09624863963163
2.0777 17.0845807834034 5.37981313486547
2.08033 16.5589908374092 5.29603618982529
2.08559 237.886157574684 20.0704241670987
2.08822 301.322840214919 22.5869172988458
2.09085 68.5783123652839 10.7746531395895
2.09348 724.313269231922 35.0140287182675
2.09611 259.838329639689 20.9700481559379
2.09874 98.480657269656 12.9089893272909
2.10137 49.1707402053254 9.12103349944413
2.104 47.6602965134176 8.97941944392793
2.11189 399.061051238094 25.979284192108
2.11452 693.459175630823 34.2449993359903
2.11715 399.607743479121 25.994583377957
2.11978 981.998474802839 40.747457859543
2.12241 443.897966335445 27.394658275278
2.1303 487.469690733368 28.7035556141481
2.13293 1120.77767261565 43.5211951480356
2.13556 464.450035387701 28.0149444092254
2.13819 162.562985342953 16.5733492754991
2.14082 370.735129065209 25.0270984948998
2.14345 373.415341511463 25.1161976695231
2.14608 33.4070959502662 7.51201342387396
2.15134 76.2651429428522 11.3490207370272
2.15397 85.9706735031402 12.048963336339
2.1566 153.013547095418 16.0738026130373
2.15923 136.993755311246 15.2083901045798
2.17501 432.004271751296 26.9992594103686
2.17764 564.495337729551 30.8615095914795
2.18027 18.4903195513154 5.58519508986135
2.1829 228.810180591168 19.6463991032001
2.19342 391.823940486125 25.704393348972
2.19605 146.167373300096 15.6987920561468
2.19868 224.279541248644 19.4453150646086
2.20131 111.62765934433 13.7179274647145
2.21446 101.599353098095 13.0847810199909
2.21709 285.516098357066 21.9341072616891
2.21972 197.501320027675 18.2420372459842
2.22235 15.7097961308637 5.14466717561957
2.22498 79.895103370605 11.6015432295751
2.22761 77.442448487144 11.4216510923173
2.24339 86.9258283264633 12.098060905182
2.24602 588.56001122513 31.4789606733617
2.24865 1475.26800104341 49.8361094704625
2.25128 930.13753434473 39.5699875980315
2.25391 272.311781138641 21.409632004526
2.25654 987.801665873376 40.7750517678834
2.25917 508.318225049541 29.2490079178656
2.2618 773.002507451209 36.0676133422905
2.26443 184.87443950307 17.6379879749138
2.26706 8.31920112119175 3.74140800201936
2.27495 2.24050927087917 1.94141588968206
2.27758 201.601204333268 18.4151565508849
2.28021 1119.30079254316 43.3896258790679
2.28284 110.074822220172 13.6063030828707
2.2881 431.253103623551 26.9295779141613
2.29073 259.663040703303 20.895469786364
2.29336 56.6722684002543 9.76148762859934
2.30388 72.8551334436805 11.0662433616616
2.30651 248.460916649595 20.435525635803
2.30914 482.264289472148 28.4699009761994
2.31177 234.019195389057 19.8315097236208
2.33281 155.126660698691 16.1423323631286
2.33544 150.366560249133 15.892247508535
2.34333 149.04491318505 15.8207889064281
2.34596 212.077334875916 18.8713646500167
2.34859 65.5313990293987 10.4898074991274
2.35122 462.902267107551 27.8787997316658
2.35385 762.189268300158 35.772348401385
2.35911 154.154664039759 16.0867238594718
2.36174 772.693240152259 36.0146704523463
2.36437 181.94931090083 17.4758259963036
2.367 67.3663425433385 10.633362110627
2.36963 18.4159451055916 5.5594616511579
2.37226 17.8508462670309 5.47333147960637
2.37752 85.2858891059883 11.9628363157512
2.38015 122.762350681262 14.35207774565
2.38278 38.8632044743677 8.07491750109661
2.40382 34.598328352106 7.61717197793686
2.40645 33.5370593836446 7.49925012465798
2.41171 106.04301967552 13.3344369587048
2.41434 180.263506726319 17.3850799168577
2.41697 75.0968360288624 11.2207722489604
2.42223 215.801077710499 19.0202849165894
2.42486 539.088270451245 30.0614065512189
2.42749 599.08412997353 31.6892824166761
2.43012 1031.44712368315 41.5796781295676
2.43275 1061.43553243432 42.1787388436685
2.43538 465.647696768152 27.9360274464855
2.43801 933.525573957487 39.5537959337518
2.44064 657.65131399555 33.1980094051602
2.44327 438.543849686053 27.1087722089015
2.4459 144.73543905248 15.5732736585305
2.44853 444.843999779818 27.3014353053392
2.45116 343.120066452183 23.9769427615934
2.45905 555.121364641954 30.4952449347586
2.46168 386.735694427593 25.4527328021276
2.46431 35.9899389627795 7.76438350973473
2.46694 110.096176473902 13.5797468904666
2.46957 418.682907959582 26.4811783267777
2.4722 390.407803601077 25.5707265116981
2.47483 50.8721283782324 9.23023818751515
2.47746 63.9422001273177 10.3479869717542
2.48009 14.1817488192492 4.87322104304955
2.48272 4.25688371255609 2.66984617437648
2.48535 4.12630777093206 2.62851394336889
2.48798 169.672439596706 16.8548253823464
2.49061 631.089240082613 32.5052209027948
2.49324 938.680627534801 39.6420212105027
2.4985 93.740250832716 12.5267431356511
2.50113 23.8444879673459 6.31768900404951
2.50376 12.6795677078903 4.60688790919573
2.50902 6.57280587486593 3.31675555711619
2.51165 125.40765197058 14.4874316709412
2.51428 341.53382157168 23.9076869591676
2.51691 78.1595808103377 11.4367632688566
2.5248 51.8099386908877 9.31091828866554
2.52743 99.212571982148 12.8842946495728
2.53006 395.761451614049 25.7326999719268
2.53269 426.049414969091 26.6986876743461
2.53532 482.146371181106 28.4014619817252
2.53795 184.384801204595 17.5632596150103
2.54321 58.1823018115977 9.86553501494203
2.54584 343.154347196252 23.9585902841622
2.54847 375.799931604633 25.0718379149129
2.5511 75.221113852478 11.2168010704653
2.55373 672.286932787296 33.5326431269606
2.55899 699.539494123976 34.2041812191719
2.56162 1075.62475060718 42.4125892067416
2.56425 185.181152444331 17.5976265381548
2.56688 328.589708804647 23.4408845949489
2.56951 318.51372689472 23.0782252042807
2.57214 359.796043308959 24.527756919961
2.57477 56.1466685336638 9.68908909994185
2.5774 86.1370607027121 12.0007196026415
2.58003 132.161124620028 14.8646756791294
2.58266 47.1731073091377 8.88059629635758
2.59055 120.038751243086 14.1654230525815
2.59844 219.19905181684 19.140887757395
2.60633 1.99749343374497 1.82709076175757
2.60896 70.7040471489967 10.8700420621411
2.61159 66.6591866536528 10.5543316923811
2.61422 111.552421749085 13.6531191589045
2.61685 108.1319077798 13.4419091852927
2.62211 351.278212199447 24.2266252019204
2.62474 406.131844291896 26.0490854033075
2.62737 63.6125772283169 10.309131928357
2.63 224.795556205917 19.3792116701988
2.63263 347.081946289921 24.0796350669641
2.63526 125.218257774774 14.4630324345242
2.64052 50.2099140056258 9.15806149442032
2.64315 746.720839244826 35.3166575668942
2.64578 183.879345475229 17.52502212243
2.64841 331.609337366736 23.5340741247586
2.65104 230.144471334798 19.6053976720159
2.65367 258.660076812732 20.784123983475
2.6563 387.118891999382 25.4261641674591
2.65893 228.290951617374 19.525162318264
2.66156 95.8681632996512 12.6525816031088
2.66419 379.640415392201 25.1779173086254
2.66682 42.6213614810852 8.43604487485039
2.66945 318.940473338521 23.0765923340946
2.67208 269.113195114756 21.1970778813146
2.67734 435.536037973118 26.9652110139398
2.67997 284.442455952263 21.7911736995995
2.6826 181.168319751097 17.3906645492798
2.68523 61.5871580070594 10.1393886090431
2.69838 211.126109408138 18.7713643029037
2.70101 204.65326500128 18.4810561001741
2.70627 148.397076270819 15.7368523166334
2.72205 33.9870288007671 7.53052134316385
2.72468 177.330974969483 17.2010365550126
2.73257 126.45331645403 14.5247628588957
2.7352 122.577156427997 14.3002155234017
2.75887 176.103768482114 17.1382702849878
2.7615 170.705677084765 16.8733189796586
2.76939 92.3125128017724 12.4076185747205
2.77202 89.4828661920978 12.2158013522211
2.77465 1.29111016481614 1.46732912994209
2.77728 1.25153388665182 1.44464475863698
2.79832 178.307516098848 17.2415196760796
2.80358 44.66477276453 8.62902189171085
2.80621 43.2957794611054 8.49564230247674
2.81147 15.7520465054296 5.12425568503363
2.8141 15.2692398953823 5.04504958115717
2.81936 341.294543740736 23.8512015795134
2.82199 536.332207796859 29.8990203909889
2.82462 221.061409378873 19.195123808125
2.82725 64.6525848017273 10.3805849421731
2.82988 38.7825041903812 8.03972574237916
2.83251 28.4168734682208 6.88186083823757
2.83514 80.4281644962053 11.5775388686391
2.83777 77.9630081933844 11.3985836898741
2.84303 60.8261694218485 10.0679416532738
2.84566 49.366827877865 9.07000436886016
2.85881 13.6607868920397 4.77089529733735
2.86144 308.700468431518 22.6790625921472
2.86407 323.168360343193 23.2041305720486
2.8667 98.3953998654747 12.8036180025644
2.86933 60.832887022466 10.0672059299941
2.88248 227.943070738162 19.4861064861002
2.88511 220.956519302417 19.1849075575817
2.89037 95.8212538057811 12.633569636934
2.893 146.063038971763 15.5976706690178
2.89563 51.5487960577361 9.26602077679873
2.90352 237.9797348991 19.9084692649712
2.90615 230.685969119544 19.6007769747795
2.92193 322.583768254403 23.1767665452804
2.92719 148.226740933593 15.7103008242075
2.92982 244.279708899417 20.1678560573796
2.93245 298.149791764713 22.280662808796
2.93508 240.799203286378 20.0231863180975
2.93771 44.8920772045599 8.64540476041975
2.9456 313.769403985116 22.8554733264068
2.94823 526.321121815294 29.6009150805725
2.95086 268.61066055655 21.1463868992421
2.95349 145.068513233133 15.5401764400759
2.95612 1051.88820562068 41.8455202697634
2.95875 89.5926111845328 12.2122332287649
2.9719 95.1944115301746 12.5874797716181
2.97453 92.2768266899514 12.3929357268062
2.97979 68.8772689426857 10.706695622009
2.98242 66.7662701628844 10.5412197572748
