-0.19725 36.9250917512284 9.11396303802607
-0.19462 39.3732734188535 9.40652893048385
-0.18936 229.189507491417 22.6719914305283
-0.18673 244.384330244946 23.3997105983418
-0.18147 774.378253505504 41.6114387627754
-0.17884 428.988607599866 30.9556466932717
-0.17621 242.722847864658 23.2730312972367
-0.14728 279.691182083638 24.8432902993157
-0.14465 987.458790859976 46.6559618611144
-0.14202 1.07695143736093 1.54000957079938
-0.13939 48.689791681398 10.3495577659833
-0.13676 421.801220469983 30.4462631940669
-0.13413 581.019240791103 35.7151399707581
-0.1315 418.684980804338 30.3024385316741
-0.12887 765.571540744775 40.9546611733628
-0.12624 569.500760415118 35.3048141750525
-0.12361 85.2096191138736 13.6491996407601
-0.12098 90.8564936190796 14.0869420264133
-0.11835 879.997679713715 43.8182612380105
-0.11309 489.309461631079 32.6404966284306
-0.11046 1414.46808875408 55.4672284695206
-0.10783 803.304370902722 41.7786746301824
-0.10257 114.910204577224 15.7849277622344
-0.09994 164.088980006742 18.8528498418189
-0.09731 44.3314034859657 9.79554784109244
-0.08679 41.1205253934969 9.42195586672395
-0.08416 347.26195325658 27.3715757636646
-0.08153 1332.64602556257 53.6028611644953
-0.0789 665.772465783584 37.8750103844123
-0.07627 38.9605087539595 9.15928013286446
-0.07364 118.223850490058 15.949999642514
-0.07101 834.68516840331 42.3670748306762
-0.06838 93.6797393505571 14.1889049922358
-0.06575 325.597361757452 26.4438876321145
-0.06312 852.358884568889 42.7715352645152
-0.06049 946.883642436931 45.0661582038958
-0.05786 471.261493837442 31.7827705311653
-0.05523 367.132017097474 28.0433800199338
-0.0526 1540.58268185593 57.4275241201952
-0.04997 898.913066586426 43.852534762145
-0.04734 3101.91887201028 81.434652490956
-0.04471 2199.71142620934 68.5543421510617
-0.04208 1202.85740668206 50.6777325617014
-0.03945 1806.09924371856 62.0781554360536
-0.03682 1716.06908013635 60.4913372593888
-0.03419 2964.18883007934 79.4760813945094
-0.03156 4033.62846129101 92.680651109924
-0.02893 4409.2437335518 96.8680833339127
-0.0263 4397.1971840507 96.7039144909084
-0.02367 5122.08839767065 104.336665958409
-0.02104 6974.14667799226 121.707180478289
-0.01841 8931.88032708232 137.689004366069
-0.01578 9741.71191433089 143.748230606326
-0.01315 13542.2181914345 169.42860323944
-0.01052 15087.3560466427 178.774372832836
-0.00789 15224.7611981658 179.527387102157
-0.00526 16637.6562675761 187.610964667598
-0.00263 17209.4641517086 190.744664819488
-0 17431.6442364908 191.90857927125
0.00263 17982.5925652279 194.876670804922
0.00526 17592.9235229217 192.716040198844
0.00789 16694.8340685762 187.696006729527
0.01052 16007.575913352 183.756138064902
0.01315 13461.8330331029 168.479174823368
0.01578 14146.6544326843 172.677607681277
0.01841 13509.4073545947 168.710568929822
0.02104 10348.3104363169 147.629729100866
0.02367 10177.2290342915 146.375636521388
0.0263 7426.10328033584 125.011338616818
0.02893 4175.34621682011 93.7195116024241
0.03156 3688.14019613692 88.0647902174143
0.03419 3156.15987608123 81.4503362979153
0.03682 3288.78123384218 83.1276750966158
0.03945 2244.77234070974 68.6639868420768
0.04208 2266.88104840375 68.9877404676263
0.04471 1294.73846253744 52.1270606247974
0.04734 1602.57638652692 57.9824021845372
0.04997 270.513305967553 23.8174761879931
0.0526 5.30665287477005 3.33523407661477
0.05523 569.345841940897 34.5397013522353
0.05786 1399.07719861593 54.1334653470203
0.06049 1535.85437668555 56.7067117325715
0.06312 763.21259200044 39.9665471052316
0.06575 632.753518570609 36.3835890191084
0.06838 638.678592376235 36.5463312400517
0.07101 591.024482057266 35.1495412849468
0.07364 970.482056810635 45.0323869171841
0.07627 2508.59882364313 72.3870821859541
0.0789 1719.24047365258 59.9139559183438
0.08153 1683.90011257554 59.2832534389496
0.08416 667.331950672465 37.3128975918653
0.08679 1666.88613630183 58.959677661228
0.08942 1486.39711251365 55.6651831293233
0.09205 1820.55833856252 61.59317110136
0.09468 2986.40808708379 78.8712738046909
0.09731 3518.52289982005 85.5930396555697
0.09994 3298.40071447443 82.8559903940312
0.10257 2729.27634324539 75.3582314511053
0.1052 4332.76962555122 94.9372030830052
0.10783 4213.98822367767 93.6153297281357
0.11046 2741.18774394063 75.4946834894503
0.11309 3923.59060377267 90.3099232704301
0.11572 4310.43937113693 94.6457332298311
0.11835 4849.3741184748 100.375966714835
0.12098 4977.68745530848 101.682758851432
0.12361 5566.26926735214 107.513305513726
0.12624 6965.5613974992 120.255447259821
0.12887 7024.00506168064 120.74403284037
0.1315 7912.84071662242 128.140390018558
0.13413 7534.54943194824 125.024469463014
0.13676 8791.40426329917 135.03365928107
0.13939 8858.04093017251 135.527764123778
0.14202 10455.2317381249 147.222019811929
0.14465 9790.523567704 142.447684235454
0.14728 11294.2691130111 152.977648906158
0.14991 10675.1669221063 148.707448379035
0.15254 11514.5751241642 154.424355816188
0.15517 13448.413787398 166.868289056837
0.1578 15210.9404579763 177.44458194978
0.16043 18918.8555956049 197.869363466948
0.16306 22757.3554732691 216.989352750729
0.16569 29109.8047696764 245.382486592739
0.16832 37250.5239023655 277.546966520517
0.17095 45396.1625830413 306.355884217844
0.17358 54712.0631862591 336.282719065319
0.17621 63652.5916825671 362.674804576295
0.17884 72771.9397801237 387.737350726633
0.18147 79409.2783354479 404.983749483037
0.1841 82404.636083664 412.500131532927
0.18673 83835.6470917935 416.014925056888
0.18936 86962.4774041598 423.649572697903
0.19199 87872.3996759698 425.807513585259
0.19462 87335.3023026774 424.451657782084
0.19725 89363.2941511935 429.298266369969
0.19988 89103.3391254472 428.620319767785
0.20251 88000.9162648796 425.919738985311
0.20514 84906.2663261552 418.326566739087
0.20777 78258.7456787121 401.581236720516
0.2104 67891.7929125622 374.004648858865
0.21303 57800.4082413182 345.060460636032
0.21566 48064.731192024 314.633078858426
0.21829 40186.7389804542 287.669536604351
0.22092 32417.4503817885 258.346915526738
0.22355 27355.803589124 237.301207202971
0.22618 23303.3565264255 219.000848678524
0.22881 20299.1266939913 204.379144578024
0.23144 15136.798474825 176.472179572152
0.23407 12092.3288814604 157.715921785621
0.2367 10148.103529718 144.468887782092
0.23933 8973.99883475755 135.842668277397
0.24196 8530.66378666869 132.432909245028
0.24459 7297.97319605853 122.480496833792
0.24722 7436.53760605153 123.62676084523
0.24985 6263.45060491188 113.447574842025
0.25248 7345.89410731589 122.849105839847
0.25511 6940.32289719041 119.399024685088
0.25774 5994.50165528062 110.955478185338
0.26037 6277.05994362043 113.530252685115
0.263 6424.28234939432 114.843661076088
0.26563 6841.9586158566 118.507595294138
0.26826 5619.37270885719 107.389327237964
0.27089 5106.24853440766 102.359795340144
0.27352 4696.39946358351 98.1572028146754
0.27615 5232.93539562236 103.603293869104
0.27878 6557.88463698411 115.969550464947
0.28141 6715.41214771253 117.343659288362
0.28404 5525.05772377674 106.427264130831
0.28667 5100.05371849771 102.242875108111
0.2893 7244.39868157061 121.845089907229
0.29193 8833.6207126497 134.535659341378
0.29456 9583.06389656124 140.113957089724
0.29719 10088.3609772722 143.747624219849
0.29982 10791.0700410372 148.65645768528
0.30245 11915.6890523402 156.200971195871
0.30508 13051.7189209622 163.467715868974
0.30771 13784.2467040083 167.982346178653
0.31034 15524.9188641534 178.26282160441
0.31297 18349.7448984938 193.791668540596
0.3156 19280.6015040111 198.634349463777
0.31823 20095.2586637573 202.775199283226
0.32086 21902.057428575 211.682259982967
0.32349 22880.4439244578 216.34566485929
0.32612 25425.2982541026 228.0462663426
0.32875 27063.0207979023 235.262135442429
0.33138 27917.1697315231 238.931577486644
0.33401 28491.8401526764 241.36375916528
0.33664 28293.5093995701 240.5078038137
0.33927 28540.7119314987 241.541696757491
0.3419 27980.2058592802 239.143791094136
0.34453 28401.6497113582 240.923621443323
0.34716 27975.5933370983 239.095383897834
0.34979 28547.4582218473 241.512268549604
0.35242 27361.8917571685 236.429937473138
0.35505 28083.5332225872 239.513065798527
0.35768 27390.2990165526 236.524236956871
0.36031 25248.1033995626 227.073036158385
0.36294 23988.8985072677 221.324891832551
0.36557 21921.1805918905 211.558750942919
0.3682 19793.9024778899 201.019714318407
0.37083 19398.0104753094 198.98733883709
0.37346 17059.2951776658 186.595557148544
0.37609 16989.6507453106 186.203091512628
0.37872 16321.4028395446 182.493459942366
0.38135 15066.2579080401 175.325529940028
0.38398 14281.3668620958 170.687314106297
0.38661 13759.7451514436 167.53110150393
0.38924 13325.1732359963 164.854410113355
0.39187 12073.1222514829 156.908988479723
0.3945 10864.8726143062 148.841564263032
0.39713 11437.6876993569 152.705578588297
0.39976 8682.10553147938 133.037161907897
0.40239 8973.31573325836 135.243524976842
0.40502 7916.49926764128 127.024109527331
0.40765 7403.16507095401 122.83096100629
0.41028 7151.46166423948 120.719131062112
0.41291 5297.8964223074 103.898668771811
0.41554 3632.87928847443 86.0326482452714
0.41817 4104.74215762653 91.4450713154039
0.4208 3924.83360098494 89.4144148833579
0.42343 3381.60932132416 82.9923726905785
0.42606 3469.51460171257 84.0601911628997
0.42869 3357.91839135351 82.6933581243941
0.43132 3219.20245738279 80.9634955190629
0.43395 2298.02944184096 68.4025735707752
0.43658 3458.68146142719 83.9130431972932
0.43921 4562.8027754516 96.376150592924
0.44184 4389.14393341305 94.5198831090821
0.44447 2781.87386123545 75.2456704907607
0.4471 2625.91422817078 73.1025625078436
0.44973 3309.74031274383 82.0670502331065
0.45236 4294.31488877782 93.4756161447907
0.45499 4854.9147951991 99.3852024327416
0.45762 2969.98644615004 77.7298231459517
0.46025 2876.03237412387 76.4868639268146
0.46288 3308.25384978923 82.0292808713373
0.46551 3620.0884855184 85.8042112852371
0.46814 4158.56830734946 91.9603145291006
0.47077 4500.03639830603 95.656846024729
0.4734 3583.30391817265 85.3550812509618
0.47603 3094.17039960722 79.3120514579519
0.47866 4415.65223279433 94.7423190019051
0.48129 4599.43624206643 96.6892940276569
0.48392 5343.53798443735 104.21255514595
0.48655 6551.63283368001 115.387794760045
0.48918 8496.9715364489 131.400398396458
0.49181 7629.13566829911 124.503559974348
0.49444 8640.76210669657 132.495040781411
0.49707 8448.58277150901 131.007158473934
0.4997 9405.91047709836 138.223903417682
0.50233 10324.9838386926 144.81404167245
0.50496 11008.5038557603 149.52485298172
0.50759 10424.1320849642 145.49646323404
0.51022 11999.5256759745 156.098155390772
0.51285 12243.3690337649 157.670138018535
0.51548 11875.7418708649 155.278954249705
0.51811 11616.9194504818 153.571616536881
0.52074 13306.2784400747 164.35276423053
0.52337 13781.9189750539 167.257960474939
0.526 13464.0704575648 165.311618669719
0.52863 12809.942068809 161.239711368094
0.53126 13435.8491575726 165.125530655276
0.53389 12596.099204803 159.875876648374
0.53652 10942.8353858866 149.009195687158
0.53915 9803.11206528672 141.030600336634
0.54178 10109.0047276004 143.208502339741
0.54441 9217.6535352233 136.743919561051
0.54704 8140.6213448877 128.50198631145
0.54967 7122.98707756981 120.197482107766
0.5523 5910.57871994142 109.486991391325
0.55493 6799.52674736659 117.427573808371
0.55756 6059.49952324307 110.849144811496
0.56019 4954.70125532487 100.231892192217
0.56282 5621.84687507225 106.762791399493
0.56545 4536.56233196396 95.9018700471127
0.56808 3281.20695162472 81.5574550332189
0.57071 3271.873249278 81.4382264841127
0.57334 2800.94526965032 75.3469366088935
0.57597 3024.31459538322 78.2906658104095
0.5786 2065.63488478828 64.7003302642595
0.58123 2263.30265131321 67.7226972292444
0.58386 2639.67515785436 73.1343464342748
0.58649 2599.18607962183 72.5684819774348
0.58912 2256.2609573164 67.6094223283009
0.59175 1751.67465102567 59.5692992446305
0.59438 2454.0119405553 70.5045768881615
0.59701 1803.2496774938 60.4352205614033
0.59964 2158.5491896476 66.1191121425143
0.60227 1718.03873048109 58.9859943017431
0.6049 1701.11829133029 58.6929687469933
0.60753 4309.58457086142 93.4163540827272
0.61016 3415.87115166253 83.1653344711821
0.61279 2482.36598813242 70.894230375054
0.61542 2041.4514730573 64.2885904116866
0.61805 1925.70015038884 62.4374404627516
0.62068 2791.57201748152 75.1729446760846
0.62331 3461.95573602094 83.7113381758567
0.62594 3574.79135196256 85.0619358041175
0.62857 1421.55800791039 53.638742591803
0.6312 410.014069989856 28.8059403742929
0.63383 1833.23959385273 60.9086077623418
0.63646 2890.61406715309 76.4804605433463
0.63909 2310.59324835022 68.3759806234431
0.64172 3866.58937848907 88.4488566245197
0.64435 3785.81097321903 87.5173254092487
0.64698 4669.90083413478 97.1974295680139
0.64961 4422.64101731841 94.5862856703143
0.65224 4057.51490749296 90.5949028912511
0.65487 3550.62546406067 84.7446923978979
0.6575 5977.01634922061 109.948338590336
0.66013 5019.8323015319 100.757509975722
0.66276 4579.75407012971 96.2366002083906
0.66539 5156.81187251496 102.11656751364
0.66802 6310.62219893138 112.960868965423
0.67065 7051.48496995667 119.403922946781
0.67328 6035.86317884053 110.467459100486
0.67591 6653.43010347559 115.977525460108
0.67854 7397.34224888293 122.285583886564
0.68117 7602.18189815157 123.963234465622
0.6838 7412.57546288441 122.403743356009
0.68643 7134.14246401675 120.079090147715
0.68906 6603.64099872212 115.524631105477
0.69169 6104.02168631191 111.065009729402
0.69432 6938.63969331682 118.411192409134
0.69695 7671.1876998609 124.501118058908
0.69958 7258.78662263462 121.104511353148
0.70221 6984.40239431834 118.790099032101
0.70484 5775.80135015999 108.021661701683
0.70747 6684.02847779585 116.201835123987
0.7101 6459.66226117391 114.232020215201
0.71273 5247.83837223805 102.958519026186
0.71536 4436.94262165184 94.667972799651
0.71799 5426.70052516525 104.69313572299
0.72062 4048.21889799271 90.4214323666928
0.72325 4455.54003687334 94.8590282978755
0.72588 3084.77851933117 78.9277273087955
0.72851 2509.02104237228 71.1801439917029
0.73114 1484.60354216918 54.7521355230682
0.73377 1620.12973306294 57.1952310172258
0.7364 1527.70776865118 55.5385031916093
0.73903 2829.59649268479 75.5832193826484
0.74166 1654.61255031385 57.7963474371496
0.74429 2259.12122706364 67.532232608588
0.74692 1795.83728123411 60.2093493546037
0.74955 1729.90863161855 59.0923318012679
0.75218 2921.56894875975 76.7921305117445
0.75481 1778.50517297979 59.9135860350921
0.75744 729.878031748061 38.3806207829193
0.76007 2048.77394362994 64.3017762752968
0.7627 2441.49314313235 70.1928381915198
0.76533 2206.37279489474 66.7257700894852
0.76796 771.58866834714 39.4580997887623
0.77059 1357.90323156748 52.3439816802393
0.77322 2262.4360927439 67.5631052853285
0.77585 2389.58207176712 69.433892766374
0.77848 1235.72413205808 49.9298658390778
0.78111 1255.62951727698 50.329137656637
0.78374 1871.57164271015 61.4442226789649
0.78637 1431.80109971937 53.7413122524978
0.789 1524.1607970436 55.4461516725545
0.79163 2384.91384820007 69.3555877497998
0.79426 1317.24040818306 51.5426477243665
0.79689 1170.57169467523 48.5872482741496
0.79952 2561.13251512381 71.8668171777238
0.80215 2134.11128301654 65.6009771282334
0.80478 1764.30887748996 59.6456263501592
0.80741 1331.90467767338 51.8223832770682
0.81004 1185.54434919676 48.8910346343041
0.81267 1075.71896877664 46.5703234172075
0.8153 1315.6095251296 51.5006677042227
0.81793 3297.72426789314 81.5353686752719
0.82056 3221.14199732072 80.5811234199629
0.82319 3311.60932937705 81.7028948417078
0.82582 2972.9396541166 77.4106038380585
0.82845 3067.71213704961 78.6328872749399
0.83108 3173.38882673183 79.9738632873979
0.83371 3339.69329299218 82.040676902173
0.83634 2187.79582753209 66.4001175421949
0.83897 2747.90291588602 74.4141723408343
0.8416 3630.60491697892 85.5330519348839
0.84423 5323.09064445549 103.565692287584
0.84686 4842.11542956679 98.7736401560909
0.84949 4375.20696256911 93.8884780106138
0.85212 3442.39409111811 83.2784818466676
0.85475 1795.27756550376 60.1392232491629
0.85738 3515.12022597253 84.149513759173
0.86001 4975.93299429851 100.117105865257
0.86264 5205.18453849266 102.394963601983
0.86527 4050.81510162531 90.3277610502765
0.8679 4213.82798717741 92.1250934478565
0.87053 3768.56613599639 87.1198490584192
0.87316 3450.4393384999 83.3596236748086
0.87579 5062.22692022892 100.966860989816
0.87842 4405.03685584559 94.1829578602774
0.88105 3949.00925461342 89.1725384962479
0.88368 4078.3857268601 90.6193003368071
0.88631 3838.55326971434 87.9123404888419
0.88894 3895.02007348527 88.5544534389215
0.89157 2819.82661732403 75.3453161459839
0.8942 2925.30263740973 76.7396753133173
0.89683 1672.19697704354 58.0186703832157
0.89946 2103.84212408968 65.0758915033312
0.90209 1739.64448210851 59.1746428389196
0.90472 1912.1025991331 62.0373588174147
0.90735 3149.02500575121 79.6119146731579
0.90998 1979.70737737881 63.1223014535095
0.91261 1721.15199282649 58.8551195192221
0.91524 1309.79675319005 51.3415408166268
0.91787 855.883389998223 41.5017635457082
0.9205 705.860148662908 37.6886770562785
0.92313 1478.95653635218 54.5533689591394
0.92576 1149.26357229806 48.0890280230707
0.92839 148.30843748299 17.2747358933027
0.93102 572.108537793909 33.9281366752391
0.93365 243.458231666689 22.1322380958783
0.93628 455.983223789599 30.2886447630476
0.93891 453.071610603046 30.1912532715559
0.94154 94.4039430801334 13.7811382734642
0.94417 150.690666893171 17.4110718202027
0.9468 160.837228656597 17.987380693276
0.94943 1123.74390353321 47.5445362853277
0.95206 995.919724044494 44.7580764842581
0.95469 942.044836078271 43.5298669076441
0.95732 508.072694752136 31.9673609983318
0.95995 783.561211218868 39.6983656015681
0.96258 1624.94907686307 57.1673873825914
0.96521 307.636476645085 24.8736595523786
0.96784 562.320030800214 33.6282953053678
0.97047 224.351875524281 21.2407687824691
0.9731 1143.74526951878 47.9581407652683
0.97573 683.497176917787 37.0730526889806
0.97836 843.242011392365 41.1773512040638
0.98099 891.292019302535 42.3335413573573
0.98362 904.437227177605 42.6438207071269
0.98625 1342.40816326951 51.9519063158494
0.98888 239.986870945228 21.9657096848402
0.99151 1198.2881040547 49.0822454840723
0.99414 1426.55528168765 53.5525806074832
0.99677 2335.18911184594 68.5155944514776
0.9994 1430.98522553702 53.6337640674552
1.00203 2122.93529629788 65.3253369123208
1.00466 1701.81096322698 58.4873500069754
1.00729 2795.78288001162 74.9636997882679
1.00992 3232.59291755567 80.6060810264055
1.01255 2530.42029693373 71.3151229537183
1.01518 2860.47260570578 75.8223439857366
1.01781 2478.54990889506 70.5781303142319
1.02044 2410.15273238124 69.5963722984517
1.02307 2371.32384776084 69.0323661676858
1.0257 1946.26580943124 62.539068250349
1.02833 2065.19903003795 64.4205295592566
1.03096 3257.08470922017 80.900436611221
1.03359 2744.11448668772 74.2558127475804
1.03622 2823.92806838143 75.3267381103201
1.03885 2368.27727605856 68.9813395956317
1.04148 2689.36452005546 73.5077600359677
1.04411 3455.16312397183 83.3173857242231
1.04674 3991.2239026077 89.546250427533
1.04937 2170.35416609039 66.0317286382744
1.052 3198.525177489 80.1595464745218
1.05463 2880.29558395641 76.0662306673309
1.05726 3842.68395923337 87.858483452069
1.05989 1306.85360855198 51.2357197255024
1.06252 845.942148741493 41.2213968236314
1.06515 1248.6415608614 50.0799938166502
1.06778 1740.69789965271 59.1289377794014
1.07041 1984.65707440454 63.1355711613165
1.07304 1971.59319093351 62.9264209044991
1.07567 2986.48832633824 77.4457851895327
1.0783 1637.68762518415 57.3490080449064
1.08093 1674.96368028469 57.9970726925494
1.08356 1084.45861194542 46.6662461398313
1.08619 1412.84917161946 53.2644291098838
1.08882 2193.01896286751 66.3595708463238
1.09145 2052.82224963045 64.2023681161853
1.09408 1890.8840689015 61.6170390085105
1.09671 2167.94637153751 65.975947991039
1.09934 2455.28019054198 70.2109582050651
1.10197 2069.08041305341 64.452017112605
1.1046 1663.60754537761 57.791871440317
1.10723 1627.00256284154 57.1516698746366
1.10986 902.529894254146 42.5656325600717
1.11249 523.747265374835 32.4252001801785
1.11512 1437.39178304976 53.7158989716279
1.11775 2114.91437477378 65.1561105414159
1.12038 1069.1415543909 46.325471581921
1.12301 885.286527391587 42.1538900895543
1.12564 962.534317557489 43.9538912663722
1.12827 1376.53717063603 52.5625802883506
1.1309 1456.11568788147 54.0597623167985
1.13353 1697.17417726779 58.3623654145163
1.13616 321.604807217679 25.4053059754102
1.13879 500.46730316439 31.691624712562
1.14142 1625.53609010813 57.1147715028562
1.14405 1107.98602883166 47.1531557283919
1.14668 676.772610907799 36.8517820265809
1.14931 1224.27089528998 49.5643430489012
1.15194 1439.93470735671 53.7521050093009
1.15457 1775.74691918002 59.6908957679147
1.1572 1059.19765819232 46.0998542038638
1.15983 109.715550310177 14.8367446818974
1.16246 1265.76353815371 50.3934747529391
1.16509 2906.18635286827 76.3577685024428
1.16772 1727.56571739573 58.8711162903503
1.17035 1991.28903549367 63.2041531937898
1.17298 794.23014953369 39.9158271964319
1.17561 1130.84991625475 47.6286111344176
1.17824 882.568104363957 42.0758627239215
1.18087 2202.33311701893 66.4651367984042
1.1835 2800.75342643978 74.9520160305518
1.18613 2403.97505059735 69.4391412491272
1.18876 2487.31566693746 70.6314786490559
1.19139 2374.71118894184 69.0131303269873
1.19402 2736.46175045258 74.0823073588856
1.19665 1832.96289037699 60.6303572467906
1.19928 1243.15160190298 49.9308339069424
1.20191 2054.6231393844 64.1898405375789
1.20454 1310.9305284699 51.2722610870031
1.20717 1366.63041501721 52.349265699628
1.2098 2319.76345360103 68.2023479261233
1.21243 2509.60274023512 70.9369294887409
1.21506 2728.77342115858 73.9683711576819
1.21769 2923.58707456751 76.5619091518358
1.22032 2980.22473898227 77.2986067509672
1.22295 2083.87758899942 64.6361798478797
1.22558 1419.20393234451 53.3401707423788
1.22821 774.188382621714 39.3956021887644
1.23084 283.318957705448 23.8316798199146
1.2361 709.778727338659 37.7192601289744
1.23873 1711.96231231971 58.5788975959261
1.24136 1274.23421390407 50.5371962273782
1.24399 423.211892305286 29.1244587031019
1.24662 171.889099296489 18.5607498140761
1.24925 183.463124289488 19.1751230236952
1.25188 104.134540595096 14.4461987802989
1.25451 1225.21915643031 49.5513498787317
1.25714 876.162567443547 41.9018661277115
1.25977 1781.84084108839 59.754124645094
1.2624 2150.72235534787 65.6474747901198
1.26503 1591.15930364684 56.4644494119818
1.26766 1171.45673455754 48.4477719109915
1.27029 1118.39712622355 47.337042286501
1.27292 362.892716352618 26.964019875349
1.27555 319.345230302322 25.2940367230673
1.27818 896.410526714011 42.3773520562657
1.28081 964.028221695299 43.9458258986372
1.28344 1131.96621045097 47.6191789033734
1.2887 83.462233888384 12.9298950786753
1.29133 436.641722904421 29.5736567461618
1.29396 724.983721468232 38.1064904292211
1.29659 455.129188521625 30.1921876543892
1.29922 277.906847802907 23.5922452598429
1.30185 130.237680941842 16.1503811473197
1.30448 144.058202969801 16.9855121705407
1.30711 364.9428989572 27.0344358085835
1.30974 260.879571486923 22.8570453131501
1.31237 417.704611222459 28.9221043728938
1.315 653.107714133874 36.1645330553919
1.31763 1265.3668733823 50.3377600914023
1.32026 1249.95898289347 50.029796699244
1.32289 1190.67243723184 48.828367886041
1.32552 1055.58012444324 45.9744836882525
1.32815 1249.19974514083 50.0129419930411
1.33078 1030.95943525802 45.4341542642873
1.33341 1168.56711362192 48.3708467343883
1.33604 899.885997111351 42.4468832689576
1.33867 541.476209827612 32.9258465839668
1.3413 1357.43014866218 52.1316181462308
1.34393 1924.28993314857 62.068737813879
1.34656 2697.83025663649 73.4920175974202
1.34919 1588.05476397093 56.3846380618407
1.35182 521.252114066008 32.3033210557786
1.35445 664.031943438722 36.4596877091828
1.35708 559.815028816564 33.4761831032694
1.35971 1294.64619125648 50.9078090230959
1.36234 2195.10951523384 66.2875782090548
1.36497 1952.74708700288 62.5204729583245
1.3676 1609.34406961715 56.7569313155283
1.37023 964.803040299576 43.9449510332708
1.37286 1024.195982132 45.2768689044488
1.37549 674.267821009883 36.7363722780709
1.37812 470.872533635192 30.6991908179421
1.38075 518.163323170909 32.2035524343849
1.38338 874.586659410821 41.8376295414519
1.38601 1256.66838331109 50.1500289881475
1.38864 2552.04396788389 71.4661058535616
1.39127 1963.59238529719 62.6869167650809
1.3939 1668.11191453256 57.7775377719698
1.39653 771.620090503088 39.2955524782648
1.39916 1361.32658412383 52.1936893310794
1.40179 212.43923526076 20.6181307145794
1.40442 302.13123983078 24.5880847410787
1.40705 1587.84421828243 56.3671129647562
1.40968 2186.10695870633 66.1382210689113
1.41231 977.034939253814 44.2147133615812
1.41494 551.113717481595 33.206823776659
1.41757 1027.12690499084 45.3329248074607
1.4202 351.212029251251 26.5082671365966
1.42283 738.324966030271 38.4339821772839
1.42546 1999.44914630209 63.2472647986429
1.42809 1683.20130618427 58.029597305415
1.43072 1732.72757287992 58.8764518852503
1.43335 1057.85339029714 46.002791654188
1.43598 1167.11760273644 48.3196428220609
1.43861 1099.91013990793 46.9072494929281
1.44124 1497.2494799035 54.7272227719721
1.44387 1561.2928694142 55.8847704565285
1.4465 1100.21984286639 46.9122193134737
1.44913 857.83084458391 41.4230458996779
1.45176 1270.72454492201 50.4152435093583
1.45439 1815.61733046979 60.2619635221934
1.45702 1775.89575939055 59.598429009714
1.45965 1382.62796457017 52.5864318507158
1.46228 408.337297387075 28.5775845695907
1.46491 1581.06713667371 56.2323337082874
1.46754 318.042515116019 25.2201984401554
1.47017 853.61684446379 41.317340185422
1.4728 825.764208045857 40.6372071626632
1.47543 711.579207287034 37.7226685599679
1.47806 809.140692803778 40.2251583328417
1.48069 570.222530808855 33.7678091677782
1.48332 757.747163342866 38.9258240394604
1.48595 1998.81730435471 63.220388891637
1.48858 939.137396392466 43.3341355069759
1.49121 789.353988112811 39.7279751489263
1.49384 981.703482040735 44.3042765544906
1.49647 589.708320360334 34.337531282478
1.4991 717.763056444675 37.8822658582084
1.50173 587.002758175611 34.2579062928362
1.50436 968.333911365166 43.9996222639296
1.50699 706.417751278368 37.5805222097656
1.50962 511.218390519721 31.9691341625376
1.51225 427.158050203399 29.2225135475429
1.51488 1173.13857677835 48.4276683928648
1.51751 1149.26960580752 47.9319936820257
1.52014 1480.0916461996 54.3944346511787
1.52277 1973.62265269502 62.8113105328577
1.5254 1187.9987846343 48.7314599970807
1.52803 470.191802253794 30.6573478738022
1.53066 1092.90481514774 46.7394777636364
1.53329 1334.70818706006 51.6513263766833
1.53592 290.028238577989 24.0770951470818
1.54118 221.874701409239 21.0585808139375
1.54381 236.817973234696 21.7559557463697
1.54644 956.345413194078 43.7193660951881
1.54907 744.272688477428 38.5680905233229
1.5517 383.551775266349 27.6866062823815
1.55433 653.956454727724 36.1516206595176
1.55696 1241.5205680417 49.8110784759113
1.55959 363.482423643871 26.9517098480964
1.56222 581.685601464539 34.0945059182063
1.56485 1318.42530206077 51.3290986655869
1.56748 2110.14271463372 64.9362817411533
1.57011 1479.66205343777 54.376143135558
1.57274 1844.08776379032 60.7034751259219
1.57537 2354.36625169038 68.5891470035131
1.578 2196.24258892691 66.245163044496
1.58063 1679.2195471481 57.9246459732748
1.58326 2087.10447187627 64.5769264106161
1.58589 712.924587871641 37.741808047109
1.58852 1797.59350985146 59.9297242056594
1.59115 712.760929196756 37.7367160910517
1.59378 1143.40714895494 47.7956356450833
1.59641 1022.41791694963 45.1957548348047
1.59904 543.979247152383 32.9663270400344
1.60167 1345.54681463439 51.8472672702239
1.6043 478.057684479743 30.9039280557195
1.60693 233.213539819251 21.5847727380878
1.60956 782.586728087767 39.5397488825477
1.61219 1467.90441484148 54.1518905705086
1.61482 875.320584834278 41.8162779287471
1.61745 1256.21361407389 50.0945659575781
1.62008 1304.35279023944 51.0450311772606
1.62271 1589.2873214266 56.3448483645493
1.62534 1499.64186206831 54.7323190581756
1.62797 1413.57502518566 53.1381672652487
1.6306 540.568518166039 32.8601530441591
1.63586 132.207226949847 16.250470496189
1.63849 1033.02318677476 45.4245301134573
1.64112 951.987402814302 43.6061833633786
1.64375 219.730873507768 20.9495685892808
1.64638 345.474979972227 26.2684779850084
1.64901 392.042433265256 27.9827385683688
1.65164 979.590563082983 44.2326582910434
1.65427 1220.1689097324 49.3659828919519
1.6569 514.413780797417 32.0531838905553
1.65953 477.808317268675 30.891485808929
1.66216 466.763079215581 30.5321410220606
1.66479 279.159360942838 23.6119674603237
1.67005 1021.66610549641 45.1704798941482
1.67268 940.857070335454 43.3470058967585
1.67531 727.556742315508 38.1177958638609
1.67794 1782.43547470851 59.6620703928519
1.68057 1157.23119915197 48.0727033362015
1.6832 372.857569016075 27.2870776366218
1.68583 1324.28603330447 51.4249064747084
1.68846 840.649379426217 40.9719964043863
1.69109 1457.93217611564 53.9567029907342
1.69372 855.12038250267 41.3225809840329
1.69635 326.485166820894 25.5330446097921
1.69898 52.3177106002814 10.2209745871125
1.70161 1376.95704093403 52.4354740707071
1.70424 357.467331815684 26.7165412722203
1.70687 221.307641585354 21.021190611333
1.7095 454.632662803406 30.1291218059337
1.71213 182.984919698425 19.1144082207941
1.71476 619.792844294133 35.1781937674518
1.71739 856.48648926147 41.3530519370287
1.72002 1513.94708012414 54.9793633759847
1.72265 1245.88196615 49.8746498657477
1.72528 1177.2561200652 48.4812645512578
1.72791 1352.36028707405 51.9615043347552
1.73054 1321.42472010201 51.363401334377
1.73317 818.244716744691 40.4176647628836
1.7358 290.735049686885 24.0921389197591
1.73843 529.099010017476 32.5006605623806
1.74106 1635.35140464153 57.1381675251268
1.74369 2060.97794923913 64.1437707698867
1.74632 1472.24803079472 54.2132390556183
1.74895 392.113616179866 27.9780780033219
1.75158 450.802324306001 29.9986726181693
1.75421 196.211094457569 19.791002585836
1.75684 171.817986323643 18.5198462989988
1.75947 206.967141197546 20.3259482806695
1.7621 746.669003561239 38.6065707847519
1.76473 177.8272510746 18.840541181292
1.76736 658.248867216885 36.2481900461433
1.76999 41.5455372613674 9.10647932075421
1.77262 215.16464812674 20.7238683478719
1.77525 229.657499239866 21.4102989577021
1.77788 1568.40143796638 55.9510294468607
1.78051 750.939651678446 38.7149795247274
1.78314 658.507622878476 36.2538362338868
1.78577 201.615398937851 20.0600709508775
1.79103 355.274918495405 26.6285175096598
1.79366 1375.92827513121 52.403423678709
1.79629 741.968530264226 38.4814613655792
1.79892 411.311626103608 28.6511036532385
1.80155 952.585752333936 43.6018982179723
1.80418 2011.71353580538 63.3628186787012
1.80681 1598.83756521744 56.4874089973226
1.80944 1150.2733714536 47.9124169356353
1.81207 960.956936528988 43.7922815949138
1.8147 1241.68262330214 49.7793217257752
1.81733 1758.53717845283 59.2403360767586
1.81996 886.39536503477 42.058476593937
1.82259 846.660803214739 41.1048048057565
1.82522 1434.67811630288 53.5073155841872
1.82785 1635.68357545441 57.132553643013
1.83048 566.503800548347 33.6227682254741
1.83311 665.942882490518 36.4542868833388
1.83574 1074.17733937486 46.2984202425856
1.83837 796.545158091041 39.8686420604292
1.841 234.268537033677 21.6212744035936
1.84363 685.896178164246 36.9957265327545
1.84626 1105.02573110829 46.9576795407991
1.84889 357.784336942391 26.719551094998
1.85152 784.553594686594 39.5665211333622
1.85415 1391.25526292432 52.6887665421375
1.85678 886.05211014246 42.0477069572424
1.85941 1288.04922969263 50.6963834437452
1.86204 270.530858959516 23.2336379042398
1.8673 1128.31249257088 47.4481883803348
1.86993 575.589927841405 33.88906546856
1.87256 630.594856897374 35.471232190254
1.87519 240.472753884901 21.90443544842
1.87782 905.490667485013 42.5049175618348
1.88045 899.797202168046 42.3708885000939
1.88571 359.14198971315 26.7685267596766
1.88834 383.334514819958 27.655301827293
1.89097 409.941244234406 28.5988329470304
1.8936 696.024098212561 37.264706451244
1.89623 1011.14349078754 44.9148573174052
1.89886 298.131367421229 24.3885245904624
1.90149 148.50043838154 17.2124917964932
1.90412 652.700305406942 36.0856957469738
1.90675 527.487038577396 32.4401137322418
1.90938 794.099185617848 39.8026643099232
1.91201 1267.92503275405 50.2944256897052
1.91464 1061.05766928393 46.0087947125562
1.91727 212.083237644421 20.5694571735642
1.9199 65.2091724650622 11.4057093299198
1.92253 69.6018680922165 11.7835649462344
1.93568 74.028296753668 12.1522477024626
1.93831 79.0150763927953 12.5548351136905
1.94094 39.8539158942527 8.91640584133974
1.94357 83.8314455350239 12.9317143154505
1.9462 937.474049192814 43.244466937106
1.95146 113.643599051754 15.0563604528996
1.95409 4.43708498003139 2.97505283845106
1.95672 4.73598102187994 3.07361228471421
1.96198 919.929818133599 42.8369012855709
1.96461 237.251427947252 21.7542148482508
1.9725 245.208562253389 22.1157514524146
1.97513 261.726584449134 22.848416149789
1.97776 7.38681598464087 3.83847854845472
1.98039 152.117304934088 17.4187940865086
1.99091 104.246290191747 14.4195684696923
1.99354 1023.62623131443 45.1846537620318
1.9988 130.823020288387 16.1532135147399
2.00143 374.13394418506 27.3167274370711
2.00406 502.069851480199 31.6442533887029
2.00669 338.399176201553 25.9791596496474
2.00932 120.783804904944 15.520741724046
2.01195 368.715970415437 27.1176319259114
2.01458 218.335949015199 20.8672913518491
2.01721 794.98709061785 39.8181577024283
2.01984 403.136078523821 28.3546718779238
2.02247 171.29675821907 18.4829391153271
2.02773 121.160139765561 15.5443182886829
2.03036 1533.34505227554 55.2979986991892
2.03299 788.620435592951 39.6571178164638
2.03562 311.70865711903 24.9321214903193
2.03825 757.211090690237 38.8589403689273
2.04088 148.42000987566 17.203878506138
2.04351 75.9213144053609 12.3043780463482
2.04614 439.568451950339 29.6066134046348
2.04877 1212.61500116394 49.1738952278973
2.0514 514.098340254991 32.0179787665821
2.05403 1728.30368614927 58.7054616438151
2.05666 975.132281633663 44.0958698933948
2.05929 1063.86495358161 46.0582111806922
2.06192 1652.77723802357 57.4075014051482
2.06455 968.333275563087 43.9411662656115
2.06718 799.04865939385 39.9156708833769
2.06981 965.671870111883 43.8802686422001
2.07244 1307.53804652736 51.059825081739
2.07507 101.493759045018 14.2255639431041
2.0777 1095.69910937302 46.7404775574019
2.08033 177.853954182513 18.8311534121752
2.08296 152.210264077867 17.4206676896643
2.08559 39.8106841033807 8.90923295233459
2.09085 226.754799652772 21.2624876384779
2.09348 422.495016233451 29.0231330529792
2.09611 459.344499177643 30.2621949899569
2.10137 529.473983737571 32.4899581071909
2.104 488.732144407057 31.2148167101394
2.10663 579.000622363419 33.9753039700553
2.10926 129.417256302504 16.0626955686391
2.11189 521.290016242455 32.2374392247979
2.11452 966.603593442396 43.8978786749761
2.11715 510.54124586428 31.9031265500669
2.11978 373.432381198663 27.2848967767821
2.12504 28.4764515863966 7.53453163689585
2.12767 60.7904497420675 11.0085343451391
2.1303 46.6737908389111 9.64599116376368
2.13293 15.1891294806095 5.50269272964268
2.13819 30.7198026284547 7.8255528297686
2.14082 195.180208618364 19.7252358405825
2.14345 967.422385094969 43.9147970518907
2.14608 766.020282796731 39.0770208691767
2.14871 709.39478317465 37.6048452497011
2.15134 644.822512974463 35.8524141765091
2.15397 560.374898052926 33.4222854245544
2.1566 616.090657979042 35.0443183875833
2.15923 765.028351229491 39.0510368106045
2.16186 113.580163636994 15.046779172149
2.16449 1253.42947692066 49.9851215400577
2.16712 516.419403826692 32.0841527136778
2.16975 211.189945966589 20.5174987973623
2.17238 706.461968072776 37.5258630071855
2.17501 1447.96596502396 53.7234594219929
2.17764 1087.7744871359 46.5642622102867
2.18027 641.754836644232 35.7656700165536
2.1829 589.047535445014 34.2653726995402
2.18553 1018.246275203 45.051079468385
2.18816 491.26053183013 31.2919928071991
2.19079 1236.55922391517 49.6458834727774
2.19342 1642.93851901158 57.2248861109522
2.19605 1320.21397163081 51.2973513344699
2.19868 1316.6903064625 51.2286718516115
2.20131 1121.61909637456 47.2816862764534
2.20394 1098.28678985958 46.7872307704357
2.20657 1039.16412521796 45.5104086517918
2.2092 1426.493428354 53.3215483105066
2.21183 933.598355798556 43.1367185217658
2.21446 571.723899889049 33.7566577599074
2.21709 128.667384699963 16.0139956115264
2.21972 27.6759586731076 7.42704416644007
2.22235 186.682093470204 19.2892438117563
2.22498 919.071491429901 42.7994038916719
2.22761 105.114865427071 14.4741924749765
2.23024 152.54835259439 17.4367377827531
2.23287 147.458357648228 17.1433374274985
2.2355 438.484442986225 29.562215142146
2.23813 193.750395868956 19.650806498842
2.24076 82.5762507882324 12.828794893435
2.24339 228.352444210372 21.333411720386
2.24602 236.346693982307 21.7035836760578
2.24865 661.205392085621 36.3014588897608
2.25128 230.692414269769 21.4423185706016
2.25391 381.353747508556 27.5688276082822
2.25654 902.483115894155 42.4104648512376
2.25917 498.207609546074 31.5106868364442
2.2618 336.009554874489 25.8778211102866
2.26706 570.57091012195 33.7213620806339
2.26969 923.240523187048 42.8950250800576
2.27232 417.41009060384 28.8423186138122
2.27495 107.697943185214 14.6504715789094
2.29073 17.9222342713979 5.97639347482859
2.29336 569.306269391766 33.6833511250192
2.29599 306.580218319197 24.7180140780589
2.30914 321.282120319838 25.303610168052
2.3144 35.0662083394726 8.35955154143099
2.31703 37.4286177414912 8.63654723719016
2.31966 6.12413532962011 3.49349664782322
2.32229 492.772660649843 31.337253206203
2.32492 749.446029931429 38.6462615635019
2.32755 1084.50983194378 46.4893781476351
2.33018 1822.24379692097 60.2614966289627
2.33281 1328.16663585899 51.4473061322148
2.33544 979.068957858939 44.1715541218183
2.33807 1437.21564359965 53.5176074734465
2.3407 1335.63951403161 51.5917232679872
2.34333 495.90410594569 31.4364820748446
2.34596 82.7968233735668 12.8452218170405
2.34859 378.318516197564 27.4576429104265
2.35122 287.632055185393 23.9415784103835
2.35385 146.872047149159 17.1081635703582
2.35648 204.626422567025 20.1936283233524
2.36174 532.792109328705 32.5845524821601
2.36437 1371.37830932087 52.2770641175814
2.37226 75.4428302923944 12.2614148600069
2.37489 1024.68346548651 45.1883150066076
2.37752 749.76474791426 38.6539138921655
2.38015 2190.15673035623 66.0645143163922
2.38278 1549.97026015119 55.5766051625384
2.38541 1321.97284033895 51.3264564112633
2.38804 91.6296886777234 13.5128763759251
2.3933 467.641681012246 30.5271085144389
2.39593 455.565342077518 30.1303436765046
2.40119 744.483627700523 38.5172778848796
2.40382 202.868901921717 20.1064263545802
2.40645 1231.23439656707 49.5332307432341
2.40908 581.184560838222 34.0316069632752
2.41434 256.388995077573 22.6033800237769
2.41697 326.941923847464 25.5245527350969
2.42223 114.564314234506 15.1093502221992
2.42486 524.500235411149 32.3290608607082
2.42749 265.906490055492 23.0188620836829
2.43538 389.40777260951 27.8560222925168
2.43801 95.8763843327495 13.822027551798
2.44327 157.018688505818 17.6884540375525
2.44853 878.269067522947 41.8336994933683
2.45642 97.7598515283005 13.9569382353386
2.45905 140.629748075671 16.7396982973691
2.46168 971.915590910927 44.0070684146751
2.46431 357.145169917009 26.6765517651761
2.4722 188.14955836685 19.3622718673005
2.47483 200.824683564495 20.0037949830396
2.48272 52.7283296515927 10.2499858807453
2.48535 56.2804941367442 10.5895949364703
2.49061 280.343556838932 23.6343662258842
2.49324 15.0076539846747 5.46832366741601
2.49587 145.642931458226 17.0349809069901
2.4985 357.806786387239 26.7005599339388
2.50113 761.989669019021 38.9646385532586
2.50376 812.83456154525 40.2436795938177
2.50639 603.499820098652 34.6765327037211
2.50902 80.9946112489324 12.7035659846767
2.51165 127.198841513536 15.9198750452637
2.51428 416.667384485997 28.8133212600959
2.51691 376.039405653207 27.3725803109184
2.51954 401.374663772095 28.2796824718272
2.5248 274.28068294532 23.3775043079337
2.52743 251.329487225593 22.378076222871
2.53006 330.597653888072 25.6655988135179
2.53269 23.6135441753609 6.85934421516761
2.53532 59.3826037477882 10.8775758171468
2.53795 515.309372878667 32.0432835924258
2.54058 1076.53385950343 46.3145374518765
2.54321 1015.34020711244 44.9789971175462
2.54584 176.868978786544 18.7728539482731
2.54847 164.777070119521 18.1197977996456
2.5511 836.207292268823 40.8190060783828
2.55373 245.507292518799 22.1176071745469
2.55636 227.763880124797 21.3033969576941
2.55899 113.467215198927 15.0363395091144
2.56162 150.436934592413 17.313491351144
2.56425 103.850880867188 14.3851038166146
2.56688 175.985685660346 18.7260885229796
2.56951 692.852358679305 37.1560245572902
2.57214 917.406771815004 42.7553389464067
2.57477 450.448355823568 29.9593493690139
2.5774 197.509172052104 19.8382792972661
2.58003 662.384460115601 36.3300441100194
2.58266 653.8676545909 36.0957671429954
2.58529 31.6355272848566 7.93961382788794
2.59844 1554.87748965403 55.6624587882181
2.60107 488.829434161163 31.2099793187043
2.6037 368.94351960738 27.1141131071324
2.60633 659.499576857664 36.2512823808334
2.60896 654.606669577557 36.1166100432501
2.61159 866.03694915749 41.5418306842308
2.61422 771.726898390241 39.2147899366207
2.61685 713.247820570931 37.6997920082011
2.61948 485.924351568395 31.1174294025656
2.62211 399.035705137 28.1984939153892
2.62474 558.06269289224 33.3474156855661
2.62737 206.708436193447 20.2955321087047
2.63 181.810609831895 19.0340675681875
2.63263 1006.73627695291 44.7899427706705
2.63526 1115.06720077426 47.1382898508171
2.64052 106.570820799307 14.5728254845748
2.64315 205.444250645531 20.2335579800732
2.64841 58.9296494173778 10.8366113481759
2.65104 37.4961979551618 8.64412103415608
2.65367 40.0224945554342 8.93058591971844
2.6563 471.021802672037 30.6371973826898
2.65893 166.837993316541 18.2337779509166
2.66156 1220.6556436991 49.3203804528787
2.66419 1269.38291781042 50.2952318639984
2.66682 579.444945685288 33.9810843067607
2.66945 643.570239690942 35.8120987326848
2.67208 241.01085877024 21.9154682941574
2.67471 286.484530963866 23.8937156979594
2.67997 56.007468141165 10.5647051446661
2.6826 59.7809567572857 10.9148179009441
2.69312 175.940146385305 18.724927806971
2.69575 182.903718228966 19.0919196550815
2.70627 188.158553774708 19.3642256944776
2.7089 200.834549890397 20.0058399354625
2.71153 50.3090285431446 10.0129019912118
2.71416 297.152324708621 24.3346995822388
2.71679 1773.82139480206 59.455329581104
2.71942 495.554599920256 31.4254153047121
2.72205 320.775098500549 25.2833733004229
2.72731 532.52232894775 32.5763521961977
2.72994 1036.65226644971 45.4516354335498
2.73257 186.796742263601 19.2937672969734
2.7352 433.346084137029 29.3865937337027
2.74046 233.996516917531 21.5941122234341
2.74309 97.1094801902803 13.9110815243569
2.75624 43.806607741915 9.34322936193284
2.75887 370.818923573465 27.1836372493041
2.7615 751.406262231899 38.695766185512
2.76413 542.210763723519 32.8707441426648
2.77991 913.413984545452 42.6634367793786
2.7878 100.328696847469 14.1394613490613
2.79043 107.087710145635 14.6079582485878
2.79832 346.778155886198 26.2871703467791
2.80095 7.25364870643872 3.80185778685941
2.80358 36.9807226255043 8.5843115278767
2.80621 345.346127124858 26.2328353584876
2.8141 57.0188219793523 10.6592722454239
2.81673 60.8603134752673 11.0124941837528
2.82199 202.982048468674 20.111651997705
2.82462 216.657424176659 20.7781024398813
2.83251 11.1914318696825 4.72239617731554
2.83514 11.9454248295388 4.8788847154344
2.84303 366.99031656532 27.0425445974664
2.84566 391.71531317323 27.9386676908854
2.85092 149.699451959155 17.2715316597011
2.85355 120.317648881113 15.4840862388963
2.8667 103.958999183591 14.393048347946
2.86933 242.077212674833 21.9633640205839
2.87196 139.947726459322 16.6995586550024
2.87459 287.593289413683 23.93930892516
2.90878 28.2693895665212 7.50553117366472
2.91141 218.118346322043 20.8482262284734
2.91404 527.054096990466 32.4078637773748
2.91667 178.615541215301 18.8661040292684
2.9193 119.411406287278 15.4257150434932
2.92193 488.077987048204 31.1865119181496
2.92456 679.754558154041 36.8042567987873
2.92719 484.543213712732 31.0733474244805
2.92982 310.735106795154 24.8838021384586
2.93245 774.341986559429 39.2814741319693
2.93508 871.604190828211 41.675500399754
2.93771 374.480585250043 27.3171644245113
2.94297 262.317336463577 22.863043905501
2.9456 128.446154926406 15.9985602977105
2.94823 361.86470931616 26.8530276415522
2.95875 690.303283949927 37.0885020696204
2.96138 621.77866137355 35.1995430388588
2.9719 586.362726932693 34.1823153813026
2.97453 151.330450194804 17.3652586343132
2.97716 161.525661452017 17.9406698016861
2.97979 25.3858847068273 7.11236171760448
2.98505 369.889252215609 27.1489557886203
2.98768 394.808883810199 28.0485572670966
2.99557 571.955291904309 33.7596158060101
2.9982 610.488217845392 34.8782665756738
