-0.19199 348.284716985337 26.5705040694548
-0.18936 7.63113785411562 3.93476216285089
-0.18147 116.423934751837 15.3892594625363
-0.17884 1367.93515358433 52.7739889165282
-0.17621 797.492035241115 40.3125951774629
-0.17358 3.14040018028553 2.53081455790261
-0.17095 95.2623503781529 13.945001132469
-0.16832 157.720808188926 17.9511517699891
-0.16306 14.4703187039326 5.4420960288824
-0.16043 151.306600286892 17.6053841773602
-0.1578 418.404828028024 29.2889744836213
-0.14465 137.829660645025 16.8469373159322
-0.14202 810.275865998818 40.8652665479243
-0.13939 177.448348900452 19.1320703917133
-0.13676 612.570787976503 35.5624826388325
-0.13413 353.174367424867 27.0144604327813
-0.1315 6.14229790240481 3.56414008049892
-0.12887 840.852100155134 41.7192592168623
-0.12624 98.8972041881344 14.3138374898962
-0.12098 70.2309984098627 12.0726496910428
-0.11835 1118.51329783929 48.1998363395172
-0.11572 848.821443084487 42.0068202361627
-0.11309 260.528125261286 23.2822760063505
-0.1052 491.592257488902 32.0227888363813
-0.10257 433.146526536247 30.071833154282
-0.09994 391.682046525189 28.6064895345308
-0.09731 1548.40635135716 56.8858844369184
-0.09468 226.25655947765 21.7483804705802
-0.09205 109.825953712865 15.1545517538575
-0.08942 1485.31571209078 55.7396507270963
-0.08679 25.5811023453465 7.31608455194011
-0.08416 849.624869319638 42.1693503389737
-0.08153 1089.69012715963 47.7638147453371
-0.0789 540.00545136956 33.6287515894641
-0.07627 311.175948707239 25.5316475890256
-0.07364 1426.96910538923 54.68236046553
-0.07101 1034.62865806694 46.5689385495465
-0.06838 1630.797216918 58.4747223352759
-0.06575 1107.0328424848 48.1850730112126
-0.06312 1936.13869489462 63.7330295848038
-0.06049 2910.46427781512 78.1522545505734
-0.05786 1352.47222174276 53.2829885994737
-0.05523 2707.4634677325 75.3997155486905
-0.0526 1957.39472174394 64.119717178206
-0.04997 2879.16348078681 77.7767017439619
-0.04734 3493.22649641483 85.6828061955858
-0.04471 5197.87980249615 104.53394857755
-0.04208 3154.7036996283 81.4493153759174
-0.03945 4524.51262406514 97.5568896484244
-0.03682 6220.58560325766 114.406724742801
-0.03419 6388.167719594 115.954585384596
-0.03156 7501.57247703871 125.672357910332
-0.02893 10493.7613252628 148.659619694617
-0.0263 13094.8558062958 166.089273518595
-0.02367 17521.3973481743 192.149551281706
-0.02104 20232.952706669 206.513477501462
-0.01841 24413.0425022231 226.878563092497
-0.01578 26975.841511221 238.524906346538
-0.01315 32930.8314409013 263.57929167388
-0.01052 33923.8027930566 267.562897326977
-0.00789 36283.0157940923 276.75086182662
-0.00526 36613.1229545494 278.047714326709
-0.00263 39296.9003570794 288.100306772646
-0 37272.4553274883 280.580397048286
0.00263 36944.0572471086 279.245334877309
0.00526 35342.4249136464 273.031031026035
0.00789 33116.2321409011 264.200963892149
0.01052 32791.6844712975 262.812368254711
0.01315 29581.0532766482 249.528782515808
0.01578 27302.7367390436 239.644083886648
0.01841 23706.3876638471 223.226627859971
0.02104 21496.4484686744 212.493792164634
0.02367 16038.9227688276 183.484746482438
0.0263 13357.8172031951 167.389992438101
0.02893 11678.9447089651 156.463417530354
0.03156 9592.99634031461 141.75465019576
0.03419 6392.31478095014 115.674681218032
0.03682 4422.73806103097 96.184213642362
0.03945 4238.96433272245 94.1319206280396
0.04208 4711.90348135631 99.2096633143549
0.04471 4125.39512542592 92.7976967546365
0.04734 4257.4670625446 94.2385517074716
0.04997 3179.27320862598 81.4076667101781
0.0526 4018.891924298 91.4961599453553
0.05523 2445.90644938519 71.3539205092739
0.05786 2320.76407050261 69.4802743372378
0.06049 2516.39949000211 72.3242311789585
0.06312 2035.9950018813 65.0324748653841
0.06575 1091.68858964068 47.603523949408
0.06838 2608.63941571969 73.5604584293631
0.07101 2606.32229880913 73.5019798118549
0.07364 4239.34222931186 93.7090823648472
0.07627 2759.92468924057 75.5837480982755
0.0789 2747.7087399491 75.3897686529226
0.08153 3271.43781796633 82.2325097141992
0.08416 2941.679179641 77.9504995686294
0.08679 3184.70891138427 81.0780047555968
0.08942 2988.52993631774 78.5134045504041
0.09205 2518.29745551838 72.0468891387237
0.09468 2940.63302174502 77.8267226332415
0.09731 3667.93452387122 86.8891629242036
0.09994 3507.92606785433 84.9427725010333
0.10257 3723.54124676349 87.4548170848878
0.1052 5661.3800509657 107.761005337793
0.10783 5027.45198476521 101.477286007664
0.11046 4463.70959248295 95.5513465184201
0.11309 4351.33768986837 94.2743997290271
0.11572 4475.45737193794 95.5419710966845
0.11835 4452.26233098942 95.2266541836423
0.12098 6020.35410475018 110.655092063753
0.12361 4736.91370183535 98.0843951021193
0.12624 4748.68081271977 98.1363789319784
0.12887 5535.30630166647 105.877892319026
0.1315 5915.50905748204 109.37573847111
0.13413 6839.91126775836 117.527691727332
0.13676 9259.64132997168 136.64748667786
0.13939 9398.81376456803 137.572058854205
0.14202 8786.12168990776 132.917151326788
0.14465 10025.7612996015 141.882670591149
0.14728 11646.6748544266 152.812703063436
0.14991 13185.5141706958 162.477929393677
0.15254 13415.9886664919 163.773673343864
0.15517 15042.6980315587 173.293420203688
0.1578 16401.7935972483 180.821837430238
0.16043 20415.2676100183 201.589678902743
0.16306 26289.3262307752 228.594393140038
0.16569 34668.0582499517 262.316276634816
0.16832 42499.05027717 290.224631589165
0.17095 49324.1502271745 312.433919847656
0.17358 55750.599887627 331.922274889494
0.17621 60477.0970601069 345.453729579859
0.17884 60450.8156991549 345.126118943647
0.18147 62591.3193276422 350.926091995075
0.1841 66628.4257324005 361.801012904422
0.18673 67026.2177984074 362.61293013183
0.18936 66654.5876028703 361.340307650349
0.19199 65744.165935431 358.599751143169
0.19462 65453.5549433167 357.542364395709
0.19725 66538.0783645498 360.226000284669
0.19988 65271.3094051692 356.51651867963
0.20251 61976.7789616856 347.14203446259
0.20514 57068.6845961576 332.862304780678
0.20777 47468.5048081737 303.347869284259
0.2104 40101.5138862415 278.606054445929
0.21303 33427.0883097653 254.173890920635
0.21566 28140.4406098557 233.033366208615
0.21829 23724.3076417432 213.806023188497
0.22092 21006.5048229716 201.03425299659
0.22355 17485.0597724868 183.272042150675
0.22618 14706.3118928912 167.951364991857
0.22881 13137.6037051604 158.620099588054
0.23144 11778.6079746224 150.077333341473
0.23407 11028.6936559538 145.110096155905
0.2367 10280.5762477686 139.994600304876
0.23933 9218.18475364323 132.462122844908
0.24196 10910.3966918047 143.997587238495
0.24459 10225.3347145024 139.29615677659
0.24722 7748.157988505 121.16146291424
0.24985 8269.72108722903 125.076319941206
0.25248 9013.84519055411 130.481391782252
0.25511 8154.2002721364 124.007390362079
0.25774 9797.72470954133 135.825816144481
0.26037 9481.62768014733 133.512970019256
0.263 10246.713919456 138.687107021204
0.26563 9785.96066009458 135.427469539046
0.26826 11187.9846896098 144.691054240796
0.27089 10546.0471277414 140.368865731339
0.27352 11804.5439207155 148.391900715375
0.27615 11630.502751735 147.178358928256
0.27878 12255.4434376185 150.962059284673
0.28141 13504.7272466114 158.344962670676
0.28404 13237.1681536653 156.644948340246
0.28667 14377.4035012219 163.123318573093
0.2893 17208.7393584451 178.322756832997
0.29193 19389.2619184005 189.133630510822
0.29456 21255.8104742646 197.871063540113
0.29719 23516.4303907395 207.961977576815
0.29982 24311.2200410566 211.286512015452
0.30245 26882.2059105342 222.051849867483
0.30508 29690.5599584833 233.229996233282
0.30771 33369.9144605686 247.118776062901
0.31034 37061.7727809798 260.281917435702
0.31297 38918.1877797698 266.568992600934
0.3156 42582.8930578906 278.678233364568
0.31823 46725.2652255646 291.751576783551
0.32086 49052.7405003311 298.758682596692
0.32349 50380.3823041494 302.60138833912
0.32612 51844.2775117113 306.790285812691
0.32875 52052.2366381625 307.228574959261
0.33138 53656.6910202784 311.748436041181
0.33401 53873.0148920561 312.196568224944
0.33664 53841.5647581533 311.925713760231
0.33927 54483.0312094302 313.597462588228
0.3419 53945.2240669851 311.865754809115
0.34453 52419.2249761361 307.245460352426
0.34716 52086.4601284568 306.091519372694
0.34979 49569.2948938728 298.430807176064
0.35242 46501.137121304 288.879806852359
0.35505 44869.2137840786 283.600799868434
0.35768 42438.4238029902 275.651508897057
0.36031 39907.464371279 267.149923791179
0.36294 37011.3303234531 257.123799194581
0.36557 35954.5927588021 253.278754514487
0.3682 34623.471855249 248.400938466617
0.37083 30908.0994744289 234.55793486306
0.37346 29966.9057767975 230.823852929015
0.37609 28551.0670538624 225.173026477433
0.37872 27894.4557361981 222.438162375035
0.38135 23379.1607650523 203.521207791446
0.38398 22056.3181826546 197.563304482007
0.38661 21787.654952495 196.240786601888
0.38924 19294.9095654654 184.565006716322
0.39187 16857.678446515 172.413205850137
0.3945 16382.6631907046 169.866308178322
0.39713 14863.3596851315 161.702427298246
0.39976 14488.4552794592 159.555519306035
0.40239 13336.6023770302 153.015893040153
0.40502 11769.8603932366 143.691429939172
0.40765 10001.4145270835 132.405816793237
0.41028 8319.19489641259 120.711322713943
0.41291 8020.89550879561 118.481260436586
0.41554 6816.4733189287 109.181448319479
0.41817 6851.0430822348 109.415271876092
0.4208 5738.22689220839 100.096509575044
0.42343 5689.49312531451 99.6316246698174
0.42606 6014.73700827394 102.399765233892
0.42869 5464.71602971543 97.5673528345328
0.43132 5465.56092584679 97.5366965002441
0.43395 5769.8416395101 100.175711496598
0.43658 4523.87838296854 88.6677386572127
0.43921 3851.13654880496 81.7775659925887
0.44184 5536.25507736674 98.0115331420321
0.44447 5913.65155025591 101.257286229981
0.4471 5085.55601990879 93.8635091698981
0.44973 5174.18637683524 94.6406276751666
0.45236 5357.03314962156 96.2603912566546
0.45499 5421.8165867025 96.8025080147858
0.45762 6337.75313304242 104.618976135742
0.46025 7322.73156998506 112.410747465882
0.46288 7156.71805225517 111.085294072653
0.46551 8191.1269042841 118.795405183814
0.46814 9490.02918174867 127.817304524253
0.47077 8371.63750608842 120.00214716797
0.4734 8524.83858757478 121.047182092642
0.47603 9845.98316880713 130.037556864304
0.47866 9130.99681997387 125.177383979647
0.48129 10813.5181560764 136.168816787533
0.48392 12448.7954152551 146.044452809833
0.48655 12313.9717098725 145.193636711774
0.48918 12840.2789082108 148.204948563969
0.49181 15178.2400873082 161.069390845194
0.49444 17157.6856494644 171.182101282812
0.49707 16650.3738721092 168.565055834358
0.4997 16829.7255610484 169.402761808494
0.50233 18270.8539801274 176.451827217416
0.50496 19464.3113799354 182.078483390493
0.50759 19424.8657632672 181.848797751915
0.51022 20203.4783576598 185.411538040253
0.51285 21865.1918434353 192.837964145189
0.51548 21178.0870752367 189.736730066042
0.51811 21891.6878756755 192.858938513216
0.52074 23458.4496521473 199.591411510867
0.52337 21641.4659748082 191.658254459652
0.526 21996.0303620048 193.173828004133
0.52863 20770.9895776916 187.670759387172
0.53126 20526.5333750578 186.51667082245
0.53389 19239.1269876234 180.527891439065
0.53652 16949.4621909427 169.403085072442
0.53915 17011.0015447123 169.668010269156
0.54178 15435.2597216948 161.578514996322
0.54441 14489.4525556667 156.510757311314
0.54704 13673.0646199038 151.999670313404
0.54967 11668.4173942154 140.380616415677
0.5523 11663.8648439484 140.318135842299
0.55493 11282.038866366 137.967790243066
0.55756 9533.55738760921 126.795165985089
0.56019 9509.86071480523 126.605775814176
0.56282 8162.90330152513 117.268116286277
0.56545 8147.22048451896 117.126046867309
0.56808 7342.96082748408 111.166883247163
0.57071 9128.26312116522 123.915295665161
0.57334 7882.28832630117 115.119253467257
0.57597 6161.04958903534 101.751323594708
0.5786 6619.50341017509 105.442640828449
0.58123 6633.00458202968 105.523580108094
0.58386 6416.45480065914 103.760649702013
0.58649 5385.07392881694 95.0323868053917
0.58912 5528.33222519908 96.263911264228
0.59175 6109.87424816931 101.174985623879
0.59438 6232.77701227611 102.161752484049
0.59701 4925.75788976613 90.7976354937833
0.59964 5776.43019567471 98.3010567123033
0.60227 5688.38530267335 97.5319502817418
0.6049 4016.21484545005 81.9400265247814
0.60753 4360.62140908898 85.3683779239446
0.61016 4908.27410483344 90.5570839847044
0.61279 4696.11861844158 88.5651214011466
0.61542 5330.84574074809 94.3466315994875
0.61805 5491.84948086396 95.7464727253154
0.62068 6566.41866348648 104.679795389329
0.62331 5859.27338638378 98.8679551501853
0.62594 5937.92716154133 99.5144563368032
0.62857 5564.22154974357 96.3176771144276
0.6312 6757.14160356881 106.125643194903
0.63383 7088.57133289495 108.680892179985
0.63646 7520.05909331679 111.92302969543
0.63909 8831.55692435964 121.272530867279
0.64172 8093.75175556644 116.079010935607
0.64435 9069.88864331492 122.861176921793
0.64698 9605.40141039329 126.417258622678
0.64961 10561.7113522411 132.541124770696
0.65224 12479.6404050272 144.052041225088
0.65487 10598.2305592545 132.730252046041
0.6575 11208.7628706747 136.479340542123
0.66013 12819.7843198601 145.936273232601
0.66276 12492.7173667042 144.041006530342
0.66539 12850.6082873334 146.067740516161
0.66802 12803.2310038479 145.776331871435
0.67065 14090.3051136277 152.905168346088
0.67328 13289.4192647908 148.473753408377
0.67591 14739.8887592643 156.343017199433
0.67854 14066.5813022017 152.707492731974
0.68117 14641.7551357623 155.774833850684
0.6838 13421.8610357889 149.122005892098
0.68643 12885.7212086793 146.091300311927
0.68906 13885.4011563 151.629536146269
0.69169 12948.5592911076 146.402973521302
0.69432 13313.0672186096 148.426961609563
0.69695 13329.1273235255 148.494078479046
0.69958 12997.7310969887 146.614381955815
0.70221 12316.0537294946 142.700507855334
0.70484 12979.3538793933 146.479116493296
0.70747 11969.4153843185 140.651730759786
0.7101 12787.3430329086 145.364446049866
0.71273 12172.2754548534 141.812119074496
0.71536 10544.0681134833 131.974788773412
0.71799 10172.1054827092 129.613938534165
0.72062 8926.51492108058 121.407815786659
0.72325 8210.64686799875 116.427013098634
0.72588 8512.98086311032 118.540097616928
0.72851 8210.45428006362 116.403870462758
0.73114 8034.58410465301 115.139647600772
0.73377 7493.66357351671 111.185883491972
0.7364 6787.54742291881 105.807961330962
0.73903 6538.39015071979 103.838084729442
0.74166 5815.78426115307 97.9230054915397
0.74429 6397.64807349739 102.695187847527
0.74692 5753.6157814579 97.379977774048
0.74955 5654.1375522152 96.5254293396562
0.75218 5369.35389814447 94.054348376424
0.75481 4854.26906729244 89.4209101699424
0.75744 4820.69884748521 89.102821388141
0.76007 4332.0847118451 84.4586644051578
0.7627 4154.34128254997 82.700112669039
0.76533 3611.31499581029 77.0986848620195
0.76796 4244.01928062021 83.5722740234493
0.77059 4420.63169650567 85.285453988042
0.77322 4133.97836348348 82.4662306631813
0.77585 5702.91942731616 96.8500615105338
0.77848 5769.88064686658 97.4078434288788
0.78111 4213.53081482814 83.2324777993819
0.78374 4251.44651383417 83.5982741077295
0.78637 3929.3281923776 80.3613661747851
0.789 3678.0364611722 77.7419400372051
0.79163 3887.15146865637 79.9138921635119
0.79426 4003.28663172666 81.0912656894925
0.79689 4844.79969819345 89.1995833862123
0.79952 4492.03834138457 85.8827236872683
0.80215 4954.96420316768 90.1926580267461
0.80478 3856.87335659369 79.5681602228029
0.80741 5345.47722833713 93.6667748301257
0.81004 4820.34723211004 88.9410352870776
0.81267 6226.37488518931 101.076766754053
0.8153 7403.00584710066 110.20681223884
0.81793 7022.38585204099 107.329083402259
0.82056 7765.37654171767 112.856613414698
0.82319 8488.56256468455 117.986822452774
0.82582 8918.9641440008 120.932855364211
0.82845 7642.35512038178 111.936409292443
0.83108 7651.85033514065 111.998359108536
0.83371 8802.53625210044 120.116590336806
0.83634 10373.3729413598 130.385631459351
0.83897 9794.96871985957 126.689877332049
0.8416 8444.72410481641 117.626118975054
0.84423 8668.92869004122 119.169301205654
0.84686 8033.46261399425 114.710640373089
0.84949 8232.90050649354 116.117956320501
0.85212 8284.48213077042 116.473268586111
0.85475 7834.32019888952 113.256950993709
0.85738 9310.53193783363 123.45880710952
0.86001 8680.2368741391 119.198622372111
0.86264 8393.72468184083 117.206965516606
0.86527 8769.88184955056 119.796338391835
0.8679 7969.29046313318 114.189746099836
0.87053 9824.16984233915 126.775640319089
0.87316 9582.37700995847 125.197341567082
0.87579 6698.30527220024 104.667425766945
0.87842 8121.95670302717 115.247098554908
0.88105 7253.18353618364 108.901681516426
0.88368 6093.7892971832 99.8124122193296
0.88631 6966.675706031 106.714690898699
0.88894 6989.79731559781 106.884389080125
0.89157 6063.47724579042 99.5436210262534
0.8942 5543.13783999274 95.1701961531204
0.89683 5948.48639471444 98.5818410056319
0.89946 6803.05918172539 105.41838806323
0.90209 6843.96557318134 105.729474815911
0.90472 4795.73133071133 88.5013460536497
0.90735 4170.26091030039 82.524775664717
0.90998 3430.71201377133 74.8471302963032
0.91261 3979.93255189121 80.6122716392275
0.91524 4362.18845185628 84.3909343274085
0.91787 2620.73862836286 65.4087299194444
0.9205 3966.47490995152 80.4649031930479
0.92313 3808.8354257293 78.8461543091004
0.92576 4200.7757683606 82.7998279429636
0.92839 3186.51865204714 72.1112771754772
0.93102 3968.60494987093 80.4718821004477
0.93365 4074.19789703916 81.531710044054
0.93628 3526.02043387149 75.8452118841208
0.93891 2878.8712523994 68.5294334834848
0.94154 2412.07080524805 62.7250921491496
0.94417 3340.78316843437 73.8160303862521
0.9468 3466.0646983738 75.1839489283483
0.94943 4351.29567507825 84.2357319737478
0.95206 2549.05751489155 64.4699195790793
0.95469 4115.5402451832 81.9145388030342
0.95732 3878.95621250291 79.5216263501353
0.95995 3231.81602380372 72.5824091467519
0.96258 4908.63377335736 89.4475865841142
0.96521 5332.78322234452 93.2278185533921
0.96784 3176.73171720218 71.9513705077436
0.97047 4643.92056342171 86.9904213230865
0.9731 5389.43927198772 93.7089506521922
0.97573 6503.49714567217 102.934983392696
0.97836 5939.44624459321 98.3654847409993
0.98099 5129.99201439288 91.4130791277512
0.98362 5054.36049850768 90.732595299338
0.98625 5112.50373147934 91.2488241095964
0.98888 6347.07254234284 101.666393568479
0.99151 5167.19222911937 91.7272184003545
0.99414 5333.23656922929 93.1851191111007
0.99677 6415.41462171534 102.198313576712
0.9994 5398.15043560187 93.7419705176678
1.00203 4918.56701523963 89.4778238562307
1.00466 5232.64622778043 92.2871708623193
1.00729 6494.9564747106 102.814246266293
1.00992 5976.02416131786 98.6179277667509
1.01255 5896.32752317324 97.9546428456401
1.01518 6116.10976060911 99.759987419307
1.01781 6127.46045776168 99.8489569327062
1.02044 6899.98218969233 105.952639633161
1.02307 5595.45423689414 95.4091422172455
1.0257 7809.06783984771 112.708439072278
1.02833 6554.39784608087 103.254207058457
1.03096 7060.77964456881 107.164811215278
1.03359 6467.75576171659 102.562168984352
1.03622 7250.36513121345 108.586252673559
1.03885 7494.36119770847 110.394320705822
1.04148 7855.34412921216 113.017720197376
1.04411 6670.58133802117 104.143049173369
1.04674 6690.18449434651 104.292242431386
1.04937 7021.82913108431 106.842144641772
1.052 7085.97537209286 107.325222321954
1.05463 5957.24782442778 98.4032220938396
1.05726 4898.39479254819 89.2273273501002
1.05989 4608.25361396699 86.5413536862809
1.06252 5597.99688107673 95.3797827112719
1.06515 6359.06390130256 101.65321079952
1.06778 6082.08927573627 99.4112200636461
1.07041 6076.77986714088 99.3642735972026
1.07304 4673.39336109783 87.1353096177447
1.07567 4124.88878207809 81.8594138969035
1.0783 4245.86253930469 83.0481518259282
1.08093 3493.46884195054 75.3286078187245
1.08356 3331.69829083782 73.5612046723093
1.08619 2961.33067305937 69.3495978487941
1.08882 3037.11914401971 70.2289059205419
1.09145 3584.44425203841 76.2922451532484
1.09408 4422.30613549871 84.7380320122388
1.09671 3429.69406225873 74.6218742500019
1.09934 2460.89920367721 63.2076820335765
1.10197 2139.19922629326 58.929888298751
1.1046 3498.63726631338 75.3610239965481
1.10723 3538.19087229544 75.7836102620038
1.10986 4187.73651381142 82.4444956170808
1.11249 3521.69481548511 75.6023296747079
1.11512 3538.00938448223 75.7750335525732
1.11775 3720.08975766347 77.6981508838104
1.12038 3008.0639584459 69.8658316738925
1.12301 2928.71659864581 68.936193640733
1.12564 2111.52852787112 58.5321432655981
1.12827 1876.82669782635 55.1817361764949
1.1309 2485.10539604465 63.495508209321
1.13353 3665.11762139065 77.1084331250954
1.13616 3182.73072893837 71.8530471057639
1.13879 3168.45715486918 71.6896536092287
1.14142 2621.02700138739 65.201206229998
1.14405 4789.17390637823 88.1327874441511
1.14668 4095.73023947745 81.5004850353273
1.14931 3400.50740303442 74.2597873791916
1.15194 4257.71386742279 83.0916517784079
1.15457 4798.91106756234 88.2120314802337
1.1572 4853.06236351979 88.7057403245792
1.15983 4462.64175680115 85.0603403598104
1.16246 3782.98148677405 78.3133002176653
1.16509 4580.85312953554 86.1745284319292
1.16772 3299.7261883118 73.1361334293316
1.17035 3342.29883964401 73.6042676107242
1.17298 5111.60353330607 91.0219737734135
1.17561 4422.370336232 84.6608320996841
1.17824 4788.8798583203 88.0966226614212
1.18087 5026.72033011813 90.2551431040176
1.1835 4058.26559521623 81.0937042862841
1.18613 5735.60759258333 96.4037502764753
1.18876 4928.89278010445 89.3647420087309
1.19139 4816.68580841192 88.3391031368954
1.19402 4316.47055901252 83.6239203234767
1.19665 6010.73942487549 98.6773293960525
1.19928 5060.98762985971 90.5437637695297
1.20191 4158.13745980391 82.0691698104924
1.20454 5226.49970419879 92.0080438264328
1.20717 5267.64592890407 92.3673178116951
1.2098 5421.83696571032 93.7072049207319
1.21243 5258.84395414018 92.2857424667169
1.21506 5213.40360236014 91.8839916092069
1.21769 5694.51107180868 96.0278291493797
1.22032 4829.52272371033 88.4322565826495
1.22295 5699.59929761669 96.0661690628705
1.22558 4288.89788550678 83.3318210087776
1.22821 4660.69301612007 86.866630753591
1.23084 4631.48504780272 86.5919598612022
1.23347 3351.74758400626 73.6618795900778
1.2361 3726.50352398886 77.6689831133209
1.23873 3000.45422202052 69.6915398273461
1.24136 2986.44430387717 69.5269973291548
1.24399 3274.82001355189 72.8047454350345
1.24662 3093.31192695881 70.7566940186842
1.24925 3179.3862592492 71.7326749606993
1.25188 3899.32173784979 79.4382410898407
1.25451 2389.90578372287 62.1892297742058
1.25714 3248.61640082964 72.5042905689197
1.25977 3720.74773786732 77.5924218040015
1.2624 2965.00782070593 69.2638803067003
1.26503 3627.69593983525 76.6123947419714
1.26766 2577.94897339007 64.5818464962819
1.27029 2265.9682074926 60.5466203879174
1.27292 2790.20821944053 67.1847967548551
1.27555 3529.14119902681 75.5573848609152
1.27818 2321.4694801021 61.2792708895738
1.28081 2275.83364590659 60.6725231303026
1.28344 1044.209552954 41.0965465476338
1.28607 2586.82815771737 64.6822301311034
1.2887 2226.89386042436 60.0123525358058
1.29133 3192.70493136659 71.8554943111743
1.29396 3354.82219060045 73.6554758818051
1.29659 2124.23014426968 58.608521542703
1.29922 2063.24047278452 57.7596565226676
1.30185 2875.39369017484 68.1849404383365
1.30448 2286.34089767194 60.7997894057091
1.30711 3320.88927190751 73.2741104004584
1.30974 4319.37716318272 83.5652457889647
1.31237 2971.03011126751 69.3043399149176
1.315 3330.39057611704 73.374687181919
1.31763 3247.29835613514 72.4521950708255
1.32026 3645.0891895916 76.760236457433
1.32289 4417.88239690696 84.5047404563248
1.32552 3994.71934093372 80.3542598543399
1.32815 4233.95336476047 82.7238190545399
1.33078 3633.82345966408 76.6357169486977
1.33341 4376.00883690003 84.0969371704132
1.33604 4058.50212914628 80.9870805885935
1.33867 4260.93030318432 82.9806515792103
1.3413 4953.14638382889 89.4657850991543
1.34393 4858.81873507179 88.6081184354544
1.34656 5724.84264922026 96.1793223273035
1.34919 4100.01734746491 81.3925307212827
1.35182 4626.44751118225 86.4584198145078
1.35445 3442.75774601142 74.5810468395849
1.35708 4294.06921073121 83.2916626332112
1.35971 4348.59318020512 83.8172040664504
1.36234 3923.48820908081 79.6135011612022
1.36497 3650.68448172532 76.7943846585337
1.3676 2990.95748037872 69.5087057021433
1.37023 3483.17738611394 75.0090465566301
1.37286 4232.04898305221 82.6785703911611
1.37549 4161.23433526864 81.9823699273407
1.37812 4099.67973870678 81.3722104761824
1.38075 4309.4398476881 83.4263657696198
1.38338 4268.87868499875 83.0312518015085
1.38601 3913.25599284927 79.4960543195119
1.38864 4410.41927479744 84.393334639574
1.39127 4392.30842269516 84.2182838342171
1.3939 4299.75812935984 83.3246984174185
1.39653 2565.49179460027 64.3618940528244
1.39916 4571.4961346257 85.9140996223936
1.40179 4508.51396787662 85.3186391254671
1.40442 2534.23288971144 63.9650222987663
1.40705 4197.3215723171 82.3185097925204
1.40968 3728.28589395846 77.5814809667247
1.41231 3715.99493844021 77.4520829848244
1.41494 2607.58211294953 64.8793701334323
1.41757 2790.30372831593 67.1128143014591
1.4202 2660.60024952199 65.5332350492654
1.42283 2891.12525768076 68.3120518006092
1.42546 2162.30788975092 59.0764954920671
1.42809 2645.81117080812 65.3472720462232
1.43072 2397.11652028066 62.1991849012606
1.43335 2337.46461029613 61.4192804492977
1.43598 2592.1851412744 64.6781056329811
1.43861 2637.12013177087 65.2350981992438
1.44124 2410.72011161745 62.3708753349275
1.44387 1772.91208564319 53.4864930986301
1.4465 1507.21226083852 49.315087994571
1.44913 2232.94997864472 60.0238958314546
1.45176 2460.6609411568 63.009009047837
1.45439 2304.25906555948 60.9725688575785
1.45702 2039.73595883922 57.3651184973434
1.45965 3284.46117612228 72.7922365721889
1.46228 2078.75862953804 57.9091389690344
1.46491 3283.05528763511 72.774000747467
1.46754 3047.52463714908 70.1136929933368
1.47017 3902.86178640789 79.343781125646
1.4728 2978.41909658455 69.311658001078
1.47543 3079.11851224818 70.4723352003728
1.47806 2573.32642909915 64.4235980843822
1.48069 2373.93151268119 61.8762100577891
1.48332 3472.63932048719 74.8361655752793
1.48595 2929.49159271166 68.733726630111
1.48858 4051.72475935227 80.8324618537523
1.49121 4240.05152556797 82.6881889734135
1.49384 3593.68338905919 76.1237007994954
1.49647 4174.49354354981 82.0434583050606
1.4991 3074.497145603 70.407866192371
1.50173 3580.03977340958 75.975158047167
1.50436 3863.97893454638 78.9294829681535
1.50699 4403.6211322304 84.2599220131754
1.50962 2555.20472474277 64.1834601525214
1.51225 3046.34859102702 70.0800285949665
1.51488 4080.40858436892 81.1055350447719
1.51751 3923.28007646426 79.5275346366989
1.52014 2657.49153335846 65.4520123148078
1.52277 3837.91753444712 78.6554958920132
1.5254 2791.2882758634 67.0776431922499
1.52803 3521.07197607957 75.3367872722788
1.53066 1959.49562193957 56.1999576260167
1.53329 2194.83605849039 59.4783726323446
1.53592 2758.02229335647 66.6731716356068
1.53855 2690.65934749084 65.8530329631264
1.54118 2984.31218136915 69.3525993935475
1.54381 3921.59438067581 79.4998204114968
1.54644 3968.4822481555 79.9726020509845
1.54907 2772.85303934925 66.8477241254542
1.5517 2511.75759414427 63.6218444309992
1.55433 2838.80858069707 67.6362688204989
1.55696 2649.38315503545 65.3398548975172
1.55959 1994.54210557977 56.6919738346303
1.56222 3103.76865220205 70.7194440531841
1.56485 2574.81649477541 64.4112164098009
1.56748 3317.20468893151 73.1086370754208
1.57011 1985.00710209115 56.5532772762437
1.57274 2256.22422730542 60.292329876792
1.57537 3383.15623042452 73.8288589842904
1.578 3933.98185548125 79.6114434330391
1.58063 1826.08210150441 54.2392485183486
1.58326 1348.31342721133 46.6061400090206
1.58589 2051.84488688706 57.4928927426394
1.58852 1876.35534492528 54.9785945250605
1.59115 1717.12233808376 52.593357838784
1.59378 2651.70580517366 65.356252394483
1.59641 2274.7844836231 60.5325251686401
1.59904 2656.464298746 65.4131171788302
1.60167 2324.14015654209 61.1840663635845
1.6043 3307.61790312358 72.9893625139291
1.60693 2461.70435225815 62.9672278360299
1.60956 3162.65950560057 71.370307704705
1.61219 3032.59591311224 69.8865088452763
1.61482 2059.18784642216 57.5875734870639
1.61745 2439.23450402036 62.6761478709479
1.62008 1531.44795032724 49.6616748766146
1.62271 705.485675456491 33.7061434316827
1.62534 2279.07694288159 60.5813826067895
1.62797 3269.90141280366 72.5640875767632
1.6306 2330.91417453379 61.2649767442395
1.63323 2005.31269176224 56.8244060356984
1.63586 1295.1726866317 45.6669928233819
1.63849 2771.9223430876 66.8072856634924
1.64112 1878.34650394027 54.9940715783703
1.64375 1937.65803660923 55.8549037438386
1.64638 2876.59563248634 68.0545036056331
1.64901 2319.84825422942 61.1141776665276
1.65164 2341.96540402684 61.4040677731492
1.65427 1980.34386482376 56.4640374938424
1.6569 3242.73232000694 72.2523366496516
1.65953 3513.99390170069 75.2127675272532
1.66216 2875.69170938729 68.038847865165
1.66479 2169.09076244307 59.0907321676965
1.66742 2458.97758182288 62.9147555982406
1.67005 3060.53595956018 70.1889414652464
1.67268 1770.2949174568 53.3810953348415
1.67531 2375.00411603864 61.8289075427502
1.67794 1909.84148742939 55.443772296294
1.68057 3463.156854598 74.6594713593681
1.6832 3500.36741067929 75.0585836305403
1.68583 2813.30887018563 67.289449654859
1.68846 2913.53933327575 68.4767958469319
1.69109 3556.27205610033 75.6528330013185
1.69372 3351.50506480444 73.4416400016779
1.69635 4141.27640670955 81.636476977335
1.69898 2694.07916364347 65.8441265250348
1.70161 3136.15681623411 71.0404600244224
1.70424 2386.24453576231 61.9668531345779
1.70687 2266.15611088783 60.3867934450646
1.7095 2497.20079160616 63.3897264024927
1.71213 2390.09584296136 62.0147349521709
1.71476 2525.5924909235 63.7476178671958
1.71739 2547.28208821099 64.0200384631871
1.72002 3320.6981919701 73.0949209302306
1.72265 3262.07200501897 72.4459909376022
1.72528 3204.07638583656 71.7982905051512
1.72791 2889.75227373002 68.1848780382236
1.73054 2495.20717202097 63.3586847850235
1.73317 1687.46382547553 52.103292932805
1.7358 1309.86763119114 45.9046550485575
1.73843 2368.51923066123 61.7271986462483
1.74106 2361.61594770636 61.6364807349855
1.74369 1872.1055926035 54.8773908498604
1.74632 2034.82513718476 57.2119720958222
1.74895 2578.94444812602 64.4079462933581
1.75158 2031.06848548442 57.1578426138047
1.75421 2639.01023686799 65.1522124877657
1.75684 2733.71085294986 66.3101493114645
1.75947 2200.73662818117 59.4953247592728
1.7621 2276.27764239241 60.5071233677413
1.76473 2728.30994713432 66.2423649570181
1.76736 2867.51271013403 67.910470218922
1.76999 2284.48418288483 60.6140391800595
1.77262 2434.21061375519 62.5681493017586
1.77525 2388.95034814305 61.9830411425022
1.77788 2980.86850937708 69.2366129370994
1.78051 2441.19743665427 62.6557513764693
1.78314 3195.24543652104 71.6814343079866
1.78577 1948.3929280961 55.9742048134328
1.7884 1929.52843725702 55.7019420483776
1.79103 2044.74058728122 57.3401651030512
1.79366 2789.12647552395 66.9682606424908
1.79629 2094.9802894501 58.0390066078296
1.79892 2156.3414172826 58.8821754135484
1.80155 3874.96484195423 78.932171742847
1.80418 2381.25072628296 61.8752680659874
1.80681 2889.94774869296 68.1638028664404
1.80944 1924.61016428736 55.6255719616398
1.81207 3392.83028307117 73.8547539118538
1.8147 1851.44278767688 54.5565401905084
1.81733 3021.91571646345 69.699093795406
1.81996 2120.61881342698 58.3863797829794
1.82259 2351.72450176703 61.4847978766219
1.82522 2948.58672562849 68.8455328155368
1.82785 2370.75182819882 61.7314025013611
1.83048 1980.39142659131 56.4199763896648
1.83311 2815.65066228511 67.273039619302
1.83574 2954.53085338825 68.9112637458043
1.83837 2854.65476832714 67.7356075328517
1.841 1195.91544423284 43.841434364494
1.84363 3198.34907495177 71.6954726050327
1.84626 2511.83820487705 63.5358603725107
1.84889 2245.3107528643 60.0697183784288
1.85152 1667.56594896202 51.7670193896635
1.85415 3389.58224303657 73.8038507455843
1.85678 3306.40978383119 72.8917799677694
1.85941 850.722106963663 36.9733122776197
1.86204 1567.68691892806 50.190144889494
1.86467 2187.89358810365 59.2920085193839
1.8673 2376.64877006503 61.79592668596
1.86993 2170.31300820852 59.0517558779747
1.87256 2248.68661585137 60.1077371304661
1.87519 1311.99791444406 45.912058500391
1.87782 940.259594436816 38.8667620288975
1.88045 1871.30111571126 54.8302964806887
1.88308 2071.42390708328 57.6869435909127
1.88571 1797.38774765754 53.7351180112516
1.88834 1494.71040913347 49.0015851352975
1.89097 1218.45762726529 44.2416276187651
1.8936 2658.72762456535 65.351729476967
1.89623 1852.83641514269 54.5548016045771
1.89886 2216.35484946599 59.6661986306709
1.90149 1439.54091605985 48.0857639726764
1.90412 1343.33991078845 46.4508703205749
1.90675 961.475412401002 39.2976310270744
1.90938 1813.16981255616 53.9650895456051
1.91201 1901.29334009525 55.2604743119707
1.91464 2475.68639930484 63.0571361719792
1.91727 1924.02524946562 55.5889144924739
1.9199 1405.73739418205 47.5150610132821
1.92253 1662.90152791175 51.678374047108
1.92516 1237.39966483616 44.5786542992606
1.92779 1225.77527817708 44.3684001010937
1.93042 1770.27078143832 53.3193163634448
1.93305 1766.36285043151 53.2599881009935
1.93568 646.866316551575 32.2303301888274
1.93831 1265.72715016277 45.0841531222234
1.94094 1508.85020944961 49.2235933116758
1.94357 2515.43477652613 63.5555033413948
1.9462 2858.22270512845 67.7471525732356
1.94883 1594.22740957542 50.5958075153007
1.95146 1829.13480551091 54.1949268574774
1.95409 2451.97060246108 62.7465408772228
1.95672 1527.80681020894 49.5293651923991
1.95935 1760.61019474721 53.1687596174722
1.96198 1228.75754618865 44.4175298709278
1.96461 603.139099184163 31.1190569256484
1.96724 1044.79096161754 40.9570596293875
1.96987 1673.64928932138 51.8373363160303
1.9725 2047.00735599923 57.3279657360869
1.97513 3043.66319669139 69.903916288194
1.97776 3052.63089617727 70.0062379334843
1.98039 1925.14221941505 55.5939308184565
1.98302 1543.2824186569 49.7754343509004
1.98565 1641.59011229711 51.3358903789708
1.98828 1536.83169371265 49.6704700827218
1.99091 2351.79079982478 61.444192407693
1.99354 1984.26899765881 56.438849380274
1.99617 1313.9610041241 45.9267270439838
1.9988 3294.44509551791 72.7213238183448
2.00143 3940.76374406195 79.5347944338961
2.00406 3580.05144438876 75.8067363000968
2.00669 2941.81535079384 68.717455962963
2.00932 2920.6069073085 68.4687066030095
2.01195 2110.86163570518 58.2078630259779
2.01458 1952.65739708492 55.9836228584695
2.01721 1546.03626228171 49.8142979368604
2.01984 2168.66044535326 58.9978461316073
2.02247 2108.74110411368 58.176583247444
2.0251 2061.30927076878 57.5180772089379
2.02773 2333.68845471715 61.1998590124603
2.03036 1857.22151317582 54.5955238228078
2.03299 2802.62160472637 67.0661874832532
2.03562 1924.37838894542 55.5728695949949
2.03825 2105.82749450744 58.1333278016604
2.04088 2265.07668735491 60.2908553298084
2.04351 2968.04765465244 69.0147034281398
2.04614 1360.42067703819 46.7238912550163
2.04877 1090.29573911572 41.8283516960027
2.0514 1939.04791153189 55.7813556393949
2.05403 3802.11438198044 78.1094508487081
2.05666 2277.97852793412 60.4591461559351
2.05929 2632.38963490054 64.9917877344546
2.06192 3468.08051064907 74.5974846080962
2.06455 1125.36886833705 42.4935727685356
2.06718 1120.79469620886 42.4067541976423
2.06981 1907.3476455532 55.320121940924
2.07244 2488.04240585999 63.1819884088006
2.07507 2559.15254730078 64.077961629966
2.0777 2804.16716097252 67.0747018360738
2.08033 2779.62596844984 66.7799641799167
2.08296 2896.9692105459 68.1743712930651
2.08559 2411.62042915581 62.2013598076893
2.08822 2513.6765129472 63.5033002004746
2.09085 1959.5795241446 56.0685401460506
2.09348 2307.87293489301 60.8471090730541
2.09611 2525.95452432422 63.6565307037648
2.09874 2896.57217408887 68.1661206672483
2.10137 1880.5222031126 54.9239876201802
2.104 1209.63799726448 44.0501352660402
2.10663 2829.62128206685 67.3721490732161
2.10926 1612.66250863547 50.8609768674821
2.11189 2586.32758321758 64.4097222507631
2.11452 2081.59277135517 57.7835545851
2.11715 2338.88370324574 61.2501829961021
2.11978 947.609169808466 38.9865146896165
2.12241 1479.23469557688 48.7096529017884
2.12504 1367.73365014301 46.8375280663483
2.12767 2307.21645578489 60.8322778011537
2.1303 1910.0198015758 55.3484611589308
2.13293 1564.83015864274 50.0976007616679
2.13556 752.769362888493 34.7464947312448
2.13819 1949.68723321081 55.9189763785046
2.14082 1716.99763557793 52.4757065806458
2.14345 3329.38522549196 73.072199164424
2.14608 3027.72552547348 69.6827228780092
2.14871 2569.59085011759 64.1941654795043
2.15134 3464.98700906762 74.5437233882478
2.15397 2198.69717498505 59.3799315627154
2.1566 2923.05670645907 68.4655830735652
2.15923 2091.54208535579 57.9140186783956
2.16186 1683.96251343662 51.9652851670507
2.16449 3147.05638532572 71.0388748652006
2.16712 3057.39219081892 70.0190308501126
2.16975 3165.17539741463 71.2420022868168
2.17238 2218.05060949217 59.6375314944203
2.17501 2012.08798154558 56.800756994923
2.17764 3211.57709723221 71.7606763199619
2.18027 2286.70747071367 60.5521208740199
2.1829 1784.33184066859 53.4882726847366
2.18553 1958.75555324093 56.041220842249
2.18816 2170.90443957051 58.997624767249
2.19079 1695.11233038761 52.1326884850385
2.19342 1411.87728196265 47.5779868841631
2.19605 1918.38946057961 55.4590828977558
2.19868 971.672333244672 39.4694463211931
2.20131 2420.52215761057 62.295035527136
2.20394 1915.45604938813 55.4156961356325
2.20657 1597.0799637408 50.6008507966062
2.2092 1892.2864848819 55.0789589619932
2.21183 1676.54581027191 51.8439141258418
2.21446 1596.36349360355 50.5887274435704
2.21709 1701.80708451252 52.2325003178669
2.21972 1571.98039103568 50.2003800355341
2.22235 1445.62021906724 48.1402499077572
2.22498 1507.29200477557 49.1561342986163
2.22761 2438.67728646126 62.5250405049522
2.23024 1839.12221093126 54.2975083149671
2.23287 2241.88987703876 59.9486675249208
2.2355 1692.46091064646 52.0870199231747
2.23813 1310.69056449319 45.8371982902439
2.24076 1787.00834603787 53.5215964210812
2.24339 1708.65673101428 52.334848342573
2.24602 724.533373978309 34.0792907089886
2.24865 1194.74288342572 43.7619198537794
2.25128 1068.37192853779 41.3826373378387
2.25391 2194.59694736995 59.3105712192034
2.25654 1318.7070942511 45.9755235115942
2.25917 799.644022686064 35.8012878931156
2.2618 1019.17190442965 40.4177203102479
2.26443 2793.18977871496 66.9107819533902
2.26706 2141.08821266003 58.581562881274
2.26969 1134.67047230325 42.6458073503869
2.27232 1794.94347042907 53.6370201405827
2.27495 1093.5004491237 41.8645596648475
2.27758 1104.65316174735 42.0772942487527
2.28021 3168.05588441103 71.2572474622832
2.28284 1784.38895464664 53.4780026956287
2.28547 2828.75041890647 67.3326212065294
2.2881 1698.35116853448 52.1722712218706
2.29073 1236.7423561922 44.5208455306028
2.29336 2109.84149131823 58.1495677665879
2.29599 3568.26967024841 75.6220072896958
2.29862 4149.03911365014 81.5437953674486
2.30125 3617.20336763082 76.1379899801362
2.30388 3798.16177406983 78.0188333947874
2.30651 3376.19092705475 73.5569986919294
2.30914 2647.94551435012 65.1422571050112
2.31177 2731.27487226276 66.1589742577422
2.3144 2345.262121548 61.3055131240233
2.31703 2108.5792981514 58.1294996603589
2.31966 2408.05687933967 62.1201884666606
2.32229 2340.58339325485 61.2433914384086
2.32492 2437.72436826392 62.5010409442304
2.32755 2742.95624945379 66.2982660178925
2.33018 785.537403192864 35.4792101106011
2.33281 1961.84960421422 56.068784601107
2.33544 2478.97889697012 63.026396844941
2.33807 2323.45099253759 61.0169649299623
2.3407 2154.15779804767 58.7516919648672
2.34333 1275.75135963988 45.2129058002259
2.34596 1073.50190938126 41.4742545353087
2.34859 1919.72098951867 55.4618067178423
2.35122 2723.69551048852 66.0620447848134
2.35385 3185.33310802716 71.4410683700738
2.35648 2200.07937103305 59.3727910945149
2.35911 1585.02265934403 50.394577300185
2.36174 1604.17161725925 50.6978172234071
2.36437 2098.46003029821 57.9845079593253
2.367 1652.55744656917 51.4561970991603
2.36963 1341.50838446156 46.3611155295436
2.37226 1926.92435939863 55.5632055578651
2.37489 1017.96795416333 40.3849724529343
2.37752 622.820876087662 31.5887249432352
2.38015 2182.80433516117 59.1365109408066
2.38278 1328.783636401 46.1395343601434
2.38541 1867.9205938122 54.7045002274936
2.38804 1864.78475044111 54.6582826387704
2.39067 1379.31715349863 47.0079675222442
2.3933 1556.50235451331 49.9358071740746
2.39593 2017.14005661164 56.8464027995854
2.39856 1264.23314365728 45.003503520512
2.40119 1180.34185481747 43.484516936939
2.40382 1020.06538394566 40.4243730120708
2.40645 1729.22990818747 52.6325241372789
2.40908 1408.25828709856 47.4971475062592
2.41171 493.672096846508 28.1218704002059
2.41434 252.877341664885 20.1269705971836
2.41697 1223.90197803425 44.2787460308142
2.4196 646.843505479779 32.1899385260918
2.42223 763.994707205636 34.9835801799771
2.42486 958.116158593719 39.1765962986226
2.42749 1540.42817144104 49.6748868639192
2.43012 1683.94443718065 51.9372057462086
2.43275 2098.66700401957 57.9809077513963
2.43538 2125.10029238569 58.344711950155
2.43801 1318.65279412662 45.9595275421509
2.44064 2276.60528593217 60.3882907192276
2.44327 1558.97502260807 49.9720294318485
2.4459 1471.06508436399 48.5424725464087
2.44853 984.217822216937 39.7054482800393
2.45116 947.706426497752 38.9618836634267
2.45379 1762.93044901391 53.139707939667
2.45642 2352.73289121581 61.3884159309254
2.45905 1888.46003130836 54.9987165640446
2.46168 2138.88571574919 58.5316797266971
2.46431 1589.7476737012 50.4614630245511
2.46694 2029.43080684447 57.0139859448699
2.46957 2046.9789308538 57.259757906392
2.4722 895.218872918459 37.8665707958745
2.47483 2322.71358024082 60.9940867627718
2.47746 2141.14668584441 58.5614275979679
2.48009 1688.07858498056 51.9976020845983
2.48272 1254.14138752306 44.8186506590754
2.48535 905.035852505111 38.0729878546096
2.48798 901.031991235518 37.9885498118544
2.49061 1357.05311539332 46.6207841357332
2.49324 1354.81323523376 46.5821368680501
2.49587 1176.24470211984 43.4037319852478
2.4985 1570.63860938271 50.1550778152061
2.50113 1582.01021996939 50.3361536365816
2.50376 2363.10181330959 61.5198571146823
2.50639 3159.15122116448 71.1308545383136
2.50902 1434.96538034653 47.939361746899
2.51165 2325.10507133098 61.0227176177987
2.51428 2135.22510912919 58.4777702012127
2.51691 1062.92880241837 41.2591023723953
2.51954 1620.17672231278 50.9386697062388
2.52217 1440.33195253438 48.0282120744795
2.5248 1671.48655270989 51.7386726474451
2.52743 1414.17754506173 47.5898707115791
2.53006 1965.57202438747 56.1055410421076
2.53269 1783.97477972129 53.4508167751883
2.53532 1817.6964675472 53.9534710124117
2.53795 1924.79615459762 55.5200433196706
2.54058 1795.8544420723 53.6280133609034
2.54321 1426.35550548134 47.7934906460587
2.54584 324.660872377139 22.8017695571612
2.54847 1436.88918507951 47.9693608300646
2.5511 1155.27624036739 43.0124253279606
2.55373 1354.58821028096 46.5750547034201
2.55636 1888.48866993769 54.9927752069946
2.55899 767.394791780195 35.0555339007397
2.56162 1875.83865819456 54.8079578052088
2.56425 1374.62136407526 46.9176381043821
2.56688 1626.35676675875 51.0330146470238
2.56951 1055.23601829229 41.1070994593254
2.57214 1231.78805819425 44.4128601540009
2.57477 79.1352345490681 11.2570452441938
2.5774 479.13586059176 27.699218744498
2.58003 1580.65859399875 50.310187652469
2.58266 2109.47922906707 58.1196837552626
2.58529 1765.98918248827 53.1775533919352
2.58792 2431.64998064289 62.3998550035306
2.59055 1465.87702831778 48.4485224079025
2.59318 867.154434516827 37.2630765378357
2.59581 1115.84265640339 42.2698474663208
2.59844 1018.5415324274 40.3847398108462
2.60107 763.307004775575 34.9603891958375
2.6037 971.396899680087 39.4387622928253
2.60633 839.420631003206 36.6617324998397
2.60896 1805.67278899307 53.7701113459896
2.61159 1788.46564386383 53.5130807836055
2.61422 558.428703356026 29.90210513895
2.61685 1177.30305667029 43.4170466037135
2.61948 909.176473984828 38.1538599156323
2.62211 899.40859075798 37.9481969704297
2.62474 589.258040984223 30.7159274703143
2.62737 286.213454996819 21.4069178253121
2.63 858.993071483223 37.0853338905543
2.63263 1335.21195627012 46.2360488053099
2.63526 2020.95544661521 56.8829643794421
2.63789 404.140163110293 25.4371295417408
2.64052 946.447803439629 38.9267972819494
2.64315 837.534453080089 36.6184472207352
2.64578 1260.86201187286 44.9293988612256
2.64841 1141.17959838369 42.7436958968087
2.65104 935.594943578514 38.7023422371827
2.65367 1017.90971122705 40.3688324511618
2.6563 216.401606720031 18.6131571710688
2.65893 570.813222090575 30.2297851337007
2.66156 1365.21377828326 46.7505391249876
2.66419 333.755371708028 23.1152539088993
2.66682 272.932141127099 20.9030722297625
2.66945 245.530678243665 19.8259454025732
2.67208 1337.9304179502 46.2802857598159
2.67471 2198.91112002937 59.3309564927609
2.67734 1239.94689128028 44.5530354126372
2.67997 1362.42445133884 46.7014338307162
2.6826 1677.00181075741 51.8130322896521
2.68523 743.68496657135 34.5036459583715
2.68786 666.979730363917 32.6757112379274
2.69049 281.013804173948 21.2095181699989
2.69312 1148.13190387786 42.8707530102178
2.69575 1298.80366611936 45.5968893687846
2.69838 502.165205227291 28.3520858718276
2.70101 512.262252287472 28.6356006356075
2.70364 359.990911583619 24.0051684218658
2.70627 2061.3102288455 57.4419980205229
2.7089 391.77270361391 25.0422769808267
2.71153 1148.15470998378 42.8702289839558
2.71416 613.632093581961 31.340686093412
2.71679 1282.98796793449 45.317362735624
2.71942 1446.80124673666 48.123437607311
2.72205 452.645780556809 26.9172267618948
2.72468 176.010951897899 16.784939888992
2.72731 1427.57645446028 47.8022679571955
2.72994 1573.16623992825 50.1805009060362
2.73257 579.913832955488 30.4669013779054
2.7352 402.113797961067 25.3699674346582
2.73783 1040.0208087726 40.8004831307531
2.74046 483.73836425425 27.8258491615422
2.74309 997.024876705992 39.9479987234531
2.74572 893.567887459508 37.8185327888318
2.74835 739.707063083777 34.4088098731454
2.75098 548.500897243517 29.6297037528696
2.75361 46.5819925628063 8.63468578574179
2.75624 762.794672988718 34.9413920038776
2.75887 678.712030908018 32.9593030716537
2.7615 337.640977784667 23.2467202881159
2.76413 508.152821358238 28.5187282794755
2.76676 394.746700350463 25.1357071744202
2.76939 59.9844680589888 9.79828639414174
2.77202 664.808870266606 32.6195522447326
2.77465 5.98796520071199 3.09576578352923
2.77991 809.179226511536 35.9872418843205
2.78254 258.470249242625 20.3390353238902
2.78517 162.978232039986 16.1506029402091
2.7878 44.6577430939557 8.45417422878806
2.79043 998.283332243323 39.971328933276
2.79306 1.75543454467077 1.67614994456753
2.79569 180.137574079302 16.979369950246
2.79832 176.311156114684 16.7980233993834
2.80095 1252.00211287527 44.7630816599987
2.80358 378.840415191146 24.623228607531
2.80621 69.2928286558731 10.5307763443654
2.80884 61.4897252257158 9.92011984638603
2.81147 24.0820747510596 6.20814699670465
2.8141 163.116058131024 16.1570771664248
2.81673 3.57081945176017 2.39054974314764
2.81936 357.046689562558 23.904284183855
2.82199 650.755090456285 32.2716687877512
2.83251 46.6187478316605 8.63754919274578
2.83514 626.907718809053 31.6746218671318
2.83777 26.376599740086 6.49708328094911
2.84829 157.929670664414 15.8978534413461
2.85092 161.495115412553 16.0762858041989
2.85355 3.45965059026626 2.35299790879612
2.85618 297.695172781087 21.8268325476329
2.85881 187.124365154485 17.3049117588526
2.86933 385.388664661753 24.8342633618171
2.87196 652.813074386433 32.3218071481413
2.87459 46.2198475246802 8.60032504959965
2.893 464.147382122005 27.2536299776739
2.89563 254.120862137674 20.1658234802486
2.89826 401.072959741239 25.3341823074668
2.90089 112.112664679568 13.3943632502595
2.90352 383.045004581076 24.758218873087
2.90615 889.43957611973 37.7270182947362
2.91404 376.396607438159 24.5423639343149
2.91667 1.17987765573362 1.3740792815117
2.9193 385.153608004989 24.826188558658
2.92456 257.701565792944 20.3072500090979
2.92719 170.997129241496 16.5419520616135
2.92982 561.56677713692 29.9773206140342
2.93245 709.442180928544 33.6938295159988
2.93508 15.2632392294706 4.94213936148155
2.94034 310.674429685641 22.2968704041523
2.94297 720.156325203081 33.9472271035347
2.9456 888.277881463316 37.7020618360496
2.94823 480.152743603078 27.71916515198
2.95086 5.90867817232795 3.07493095072025
2.95612 42.6502915969733 8.26134435138062
2.95875 354.978892740366 23.833660517374
2.96138 151.489599540417 15.5697146744452
2.96401 390.763621933421 25.0061061039426
2.96664 841.475814925111 36.6952276976894
2.96927 18.2518436787284 5.40433048743867
2.97453 117.610490630367 13.7186407212314
2.97716 106.406450111572 13.0488365221834
2.97979 2.32937738045122 1.93066756777724
2.98505 354.043135010174 23.8020950782725
2.98768 7.75047066722942 3.52168815468577
2.9982 410.091482215995 25.6168825871296
