-0.19988 2.09644829163769 2.12755682493363
-0.19725 575.771098665665 35.2536959978362
-0.19462 414.193496134689 29.8956601591683
-0.18147 12.6988670090707 5.23025130989118
-0.16306 90.461817352719 13.9430782617249
-0.16043 282.73606950563 24.6458092370414
-0.1578 0.76740611768207 1.28378276737802
-0.15517 210.194041624809 21.2429842660689
-0.14991 3.99566231888385 2.92787457732392
-0.14728 1094.41937298121 48.4480503323318
-0.14465 0.361301939860333 0.880128084099932
-0.14202 98.9612534437912 14.563629271399
-0.13676 2.02385564600215 2.08199312167742
-0.13413 555.23983530812 34.479109935581
-0.1315 924.293762314802 44.4781727773641
-0.12887 567.722048344751 34.8526632847765
-0.12624 609.408394792663 36.1034284021452
-0.12361 726.172750272544 39.4040004867664
-0.12098 661.55750788915 37.6036698668462
-0.11835 719.428420742918 39.207241540025
-0.11572 655.658559134359 37.4228964827005
-0.11309 294.375866563615 25.071230220236
-0.09731 1.70792057455078 1.90775934961143
-0.09468 689.937548534761 38.3392678557325
-0.09205 721.048360661079 39.1895501707565
-0.08942 375.17442911779 28.2653157995104
-0.08679 645.033454763226 37.0576162931818
-0.08416 1676.54813190823 59.7370118472818
-0.08153 411.534179544288 29.5929013587327
-0.0789 463.347566580553 31.3969261783426
-0.07627 320.846826319344 26.1235171590828
-0.07364 998.073935665466 46.0694688350017
-0.07101 1211.86106589559 50.7583301285159
-0.06838 1130.07252156561 49.0098210541115
-0.06575 641.026289883701 36.9076945567893
-0.06312 862.071108814658 42.7956442107497
-0.06049 1772.74609084853 61.3621128557274
-0.05786 1409.31324788039 54.7053506362147
-0.05523 1657.34011375723 59.3172283081312
-0.0526 545.095795653785 34.0142126742991
-0.04997 941.251825180043 44.6915984775497
-0.04734 1365.63597804771 53.8256646755651
-0.04471 1536.00327470345 57.0777624034569
-0.04208 1127.3618421741 48.8935379452482
-0.03945 2544.58497198742 73.4475300109551
-0.03682 3304.58135370783 83.6904390603768
-0.03419 2974.93839391248 79.3972580432104
-0.03156 6790.43868256522 119.940074417748
-0.02893 6283.71107279047 115.364548768216
-0.0263 7680.04478603579 127.524903012859
-0.02367 12082.7487424087 159.935489392735
-0.02104 14530.4857830785 175.368211135466
-0.01841 14429.1600748424 174.735099781236
-0.01578 16351.1982381248 185.987273582992
-0.01315 15818.5920497661 182.911557019551
-0.01052 16420.2782908871 186.335788577144
-0.00789 14302.7083631179 173.885726432293
-0.00526 16766.1983522567 188.243874674843
-0.00263 17264.6135395642 190.998841640992
-0 16565.7027743707 187.078258715427
0.00263 18784.647732878 199.242824784318
0.00526 18461.8391391893 197.551986980167
0.00789 18609.0919396885 198.366920677621
0.01052 16246.8439956575 185.376162673875
0.01315 15417.1404888382 180.606759929338
0.01578 12595.3782731208 163.267739455021
0.01841 12726.5583925452 164.139432290726
0.02104 9363.02706268848 140.80829135947
0.02367 7959.98178657533 129.849044339547
0.0263 6406.56679575428 116.50860793798
0.02893 3645.62858383708 87.9010655479195
0.03156 4270.22380093945 95.1471589572933
0.03419 3357.86793139263 84.3849254929702
0.03682 2616.42404875841 74.4988679057744
0.03945 1893.93953885479 63.3929826140134
0.04208 1534.13072188557 57.0626345631289
0.04471 381.133951420474 28.4460481920727
0.04734 530.825978530992 33.5754371991989
0.04997 993.264136979799 45.9346509718472
0.0526 781.889456204393 40.7608427779631
0.05523 752.642689034655 39.9969905764593
0.05786 637.35934053385 36.8118350107861
0.06049 908.683759356845 43.9606446142741
0.06312 741.783441955221 39.7245144917812
0.06575 974.242378116224 45.5319114676772
0.06838 219.161443478254 21.5986584219396
0.07101 454.718122354759 31.1155971108875
0.07364 1252.79864576025 51.6547109627386
0.07627 1275.4670067693 52.1274145228293
0.0789 1697.55720920289 60.1459008935774
0.08153 950.53531325828 45.0132311985588
0.08416 152.792116918395 18.0496487088691
0.08679 733.522636837666 39.5537114663904
0.09468 430.419026975183 30.3118684228972
0.09731 857.516300256031 42.7907893773644
0.09994 669.286853585694 37.809189285091
0.10257 981.230440978422 45.796284588945
0.1052 730.133034519583 39.5217595002585
0.10783 1344.33795955734 53.6512529303796
0.11046 540.813011705913 34.043907572844
0.11572 1391.99931828193 54.6657419780689
0.11835 2030.31302952321 66.0491050384331
0.12098 2231.24475008009 69.2705406522638
0.12361 2817.59998380298 77.8760668562807
0.12624 1980.14958992301 65.3134381620528
0.12887 1970.28492058055 65.1789114007038
0.1315 1480.60960318354 56.5264540272418
0.13413 3383.05131142594 85.4819588146828
0.13676 4399.86300686811 97.527770861039
0.13939 2507.55375801574 73.6583914999215
0.14202 4349.00459935395 97.0465852995908
0.14465 6342.16699895097 117.244430056276
0.14728 4932.62134871197 103.442776092568
0.14991 4538.67242137314 99.2689503938549
0.15254 7170.79556781804 124.830368253571
0.15517 7147.76591028822 124.683547393076
0.1578 8113.71266088245 132.898796529947
0.16043 9337.28149305478 142.629233372627
0.16306 13144.4977547789 169.300111770554
0.16569 15470.1649277861 183.746672105965
0.16832 16917.720777225 192.233706593447
0.17095 18871.3088915942 203.116904052739
0.17358 21718.3556619789 217.99413543404
0.17621 22007.5919519789 219.53497825907
0.17884 21708.425711237 218.131101322379
0.18147 21590.0846249359 217.628818585723
0.1841 22861.9176580913 224.04291074235
0.18673 22799.4298269655 223.832094608356
0.18936 24157.5617936809 230.500697797032
0.19199 24147.797105324 230.552388138521
0.19462 23338.1793071739 226.751080673518
0.19725 20035.8071702155 210.186179865541
0.19988 19529.1866075315 207.602085711491
0.20251 19975.8704451355 210.063223330775
0.20514 17544.3261838056 196.957648917906
0.20777 13762.5889729357 174.526634047033
0.2104 11025.4931575445 156.285107525195
0.21303 9900.86720191538 148.170567871227
0.21566 8906.98296713522 140.603841249953
0.21829 7182.33315990069 126.319674750911
0.22092 7778.02810798999 131.516164458171
0.22355 4451.70207093242 99.5436097829729
0.22618 5291.94544743279 108.583486775954
0.22881 3667.43605140053 90.436333861408
0.23144 4113.23990350147 95.8206403235856
0.23407 2436.43416141499 73.7818549398106
0.2367 3038.41104363813 82.4328812216178
0.23933 2534.66186329041 75.325500482204
0.24196 2483.74210719636 74.6001776491044
0.24459 2471.07598843307 74.4447490687103
0.24722 4058.91538410774 95.4553413537828
0.24985 4424.44947934036 99.7077418696312
0.25248 3832.86452405497 92.8463483741909
0.25511 3561.6584891027 89.54325390418
0.25774 3148.4713092362 84.2286918317901
0.26037 1948.96044670594 66.3002183445334
0.263 2417.78115716314 73.8796808263987
0.26563 3129.56744846074 84.0933308425336
0.26826 2790.99295883714 79.451382462586
0.27089 3745.31613374889 92.0807463612307
0.27352 4464.95813093637 100.585550925275
0.27615 3295.34495009987 86.4528808903153
0.27878 5624.18563070131 112.995406587572
0.28141 7180.91400501102 127.738725428415
0.28404 8469.44924276599 138.791178251319
0.28667 8106.86300565063 135.850759353445
0.2893 8943.89085704647 142.757879195465
0.29193 10367.0969561437 153.768162525699
0.29456 10255.8671053845 153.011775169492
0.29719 10983.6216245066 158.420753353787
0.29982 13872.6533110288 178.114220229039
0.30245 16588.331157351 194.800285137069
0.30508 18588.3506909373 206.242449873856
0.30771 20825.4649982924 218.335498440551
0.31034 21906.5558982923 223.966671801417
0.31297 24649.7455353155 237.613925037498
0.3156 26398.5408094882 245.937600043084
0.31823 27857.7868256237 252.683890405014
0.32086 28640.0445928869 256.247921784801
0.32349 28112.7687247245 253.918621856674
0.32612 30501.1591094672 264.527073703735
0.32875 28646.4354441328 256.39906766578
0.33138 29969.4856702818 262.294969351334
0.33401 29548.4513388525 260.487462754367
0.33664 28720.638594241 256.853586835578
0.33927 28757.6796338516 257.060064776679
0.3419 28591.0560976958 256.355047012594
0.34453 27475.0137880205 251.341841126616
0.34716 25029.8242144037 239.935091301596
0.34979 22020.8244390388 225.087134560503
0.35242 20826.5554830012 218.933188706284
0.35505 19053.1149535551 209.437692358879
0.35768 16231.1589140985 193.337262369334
0.36031 15579.9877992786 189.44942182842
0.36294 15184.8200346448 187.061088886444
0.36557 14663.9899114938 183.854216360612
0.3682 15343.9830721079 188.098544500656
0.37083 12160.2170939599 167.477274329304
0.37346 12766.4494299448 171.628379983165
0.37609 11238.5170549855 161.056159842492
0.37872 10473.8921172037 155.505465745837
0.38135 8324.72668853711 138.658135265887
0.38398 9639.33357509204 149.228783790609
0.38661 9890.99051579751 151.188130587106
0.38924 7755.32058959707 133.895619818872
0.39187 6839.70133632977 125.763242933519
0.3945 7418.22139315217 130.994692041539
0.39713 6346.68907192257 121.184210275082
0.39976 5696.55519997412 114.814891754918
0.40239 4959.59606705733 107.091202730744
0.40502 2918.93620927863 82.1261381910678
0.40765 1547.14966919564 59.7686712023804
0.41028 3396.43761616174 88.5232751466451
0.41291 2336.90818297609 73.4014387307755
0.41554 2178.48152886252 70.8432804979641
0.41817 2228.9768284994 71.6328702601341
0.4208 2007.22791227879 67.9509687659745
0.42343 2891.19587606417 81.5217845663866
0.42606 2806.39105806585 80.2872354291047
0.42869 1807.18538907458 64.4037464081528
0.43132 1812.69410065316 64.4776625095668
0.43395 2295.35554246097 72.5285726932511
0.43658 3112.43865881311 84.4250935071181
0.43921 3446.094074961 88.8017641690668
0.44184 1564.01102098723 59.8018597885307
0.44447 1927.50249576852 66.3634406674255
0.4471 1944.44971002226 66.6294591991399
0.44973 1385.02461350752 56.2125211595629
0.45236 3544.50578084023 89.8914585466833
0.45499 4011.66817127782 95.5958908849049
0.45762 4328.43002061648 99.260838778273
0.46025 3947.47534980493 94.7563551431601
0.46288 4647.11708295467 102.772331697018
0.46551 3957.59034243895 94.8059219889218
0.46814 3732.13795863078 92.0310574289664
0.47077 4043.31257584964 95.7545944683249
0.4734 5946.15513748011 116.07651258907
0.47603 5060.42722579889 107.042186365022
0.47866 4855.77851935082 104.815578202023
0.48129 5124.69424751425 107.637914387789
0.48392 6001.30883348096 116.436475790548
0.48655 5852.17795681115 114.936897288127
0.48918 9167.0267376332 143.796883494447
0.49181 7867.94939994814 133.168158749022
0.49444 7355.12317141107 128.70601850437
0.49707 8640.59208483064 139.447191026529
0.4997 7112.1361167195 126.465498520531
0.50233 6857.47036477666 124.093630352269
0.50496 9444.60370505097 145.522311336777
0.50759 9149.76139557446 143.123942501378
0.51022 9400.82913910744 144.963836819088
0.51285 9660.2839463514 146.83859678506
0.51548 10249.7068372214 151.136437001439
0.51811 9228.24585394975 143.29819037508
0.52074 9631.9379104056 146.2867952629
0.52337 8788.99357280156 139.631856375505
0.526 8392.08299342633 136.33769925136
0.52863 8526.73760438012 137.321376535312
0.53126 7461.52484043826 128.358786029364
0.53389 8858.58940376238 139.752209537552
0.53652 6322.47451179091 117.973377089265
0.53915 4974.49083281242 104.563072542855
0.54178 6649.26341513483 120.796351375121
0.54441 7560.26811959249 128.705809816101
0.54704 6040.76051560207 114.9575082204
0.54967 4052.57477240299 94.0845914272496
0.5523 3821.63528002936 91.2932205149628
0.55493 3597.78367612135 88.5098951386512
0.55756 4774.81537547504 101.885517655611
0.56019 3118.7627340126 82.2781770158078
0.56282 2778.78229381416 77.603185169198
0.56545 2403.08568343544 72.1099458417258
0.56808 4163.994093331 94.8469371326243
0.57071 2885.04318198157 78.8863013381627
0.57334 3287.55399006665 84.143101670013
0.57597 1842.82431779856 62.9477379418324
0.5786 2951.52160842071 79.6006638683061
0.58123 2020.12892695253 65.8018718493931
0.58386 1540.62449735441 57.418461686088
0.58649 717.505001144178 39.1534033087013
0.58912 1564.16303301206 57.7632215211616
0.59175 1796.12090234212 61.8487565235015
0.59438 768.5755222162 40.4258070576823
0.59701 1390.82729638072 54.3380069333937
0.59964 1233.62893783669 51.1340856088325
0.60227 2043.49083784835 65.7584199518947
0.6049 2447.81510587377 71.9116566384066
0.60753 2651.84291302732 74.7873716813717
0.61016 2944.38121403836 78.7399608307957
0.61279 3805.85463798278 89.4473524022282
0.61542 3588.85119657052 86.7884130048844
0.61805 2184.70084670083 67.6584508812557
0.62068 1875.29382412241 62.6328497491788
0.62331 2894.72574815261 77.7520912407521
0.62594 2901.84365426933 77.7831689616325
0.62857 2895.06227497989 77.6277944369539
0.6312 2749.60077735696 75.589622821643
0.63383 3786.29510376773 88.628429082395
0.63646 2774.82465627986 75.8091200315584
0.63909 2488.79000529403 71.735654745325
0.64172 3568.4207937812 85.8253572221007
0.64435 4483.23937057585 96.1190773223832
0.64698 4741.30767187902 98.7638765794521
0.64961 6356.59565649424 114.260512736719
0.65224 6803.24290804645 118.107116084331
0.65487 6048.57436296449 111.270021604592
0.6575 6261.44384326003 113.115434919464
0.66013 6144.37295267549 111.958159959384
0.66276 7304.31191876484 121.965876947945
0.66539 6769.75452528003 117.318429845779
0.66802 5653.40611458064 107.118711370731
0.67065 6931.24737878327 118.50748545239
0.67328 7472.65500119136 122.943834345972
0.67591 7609.5978750639 123.959184688583
0.67854 7397.58675572447 122.115509107094
0.68117 6723.72971370431 116.321021974189
0.6838 7423.4569680729 122.11888697694
0.68643 6810.95773418879 116.871829719725
0.68906 6231.60857960629 111.694348621132
0.69169 6653.02335424148 115.309571632383
0.69432 6557.26805582176 114.377703443374
0.69695 6527.77977448808 114.021320740568
0.69958 5558.36412126922 105.125245984493
0.70221 6445.91552151011 113.137584734233
0.70484 6465.63995987256 113.240321499591
0.70747 5506.24481005214 104.436785409707
0.7101 6387.9566528123 112.418240813368
0.71273 5470.18357890376 103.964839317325
0.71536 5477.05404664345 103.965307793454
0.71799 3616.71839348901 84.4308836568269
0.72062 5169.45918358324 100.877720680753
0.72325 4094.46789769408 89.7221805246518
0.72588 2880.62738816228 75.2094938737344
0.72851 4911.24669136796 98.1415009553898
0.73114 2358.56447727138 67.9685575966261
0.73377 2385.47043864348 68.3121901738607
0.7364 2519.43594694875 70.1599902994637
0.73903 1809.12374080338 59.4153036490461
0.74166 1969.69115552455 61.9568360623484
0.74429 1134.54519524726 46.9922996081998
0.74692 711.52018515438 37.1907294453009
0.74955 1144.67785894675 47.1419630989716
0.75218 970.630680427123 43.3828040422465
0.75481 1668.15781703445 56.8372973806791
0.75744 1678.76363691613 56.9814527447875
0.76007 1602.00853627879 55.6281594893377
0.7627 2281.7128952893 66.3461859748621
0.76533 2231.3752578226 65.568402350611
0.76796 2051.17840923874 62.8249990832856
0.77059 1488.93456109437 53.4922296659699
0.77322 999.589040639062 43.801139048634
0.77585 3699.05859264432 84.2057360092513
0.77848 2895.51864331045 74.4526748601198
0.78111 2088.43973748898 63.1900631336398
0.78374 1954.11422472014 61.0847950823699
0.78637 2140.88376173414 63.8961461331719
0.789 1391.46138365048 51.4793803199074
0.79163 1384.77897587918 51.3224299162871
0.79426 2022.83786174572 61.9892527783473
0.79689 2044.97517873963 62.2871421965963
0.79952 2689.80578640667 71.3892799735823
0.80215 2708.0641963817 71.5959394813406
0.80478 3759.10192138031 84.3171791344032
0.80741 2636.49556023822 70.5833856585317
0.81004 3532.44175980256 81.6659949136867
0.81267 3393.14005153169 80.0053952208946
0.8153 3127.98988043556 76.7830790330872
0.81793 4052.7459736364 87.361857262541
0.82056 3229.85853853187 77.9566326857312
0.82319 3464.12467351021 80.699728323176
0.82582 2922.92838050629 74.0965928049899
0.82845 3591.15653177131 82.0956214263445
0.83108 4162.40070432818 88.346283717592
0.83371 3392.73987737013 79.7269186624205
0.83634 3796.14233468169 84.2973915917075
0.83897 1930.50454725275 60.0884969922603
0.8416 4383.68572635026 90.5083202904212
0.84423 5092.25309491251 97.5071586345114
0.84686 4974.87614309178 96.335242960162
0.84949 3484.99883780167 80.5949383148587
0.85212 4445.50505217967 90.9869753316045
0.85475 4135.44244254582 87.7186072156504
0.85738 4437.539871828 90.8267493931411
0.86001 5026.65066781219 96.6259388689112
0.86264 3143.17557122127 76.3748321107332
0.86527 3207.04988442487 77.1134646598998
0.8679 3755.77716927659 83.4139166223393
0.87053 1741.68669910518 56.7786032110689
0.87316 2799.81009656498 71.9573054204447
0.87579 4491.52960107734 91.1000237434607
0.87842 4292.42835242698 89.019155950133
0.88105 3826.47587529543 84.0121031288363
0.88368 4345.39515871158 89.4885068465592
0.88631 3551.61454411533 80.8677998014963
0.88894 3174.08138451228 76.4155367275626
0.89157 3157.30964574495 76.1800029235199
0.8942 2290.84153906935 64.8618770487442
0.89683 2517.31472664326 67.9626289765761
0.89946 2409.44480382235 66.4613501239514
0.90209 3597.30572246325 81.1790747398866
0.90472 2087.76808064943 61.8270123248693
0.90735 2932.27033244161 73.2522187345644
0.90998 2652.11534781783 69.6460622706606
0.91261 1732.13432170984 56.2694491215642
0.91524 1627.55532969337 54.5294620632169
0.91787 754.298776950009 37.1121762751587
0.9205 1458.61426009689 51.593652149314
0.92313 2031.80767677786 60.8763493188991
0.92576 1206.95533838289 46.9066152054644
0.92839 655.33176885773 34.5541516186135
0.93102 776.696682544602 37.6076686529394
0.93365 914.967797514518 40.8069926042383
0.93628 1461.8891554521 51.5667593565256
0.93891 1731.5168358254 56.1056817727966
0.94154 1740.07615909404 56.2287482121424
0.94417 1515.24747027843 52.4561976617091
0.9468 1623.45356168587 54.2819735990107
0.94943 1398.17635139626 50.3613398446027
0.95206 2190.03873144864 63.0119235142175
0.95469 2084.31677553921 61.4552762645079
0.95732 769.335007606049 37.3263452652118
0.95995 2892.01206429781 72.3499297654169
0.96258 2061.55246709917 61.0682586068044
0.96521 2940.01103953963 72.9076383631017
0.96784 2115.38414930145 61.8263085773277
0.97047 1806.97295093603 57.1261029069091
0.9731 2398.88875469487 65.8027188169703
0.97573 1631.81313424376 54.2567706650285
0.97836 1884.93013399087 58.2970040750288
0.98099 1756.04092381417 56.2530062321867
0.98362 3361.80020978427 77.8115588820318
0.98625 2761.2579353305 70.5003598586967
0.98888 2709.78126444433 69.8207606192687
0.99151 3375.84948005861 77.9091633716174
0.99414 2632.21283487965 68.776011063167
0.99677 3591.64419277934 80.3160881312013
0.9994 2163.79071585973 62.3222129185508
1.00203 5046.35672390242 95.1559622295148
1.00466 3619.15578019645 80.5711099773524
1.00729 2223.2335221739 63.1388841625831
1.00992 3709.67217327802 81.5456421923651
1.01255 2762.99813449099 70.3642224896892
1.01518 2691.4438454838 69.435703761111
1.01781 2964.11688337024 72.8561808961802
1.02044 1819.99899952275 57.0798534910854
1.02307 2718.86697738705 69.7541044447551
1.0257 4796.06051406077 92.6289205614389
1.02833 3894.66617755822 83.4579784115114
1.03096 4519.03929638045 89.8843830028381
1.03359 3547.6249971234 79.6266516632491
1.03622 4567.81302298206 90.3383500309386
1.03885 1579.94746785912 53.1211770344722
1.04148 2467.07388833988 66.3690790328425
1.04411 3807.1523894558 82.433391232823
1.04674 4797.75977902363 92.5231874140822
1.04937 3857.41474016371 82.9483554523846
1.052 3736.76758378048 81.627389562438
1.05463 3358.01729642808 77.3673208020334
1.05726 2674.46557206699 69.0339627858984
1.05989 2283.85429894062 63.7832547172708
1.06252 3255.15079046857 76.1353226706406
1.06515 3188.51430910064 75.3395385353427
1.06778 1293.53017183633 47.9783338487127
1.07041 1624.96952799681 53.7659813725931
1.07304 3596.5308796973 79.9751246347739
1.07567 2210.52405376251 62.6886171389072
1.0783 3198.60464065882 75.3961835937157
1.08093 2342.02047159971 64.5048568741913
1.08356 2206.96934668122 62.6070426817974
1.08619 2503.85163108906 66.6741177181694
1.08882 3562.73561544296 79.5193275456096
1.09145 2363.38823694608 64.7554507868137
1.09408 617.96634377377 33.1069428162025
1.09671 1172.07510595954 45.5871283118135
1.09934 2400.60646644906 65.230817806299
1.10197 3174.58744916534 75.0023678982107
1.1046 1951.38688370638 58.7974253406766
1.10723 1820.57849602456 56.7866965217449
1.10986 2334.73288044117 64.3007107358181
1.11249 1983.25195963513 59.2572350332655
1.11512 2488.57291594614 66.3716901086735
1.11775 1369.85226620433 49.2379318822863
1.12038 1647.95462984917 53.9996317737325
1.12301 827.136683491751 38.2526952706012
1.12564 978.989391197787 41.6119061226621
1.12827 1409.08088089961 49.9173804689133
1.1309 2864.17309887824 71.1604450071113
1.13353 1804.03947848518 56.4699278694308
1.13616 1974.92481498871 59.077849536039
1.13879 2343.58025481084 64.3493969811951
1.14142 2099.26497819821 60.8966438924979
1.14405 2295.80208528296 63.6769281260851
1.14668 2437.11728128386 65.6006646151403
1.14931 2508.57231653028 66.5485307524463
1.15194 2018.97552409654 59.6960796306149
1.15457 2187.65025638172 62.1332893110585
1.1572 2566.30813785008 67.2891289914082
1.15983 705.567441503297 35.2788865155013
1.16246 2206.87726334403 62.3863793006944
1.16509 2038.82967193856 59.9578763951605
1.16772 2501.49079311306 66.4064544933944
1.17035 2357.85115266337 64.4650155414695
1.17298 1890.33449845548 57.7152099535596
1.17561 1090.61277022014 43.8340178777193
1.17824 1609.344612598 53.2421455618465
1.18087 1861.6214290499 57.2574141587607
1.1835 1645.63975022768 53.8280248138182
1.18613 1252.99520366088 46.964615137934
1.18876 3667.13965862848 80.3368470619372
1.19139 3556.90566533736 79.111973301426
1.19402 2158.97577265008 61.6289692645156
1.19665 1538.11701481548 52.0128528289354
1.19928 2768.51924477251 69.7741761762649
1.20191 2605.2298570658 67.6793576077252
1.20454 2761.62091844643 69.6759525368286
1.20717 2561.69735485625 67.101536715529
1.2098 2415.89653422974 65.1591470084471
1.21243 2804.67492468494 70.2013000232857
1.21506 2714.72881698361 69.0613040100913
1.21769 1782.02578209629 55.9494979269577
1.22032 1484.2738778331 51.0580087795363
1.22295 1955.48978317287 58.6006282101192
1.22558 1641.84577328589 53.6918434885013
1.22821 2597.20328002759 67.5247122572667
1.23084 2460.9065595016 65.7241476967075
1.23347 739.626311977064 36.0289165721836
1.2361 2356.90087210357 64.3107101528376
1.23873 1257.33633730337 46.968424862112
1.24136 1474.79689817869 50.8644064519238
1.24399 1340.19032903811 48.4840308675775
1.24662 1002.76979816004 41.9356812876784
1.24925 921.08753505413 40.1884382200503
1.25188 2890.84242977978 71.191882722197
1.25451 1628.31858193409 53.4263548407034
1.25714 449.791032644813 28.0775256702684
1.25977 2187.99392108568 61.9218708262323
1.2624 1010.36268993877 42.075301423643
1.26503 428.434866945148 27.3967190836573
1.26766 1368.51922420983 48.9608745454517
1.27029 607.189133871894 32.6101854365766
1.27292 759.723597626204 36.4742721105566
1.27555 1467.41434636217 50.6877196961588
1.27818 2261.51434718618 62.9207064763054
1.28081 1505.79647741192 51.3386676052882
1.28344 1233.65886223162 46.4650629214728
1.28607 2560.47799391001 66.9355814639511
1.2887 2439.5610449695 65.3310871495466
1.29133 1273.72221033904 47.2029259478243
1.29396 2192.20770152002 61.9212796034571
1.29659 1690.49554938373 54.3717858606011
1.29922 1003.77375838662 41.894017036956
1.30185 2839.38678687204 70.4564915453673
1.30448 2128.51724625113 60.9993998958327
1.30711 2295.55862631496 63.3445724307864
1.30974 2727.2020924288 69.0402113387319
1.31237 1325.42637385032 48.1281856680921
1.315 628.361607552733 33.1363553839833
1.31763 1298.81214169195 47.6377584971248
1.32026 1675.94469543591 54.1110819907325
1.32289 1967.1337938952 58.6207744781586
1.32552 3763.3540445166 81.0775029159572
1.32815 3400.3760726156 77.0645280422199
1.33078 3034.38355569762 72.7954951796382
1.33341 2678.80482711961 68.3940025175167
1.33604 3695.61652315192 80.3284059004501
1.33867 3751.90074114764 80.9337346806705
1.3413 3135.89247965459 73.988241166926
1.34393 2767.15973154919 69.4988221837416
1.34656 2117.26025744676 60.7890923483285
1.34919 3612.73021193549 79.4025601656168
1.35182 3619.81972450561 79.4764413674615
1.35445 2643.49485210118 67.914479393301
1.35708 2864.32909527082 70.6907836373915
1.35971 3110.03327551994 73.6566651204532
1.36234 2955.69139896639 71.8021206017611
1.36497 2890.7160258937 71.0049511311504
1.3676 3603.74255498724 79.2758642819832
1.37023 1966.4516645902 58.5576892675787
1.37286 2044.42525359422 59.7043666302883
1.37549 1289.90572542956 47.4217573889455
1.37812 2911.5996282049 71.2430766959038
1.38075 3343.2328535581 76.3375697084395
1.38338 2631.25111594232 67.719593230092
1.38601 2144.20790998716 61.1286510659532
1.38864 945.697521719766 40.5943565497239
1.39127 2117.15414496961 60.7356865243754
1.3939 1860.88312324916 56.9384211790984
1.39653 304.49015302703 23.0308869073088
1.39916 2612.06668997924 67.4519220224221
1.40179 2552.16659563094 66.6713414253394
1.40442 2273.41061805768 62.9225830192538
1.40705 2051.72914613648 59.7737537734019
1.40968 1435.37347579834 49.9937701474555
1.41231 885.759942003377 39.2712171581676
1.41494 469.27548143152 28.5833539877744
1.41757 1073.53346557696 43.2304702845447
1.4202 924.626633984447 40.1188314844975
1.42283 1540.52688091821 51.7824534852678
1.42546 1322.32491808893 47.9733427385812
1.42809 440.459247050049 27.6864109558987
1.43072 1611.9976767308 52.9637716511339
1.43335 1736.94528206814 54.9759407553355
1.43598 1325.12856398496 48.0166116173338
1.43861 821.161768974411 37.7972116681749
1.44124 806.24641125603 37.4508947141799
1.44387 974.402431607132 41.169953540921
1.4465 1947.75152676186 58.2050772268875
1.44913 949.209848888999 40.6310555812056
1.45176 1775.70142808219 55.5705701199803
1.45439 912.096049340319 39.8256671182693
1.45702 1971.75843348029 58.5534536234691
1.45965 1533.89839482356 51.6424512027202
1.46228 2088.72698033645 60.2604370632873
1.46491 1408.92104708754 49.4900227704142
1.46754 573.839707076518 31.582936576236
1.47017 829.256460263532 37.9650980154597
1.4728 2806.02156765524 69.8342507986065
1.47543 2096.85721174227 60.365706183028
1.47806 2070.03659578308 59.9760345371519
1.48069 1657.83324871752 53.6712904142581
1.48332 1192.75644277801 45.5229478129318
1.48595 2048.81970923804 59.6608227724869
1.48858 2436.34217443552 65.0563034035979
1.49121 1099.32581234354 43.6984795424714
1.49384 1735.47348039457 54.9028609472397
1.49647 1261.45359768337 46.8063197268084
1.4991 2209.69979237364 61.9467264475011
1.50173 606.858530898056 32.4624179677103
1.50436 1591.81047908769 52.5737337007374
1.50699 2225.52528779236 62.1620622493364
1.50962 2161.75779039136 61.2630576342582
1.51225 1952.13036912862 58.2150889345094
1.51488 1077.72576244445 43.2535036118344
1.51751 513.014482302585 29.8413162054002
1.52014 2078.49803064055 60.063961420337
1.52277 1070.82157794215 43.1105656093913
1.5254 788.533167723211 36.9931357553168
1.52803 1591.60969074888 52.5551705172632
1.53066 1375.75940681619 48.8601060694198
1.53329 2315.67885974092 63.3881858086838
1.53592 1300.2892824725 47.4979804385216
1.53855 1637.53562889222 53.3011435766469
1.54118 2435.93266258903 65.0069486878589
1.54381 1890.74487239897 57.2703188513758
1.54644 2582.75424435941 66.9330583827283
1.54907 1456.18416547808 50.2566193680677
1.5517 1239.20736065181 46.3599652792644
1.55433 792.806686738506 37.0800876221915
1.55696 872.071006455654 38.8883048172334
1.55959 1933.96415201246 57.909962807412
1.56222 1136.87423353714 44.3988043592082
1.56485 676.053545260517 34.2366762806407
1.56748 843.594954619537 38.2431820721709
1.57011 756.795539768746 36.2211554786816
1.57274 254.046576176054 20.9853238154419
1.57537 367.388152602314 25.235246885062
1.578 399.151520395996 26.3026714274803
1.58063 1857.3523949184 56.7367038408517
1.58326 180.548988058305 17.6888848794677
1.58589 527.219490445054 30.2262752980241
1.58852 1958.51206922446 58.255644189191
1.59115 708.011016031667 35.0252196433334
1.59378 1466.12287493704 50.4001722763127
1.59641 1017.32507613901 41.9819576337939
1.59904 1398.79074042913 49.2260694285433
1.60167 1381.79590553846 48.9248284701017
1.6043 2386.0513271445 64.2888840830481
1.60693 1412.81373069799 49.4683112973251
1.60956 1595.93668335243 52.5752195120787
1.61219 1911.62681187869 57.5391519091981
1.61482 304.151701681374 22.9506853189067
1.61745 793.377882795618 37.0662977714427
1.62008 1858.96771126731 56.7366541144521
1.62271 1157.64284104125 44.7717143562
1.62534 725.151107832363 35.4339295466894
1.62797 1514.63875656081 51.2092273085784
1.6306 1587.09138786557 52.4183428813117
1.63323 1627.25259715745 53.0760305703937
1.63586 1911.17148274904 57.5187455273291
1.63849 1271.9232027444 46.9222306670039
1.64112 2069.34609265907 59.8485176530066
1.64375 912.629623075306 39.7441066772918
1.64638 339.975217616442 24.2570350327563
1.64901 1721.52248337291 54.5832084372615
1.65164 2423.4251106053 64.7598952123253
1.65427 1976.80444984909 58.4873325561047
1.6569 1693.93501157163 54.1398384800996
1.65953 1393.72245733452 49.1072207423973
1.66216 1082.47731323461 43.2768089954487
1.66479 1810.2633612499 55.9635598007892
1.66742 2113.32928939266 60.4653621552359
1.67005 1163.96112829256 44.8725687345571
1.67268 1836.27538204673 56.3597709092338
1.67531 1417.83236956939 49.5223649466993
1.67794 1011.4513735269 41.8263585305278
1.68057 3044.541532054 72.5649869272861
1.6832 1255.16953340582 46.5914237837865
1.68583 1574.09933805914 52.1746414150642
1.68846 1379.21894432254 48.8369606796743
1.69109 1210.75861831875 45.7561443907045
1.69372 580.540600188402 31.6829455812193
1.69635 1074.46567310098 43.1016742172474
1.69898 978.762265715928 41.1362870953383
1.70161 1350.86475033418 48.3260501895342
1.70424 566.772282979419 31.3018913216372
1.70687 822.082219440929 37.697696708487
1.7095 929.026253519833 40.0739445306001
1.71213 1025.07803505648 42.0937360443295
1.71476 1883.02321371547 57.0502768779673
1.71739 860.193381191892 38.5583887231852
1.72002 1103.36227725963 43.6687543801401
1.72265 1448.67959037909 50.0367182401754
1.72528 386.744729435128 25.852691119662
1.72791 885.474047606751 39.1176162609507
1.73054 837.424866979502 38.0406822810567
1.73317 1457.76151564327 50.1891128248346
1.7358 2102.7675142588 60.2771645534385
1.73843 573.820629811557 31.4873542904122
1.74106 1416.13190049961 49.4641842313173
1.74369 360.821285891554 24.9675529017302
1.74632 1719.53392691318 54.5037248707423
1.74895 1989.63567592108 58.6271110295894
1.75158 719.259034570458 35.24887670467
1.75421 537.900563715628 30.4820746776382
1.75684 988.991601411732 41.3314582860473
1.75947 1233.23196470158 46.1527641674813
1.7621 952.860149445662 40.567740131843
1.76473 1282.51521016556 47.0639526379538
1.76736 1509.53771212019 51.0587316286611
1.76999 1363.30427717891 48.5216252219924
1.77262 1063.22767622475 42.8492256970416
1.77525 838.481390948371 38.051121141289
1.77788 692.669060772408 34.5839455503565
1.78051 1171.17924876988 44.9691034198442
1.78314 804.398239873534 37.2673918879331
1.78577 1841.25296750973 56.3820774740941
1.7884 1099.34039586823 43.5653629646272
1.79103 929.758353675478 40.0637121444789
1.79366 638.060905655595 33.188537022793
1.79629 1587.8791222882 52.3548184839413
1.79892 1392.90080908624 49.0341816972509
1.80155 2324.75275829633 63.3458675969447
1.80418 387.41769836499 25.8589498193816
1.80681 1217.21533906641 45.8348817436672
1.80944 2092.93988093948 60.1010466363708
1.81207 1647.77924878005 53.3266649979482
1.8147 1570.45492643721 52.059368829487
1.81733 1384.08761108416 48.8718975092564
1.81996 1400.84904450414 49.1659380826773
1.82259 575.177827958696 31.503657604122
1.82522 1740.13451263917 54.7952067792534
1.82785 601.048668922494 32.2030664898129
1.83048 634.931316964644 33.0976402972028
1.83311 557.042525581638 31.0005273335228
1.83574 655.26577706985 33.6221047599223
1.83837 281.020542164345 22.0179273832469
1.841 40.4521043697191 8.35351406521727
1.84363 771.36933239156 36.4771651776822
1.84626 506.097709849792 29.545975143592
1.84889 492.618282682176 29.1492678692564
1.85152 1776.51156717474 55.353827233103
1.85415 1561.80025202799 51.9000317932182
1.85678 410.011329952725 26.5915745482149
1.85941 442.277997841991 27.6175428792031
1.8673 304.235758146737 22.9042581737878
1.86993 1216.65166115526 45.8021085638035
1.87256 1074.32076467999 43.0388415411432
1.87519 1303.55942383893 47.4078486441157
1.87782 1195.81184086205 45.4053991493184
1.88045 278.581095873858 21.9150838305951
1.88571 54.9020376472508 9.72845847562392
1.88834 473.114968260282 28.5577760117223
1.89097 883.212904515852 39.0179980113504
1.8936 1431.81260536868 49.6782867873699
1.89623 657.150955497337 33.6548245790887
1.89886 453.6855711531 27.962981959504
1.90149 1582.1227255912 52.2178205017592
1.90412 1462.30448842292 50.2008590149333
1.90675 456.695544338401 28.0542856534281
1.90938 260.462952312646 21.1861670383388
1.91201 653.249462123643 33.5515453374174
1.91464 1424.30194637084 49.5413248222031
1.91727 614.810325604325 32.5484823426943
1.9199 814.2403580483 37.4567475124458
1.92253 1098.2458663181 43.5007880002008
1.92516 860.364881004742 38.5019084331993
1.92779 261.214471129529 21.2145155971959
1.93042 551.309261154349 30.8195100933768
1.93305 584.489200907755 31.7329111742407
1.93568 423.22790879389 27.0024022644952
1.93831 1.50600115419157 1.6107253321533
1.94094 415.624936521636 26.7579733973494
1.94357 825.242102409787 37.7039360852642
1.9462 851.913215061417 38.3078044851389
1.94883 399.279345927775 26.2253679159861
1.95146 75.8710505368215 11.4318047361544
1.95409 1206.19055659333 45.5804168802825
1.95672 1501.72742586782 50.8580224073023
1.95935 578.47369399259 31.5645281329497
1.96724 458.029059143745 28.0856677415136
1.96987 1378.28479241644 48.7193292640267
1.9725 1862.252252095 56.629751136766
1.97513 1357.07141947138 48.34152330641
1.97776 1607.21562259002 52.6077384359927
1.98039 572.507307046857 31.3976147727285
1.98302 1596.92872662284 52.4375613318955
1.98565 1550.30934541613 51.6657194789345
1.98828 1296.5005548335 47.2468905904833
1.99091 1110.12099857626 43.7185366344415
1.99354 2099.74777612729 60.1253478343564
1.99617 1804.02029887796 55.7299079475385
1.9988 737.0381080605 35.6210048156998
2.00143 1870.10193653457 56.739761925657
2.00406 1291.88252875944 47.1585614942193
2.00669 1464.6362432674 50.2120661425494
2.01195 230.365136626135 19.9131476850169
2.01458 299.509360157053 22.7054913341018
2.01721 281.744146596351 22.0215215231851
2.01984 2070.40750445794 59.6955494869728
2.02247 1240.48530633672 46.2066003041285
2.0251 376.747695247248 25.4640613578979
2.02773 1021.75598335782 41.934370768767
2.03036 68.2288663706483 10.8361442951699
2.03299 224.139002179104 19.6400950163741
2.03562 353.841688919663 24.676498360037
2.03825 816.929768403936 37.4943266928617
2.04088 354.472952439054 24.6978366957649
2.04351 16.8753728717003 5.38875225083147
2.04614 457.261352797981 28.0503278587933
2.04877 684.485574874227 34.3187932264609
2.0514 1.29197997856612 1.49098033134349
2.05403 354.311615876071 24.6905567108244
2.05666 877.075401814937 38.8464034893528
2.05929 853.193470497338 38.3133632225049
2.06192 835.88942469685 37.9223371159163
2.06455 864.876133509854 38.5737444900592
2.06718 2033.33125582477 59.1443243535369
2.06981 1301.43793818692 47.3167493920215
2.07244 430.447399754514 27.2118067284013
2.07507 808.669030055916 37.2972577693758
2.0777 1877.4489045501 56.8289618840044
2.08033 1089.110102666 43.2828366536112
2.08296 1845.09251016519 56.3356173646099
2.08559 2003.67286220897 58.7058736602345
2.08822 61.7591280120287 10.3065398702239
2.09085 912.695324326938 39.6204482747142
2.09348 143.353918599034 15.7020161104651
2.09611 1017.76255022297 41.8377219446163
2.09874 1292.93056355239 47.1548707374813
2.10137 1811.57323731043 55.8163403572
2.104 1357.58409888846 48.3182672802058
2.10663 1295.79881789415 47.2053628885034
2.10926 1401.00134437565 49.0835987383346
2.11189 1706.38756377388 54.1689640115398
2.11452 831.134810920197 37.8043693188161
2.11715 1207.18446079681 45.5604126538792
2.11978 657.639040168663 33.6270828395005
2.12241 140.274082919124 15.5302586531995
2.12504 1024.89206889434 41.9781799931413
2.12767 637.426750228753 33.1050502140094
2.1303 905.077566560917 39.4472359453542
2.13293 247.025954955162 20.608175295888
2.13556 56.6799463239169 9.87137227039752
2.14082 274.144962178957 21.7091133975489
2.14345 541.539418038392 30.5113594149121
2.14608 117.072058062077 14.1862534828686
2.14871 506.858603316897 29.5174657844062
2.15134 607.894717254952 32.325437383207
2.15397 446.415649877967 27.7009394928145
2.1566 550.418904869339 30.7585622792224
2.15923 1017.11324095785 41.8117728570962
2.16186 1368.39959783163 48.4970101145286
2.16449 1073.41578953104 42.9523621600467
2.16712 989.65618693916 41.2420080182986
2.16975 846.716777951243 38.1470782433116
2.17238 1052.31669517136 42.5265346176554
2.17501 344.126957727023 24.3187181067871
2.17764 33.4138599702468 7.5777316542221
2.18027 390.618954349971 25.9087893925143
2.1829 457.092801085031 28.0263938818039
2.18553 563.929954034055 31.1295023900879
2.18816 717.01332037874 35.1008614238093
2.19079 171.982229148407 17.1905794419336
2.19342 247.719414250699 20.6311443081875
2.19605 743.806812480006 35.7493324131579
2.19868 50.5390108814406 9.31849539220011
2.20131 293.185449534418 22.4438934218338
2.20394 925.548566609448 39.87681325086
2.20657 710.076873408416 34.9274761344793
2.2092 505.199848413183 29.4604793061118
2.21183 94.7083838726508 12.7554591808432
2.21446 340.193224858024 24.1745498658019
2.21709 1479.55813853923 50.414476894433
2.21972 1744.20492120262 54.737087170726
2.22235 521.871148437785 29.9404452111482
2.22498 701.214054364886 34.7052835589965
2.22761 99.2920766680746 13.05934120331
2.23024 453.659115943667 27.9140256736009
2.24076 590.278548237743 31.839106626922
2.24339 492.41570468757 29.0798391902489
2.24602 1054.28744705616 42.5499692067669
2.24865 344.532471185106 24.3236357536998
2.25128 712.048761293402 34.9672886360723
2.25391 2560.05717015845 66.3018431507215
2.25654 1349.14217016179 48.1308251380691
2.25917 781.402512765386 36.6290393512996
2.2618 964.852345820826 40.7016704898578
2.26443 396.702780027093 26.0980528153559
2.26706 942.765461334859 40.2319417228328
2.26969 811.303556195616 37.3211080586591
2.27232 823.671689265402 37.6039604057016
2.27495 677.450125546936 34.1027073777546
2.27758 430.773533654013 27.1937047781752
2.28021 1210.01317113347 45.5756213210559
2.28284 147.793080891103 15.9278910857197
2.2881 88.1144869304489 12.2982194336859
2.29073 283.990281605943 22.0782168663147
2.29336 769.845898974229 36.3502860053082
2.29599 424.593379849678 26.9951793516335
2.29862 32.2438888589978 7.43904167201779
2.30125 918.573525737897 39.7050164446615
2.30388 1015.39494617032 41.7447550656385
2.30651 977.570377245595 40.9594800807992
2.30914 477.394746427322 28.6230056855545
2.31177 30.7482320326732 7.26411137368869
2.3144 654.617205412785 33.5167675466082
2.31703 744.30020404913 35.7386784113914
2.31966 747.372843000285 35.8120412508615
2.32229 1129.21378090684 44.0194390879449
2.32492 840.798834975773 37.9838051979964
2.32755 320.227245240714 23.4410768566278
2.33018 378.852913472287 25.4964511113914
2.33281 1485.97109282509 50.4946770564426
2.33544 321.301691337622 23.4797205573901
2.33807 36.6361586365745 7.92843340990942
2.3407 123.977892081381 14.5848021119327
2.34333 217.647444291806 19.3241856959331
2.34596 1599.57142440296 52.3868438212679
2.34859 910.911248268695 39.5325152543873
2.35122 557.738436487941 30.9334031197351
2.35385 893.4036677464 39.1500461569921
2.35648 342.554812414116 24.2420559040488
2.35911 340.022424476504 24.1520606495607
2.36174 1044.30645949385 42.3263083737265
2.36437 97.0676499118162 12.9041578190786
2.367 353.593252639669 24.6286377822653
2.36963 2.1930989487138 1.93960600022066
2.37226 604.099702790019 32.1910183139216
2.37489 1030.50287394428 42.0437075200289
2.37752 267.015088855477 21.4013072888272
2.38015 514.549862738133 29.7085963183856
2.38278 372.86726818649 25.2895748250542
2.38541 54.6656785174315 9.68317469667816
2.38804 8.68280801940468 3.85910409271334
2.39067 472.713688028121 28.4741966959817
2.3933 328.563082454642 23.7387459016552
2.39593 0.8412793856009 1.20119775313421
2.39856 231.885334681279 19.9423818103981
2.40119 379.039630252986 25.4963873622819
2.40382 256.251165467986 20.9635613566561
2.40645 370.966129336125 25.2229029547946
2.41171 0.652759864740333 1.05802580944145
2.41434 179.554683144573 17.5474376795803
2.41697 193.254525912088 18.2043835487787
2.4196 0.793006878089928 1.16612583568299
2.42223 218.929429517534 19.3755845063354
2.42486 603.834447091834 32.177884038816
2.42749 132.50124559933 15.0731603795963
2.43012 800.016503798432 37.0373249945148
2.43275 769.620464709037 36.3265573963282
2.43538 1.40135965774005 1.55008867651958
2.43801 650.00264656647 33.3837485176265
2.44327 1340.32524045554 47.937373392229
2.4459 772.766253454121 36.3989628863246
2.44853 832.246191460155 37.7734491426537
2.45116 1190.44448917187 45.1763467198671
2.45379 1145.80355192834 44.3207819895001
2.45642 1498.97883095105 50.692753422701
2.45905 2133.45991368443 60.4764337821639
2.46168 2677.21385737459 67.7456260723778
2.46431 1820.85517639792 55.8692999556168
2.46694 532.884415698203 30.2237143023889
2.47483 0.587154190138928 1.00321681517132
2.47746 954.458075486746 40.4476176748065
2.48009 531.312621348259 30.1776476334398
2.48272 107.51195035904 13.5748326737213
2.48535 871.7396135745 38.6540766604616
2.48798 1001.85400892284 41.4381092271915
2.49061 618.122479520202 32.5484849041367
2.49324 254.986744674941 20.9049006710591
2.49587 151.685170076898 16.1234013644638
2.4985 43.9319103201411 8.67702693191505
2.50113 40.0528892264869 8.28502498186195
2.50376 809.751862449456 37.2519691881726
2.50639 827.73206261987 37.6629649461125
2.50902 610.125477373809 32.3352003975012
2.51165 866.06361392761 38.5245196741282
2.51428 501.883834092494 29.3265043516667
2.51691 839.233657165498 37.9224599631085
2.51954 1398.89618010869 48.9603097390669
2.52217 674.068482451436 33.9859789774068
2.5248 1401.22529490352 49.0002298684241
2.52743 186.531321141241 17.8778947170825
2.53006 681.587853135495 34.1741540229864
2.53269 440.527602549803 27.4738658479297
2.53532 174.735088261906 17.3029292248637
2.53795 571.370822657713 31.2885154814639
2.54058 311.63130470476 23.1069607339954
2.54321 588.724696974362 31.7595816887009
2.54584 564.706459385763 31.1047261919592
2.54847 763.260662131739 36.1616137903946
2.5511 512.259714654885 29.6246224339404
2.55373 88.9394132677194 12.3438663529945
2.55636 138.202913193194 15.3871801446718
2.55899 931.182313262975 39.9405606814807
2.56162 373.859700882202 25.30739731787
2.56425 173.615403467277 17.2458117690768
2.56688 678.165229743538 34.0842414067471
2.56951 1351.74432987236 48.120431102453
2.57214 1353.4459865226 48.1503062424407
2.57477 1068.56798712613 42.7834721121067
2.5774 422.184072050869 26.8919458270359
2.58003 364.738297783212 24.9952996149073
2.58266 197.542720964103 18.3947774185109
2.58529 104.473165054905 13.3771240756045
2.58792 1032.3415969708 42.0502372617854
2.59055 1288.71669526023 46.9820347967134
2.59318 996.900934849626 41.3214406048198
2.59581 264.277972997608 21.2753294371566
2.59844 899.267903646687 39.245216780829
2.60107 825.450016004669 37.5997652057545
2.6037 167.786815697225 16.951815451735
2.60633 501.408738667288 29.3042631747419
2.60896 1329.55182707303 47.7183094362124
2.61159 1757.09704984103 54.8564684471026
2.61422 1246.25297690266 46.198793243671
2.61685 385.596870719751 25.697556780375
2.61948 494.397198658256 29.0978326208433
2.62474 144.008195609382 15.7040387620156
2.62737 276.361450003383 21.7547472600397
2.63 836.895982768254 37.857210426315
2.63263 286.86623135139 22.1641018962588
2.63789 32.7842018907202 7.49269138729176
2.64052 496.328745602005 29.1533058027482
2.64315 877.729408866785 38.7686765111336
2.64578 1252.06236585412 46.3032193735047
2.64841 445.550909110472 27.6213200652141
2.65104 0.0645640230672562 0.332497674130289
2.65367 566.097789608813 31.1341207660906
2.6563 259.720276322593 21.0882897744902
2.65893 372.655650128663 25.2603779335143
2.66156 453.71753108638 27.8725257425729
2.66419 820.447356426939 37.4805936876849
2.66682 753.525796286023 35.9192880492602
2.66945 909.544670609919 39.4628303698844
2.67208 749.469394046024 35.8220735558336
2.67471 795.683444181622 36.9097826021764
2.67997 0.652467904024474 1.05692948873604
2.6826 178.770799089616 17.4949330727766
2.68523 0.548154466234471 0.968752930537339
2.68786 150.189781480465 16.0353816031581
2.69312 283.685019269788 22.0380122439498
2.69575 97.8411474047777 12.942332211813
2.70101 180.431936414414 17.5753341066213
2.70364 56.4981740366212 9.83471171445084
2.70627 56.2742328827622 9.81514597147214
2.7089 515.667219196613 29.7114793715618
2.71153 147.297297617103 15.8794131002461
2.71416 107.114474112543 13.5412476395622
2.71679 23.7637047601976 6.37806906359305
2.71942 134.939969898877 15.1984742172943
2.72205 418.281499124025 26.7584872470105
2.72468 706.152945118615 34.7675557728079
2.72731 132.784124548038 15.0763215960609
2.73783 453.670247518463 27.8665135478765
2.74046 472.041952773309 28.424990562964
2.74309 0.195999822228141 0.579209146768292
2.74572 55.0975611515598 9.71116433388305
2.74835 976.355704872453 40.8796051570305
2.75098 555.974720731 30.8480505389324
2.7615 0.409276342640243 0.836948417595606
2.76413 112.138319470726 13.8536731119819
2.78254 0.0267159586692911 0.213823824392815
2.78517 7.31995083279787 3.5393404197675
2.7878 60.2493611068532 10.1541136314159
2.79569 295.778692216871 22.4978939446855
2.79832 401.437880485896 26.2098865257428
2.80095 12.2241745082095 4.57365555593535
2.80358 43.77921467872 8.65537829920171
2.80884 0.281867887524902 0.694499032040213
2.81147 77.2297609471841 11.4958099798175
2.82462 154.823025419981 16.2763469906623
2.83514 29.3702047628287 7.08901995588871
2.84303 1.1375358585746 1.39511632162116
2.84566 662.831751714183 33.6765745611661
2.84829 395.494694938422 26.0132716453136
2.85092 124.217111226185 14.5785303097346
2.85355 466.631559206748 28.2558562169928
2.85881 0.550869751678356 0.97082880637099
2.86144 151.212178776126 16.0845888243902
2.86407 76.1300713548624 11.4128230235524
2.8667 341.308744150669 24.1650144023106
2.87722 396.136747859171 26.0333143719026
2.88248 118.919726009619 14.2636482322849
2.89037 432.540508027005 27.2027131621052
2.893 526.892692879831 30.0232915346204
2.89826 142.703172565091 15.6246681628089
2.90089 415.313629136224 26.655112812522
2.90352 120.244894379984 14.342482778121
2.90615 544.093608325023 30.5088900465501
2.90878 271.775710049852 21.562221169457
2.92193 40.8826701658184 8.36278071871098
2.92456 160.270828613493 16.5579628931028
2.92719 1.00656022370682 1.31219424035924
2.92982 275.790462369099 21.7203314162114
2.93245 102.738939222645 13.256929474563
2.93771 1.20586845155253 1.43622517814312
2.94034 330.399522969873 23.7733758408417
2.94823 0.198553573874994 0.582781488006149
2.95086 54.4022907279779 9.64659550322145
2.96138 132.720435802161 15.0670662682509
2.96401 0.229278151548145 0.626238430801296
2.96664 62.8206101329244 10.3659243700972
