-0.19988 275.128375941967 23.610262364657
-0.17884 144.901577953302 17.1534754485289
-0.17621 115.59087020131 15.3227799598739
-0.17358 62.7760447625753 11.2936152179395
-0.17095 66.3970961342629 11.6163784495004
-0.16832 824.269656378074 40.934646682881
-0.16569 31.288349514351 7.97641756081372
-0.16306 145.930816874962 17.2286087150818
-0.16043 116.411860908457 15.3898875764086
-0.14991 417.961325100519 29.1773090686193
-0.13676 480.086810723729 31.2922755220557
-0.13413 793.30186658403 40.2305954473351
-0.12887 201.161656171239 20.2642111923688
-0.12624 160.470420025 18.1014977744373
-0.12361 338.681805599527 26.3010355365249
-0.12098 276.663332841542 23.7745660600984
-0.11835 95.4938378796001 13.9696117396914
-0.11572 300.871171780049 24.7997212511944
-0.11309 240.316177658048 22.1670472398618
-0.11046 804.056334091619 40.5526647637081
-0.10783 324.193498780681 25.7536096515816
-0.10257 225.627515242023 21.490748296839
-0.09994 179.987157298111 19.1971171948724
-0.09468 51.2695944762964 10.2537286156367
-0.09205 382.614757023233 28.0230804040983
-0.08679 388.979366329542 28.279003943653
-0.08416 527.365027034464 32.9411808904373
-0.08153 752.103604482467 39.3554477265342
-0.0789 641.947293344835 36.3745874666829
-0.07627 274.744230045412 23.8064641020158
-0.07101 138.259714810546 16.9021676832207
-0.06838 282.27646098642 24.1609311076131
-0.06575 902.638018430631 43.2229845251968
-0.06312 1498.5852746515 55.7160250109568
-0.06049 386.077425927847 28.2916255226953
-0.05786 697.796839934193 38.0510238206209
-0.05523 1573.37634774561 57.1609128814491
-0.0526 973.191990633269 44.9741495461187
-0.04997 2770.36960892894 75.9124927312808
-0.04734 3933.56184413579 90.4936145012384
-0.04471 2928.695604941 78.1164430822865
-0.04208 4114.41498155233 92.6274349035045
-0.03945 3713.2474685213 88.0324192873644
-0.03682 3246.69551841226 82.3505342789113
-0.03419 5288.8472491298 105.149195303102
-0.03156 5600.69969067507 108.249584205904
-0.02893 6598.01943578393 117.541544390634
-0.0263 8977.54849836079 137.164849986935
-0.02367 11156.4582071866 152.970022929599
-0.02104 12528.4469359339 162.170120336766
-0.01841 14428.9215663547 174.107736115848
-0.01578 16374.2311039085 185.54974203674
-0.01315 16761.8319803947 187.810235122488
-0.01052 16274.4617142938 185.135755374427
-0.00789 17771.8429938845 193.544816359655
-0.00526 20752.2416768933 209.230983625654
-0.00263 20499.4021256446 208.03773557598
-0 21690.4349960247 214.086161299093
0.00263 23638.0906774226 223.594206584967
0.00526 24538.5457509879 227.917914061651
0.00789 24028.7501620923 225.641594412798
0.01052 22835.8958964832 220.070551081368
0.01315 22534.038019144 218.711473790765
0.01578 21501.7458625552 213.741024883781
0.01841 16835.9022199281 189.22042344525
0.02104 15069.8346625813 179.102918165479
0.02367 11848.61318845 158.884160318731
0.0263 8982.74231856226 138.404291347878
0.02893 7471.24352455086 126.281459776017
0.03156 7168.72913849861 123.754817679855
0.03419 4325.80133401677 96.1771748022842
0.03682 3007.70911660534 80.2332100382917
0.03945 2588.52327116148 74.4662752091997
0.04208 2767.30780315912 77.0299278346129
0.04471 2816.70435912786 77.7496377384469
0.04734 2383.88243518944 71.5594450049789
0.04997 2529.90895809304 73.7519691931089
0.0526 1217.60904292824 51.1884001238046
0.05523 2456.87912381613 72.7454425998201
0.05786 2380.95287263625 71.6449179773288
0.06049 1743.44289685268 61.3351980064186
0.06312 1038.9646872151 47.3698535924
0.06575 1486.16842975185 56.6801811539244
0.06838 1585.6001086559 58.5719167194484
0.07101 3294.65093185152 84.4680600335736
0.07364 3068.61515994409 81.5556525510811
0.07627 1588.56099676558 58.7056180134521
0.0789 1762.29708363412 61.8602920654769
0.08153 1170.53613989923 50.4381712781254
0.08416 1524.20005863836 57.5814033755458
0.08679 1212.88077959606 51.3883272536739
0.08942 1308.35423491289 53.3964136633478
0.09205 505.233593756632 33.1962744010424
0.09468 1237.62246061316 51.9793654681393
0.09731 2274.33560159958 70.4948890172762
0.09994 1776.16558681071 62.3217235548728
0.10257 2342.96868894312 71.5892666863725
0.1052 3286.44919258618 84.7998440572475
0.10783 3680.20727758218 89.7500362112666
0.11046 5292.6374267549 107.64687928649
0.11309 3123.70180704319 82.7117130664222
0.11572 2423.11026369839 72.8594113904631
0.11835 2777.85343825225 78.0226239588837
0.12098 4587.11294255505 100.277246858188
0.12361 4351.79812405635 97.6863386469627
0.12624 3815.53295997518 91.4837214707231
0.12887 4393.83178019004 98.1871528476809
0.1315 4459.28596612016 98.9309845585972
0.13413 5366.5415468812 108.545947025112
0.13676 4276.50314627459 96.9119732269628
0.13939 4530.87956780109 99.7679277180514
0.14202 6076.05290325655 115.551902130657
0.14465 6769.71293505717 121.98826798682
0.14728 6196.24817688522 116.725013594323
0.14991 7645.22916606172 129.676522964448
0.15254 10022.1722951502 148.495600599568
0.15517 10815.4978160528 154.28455180407
0.1578 12089.5486364611 163.143862638994
0.16043 14857.1605458876 180.883976119163
0.16306 19043.4557448242 204.819611704331
0.16569 22537.1561888983 222.851039950586
0.16832 27226.650794673 244.978881803234
0.17095 30986.2540474891 261.386097777887
0.17358 33548.879031794 272.021569710384
0.17621 35996.4243632587 281.812586364031
0.17884 36624.9212428793 284.305592256663
0.18147 38635.1562992326 292.048323431662
0.1841 41526.773512541 302.826434459782
0.18673 42781.4508367358 307.41406263889
0.18936 42002.1169235074 304.647650591591
0.19199 41404.9400031134 302.520333470126
0.19462 40143.9256486365 297.923414901439
0.19725 41723.957812764 303.776149637894
0.19988 41140.0683177627 301.649252453072
0.20251 38982.3824934783 293.527092017274
0.20514 35437.4149088408 279.762281739109
0.20777 31565.1281879744 263.94045032965
0.2104 26690.9614986005 242.620895819442
0.21303 21387.7361505912 217.10624049823
0.21566 18296.3466663909 200.731616233654
0.21829 16540.3450075123 190.78729642188
0.22092 13918.3730911217 174.950374517197
0.22355 11796.208870255 161.003464504157
0.22618 10506.90845643 151.895430976455
0.22881 8181.48965968925 133.988201507569
0.23144 6827.79505440578 122.35835180277
0.23407 5750.59560306317 112.25164018453
0.2367 5079.43011998595 105.459707950912
0.23933 5135.31338126257 105.999842265404
0.24196 4204.77675824336 95.8817108379672
0.24459 5030.21396227125 104.833474033351
0.24722 5296.08837314535 107.529268567654
0.24985 4582.12486381842 99.9826760385619
0.25248 6234.0170519804 116.578212380752
0.25511 5964.35381232315 113.987462232861
0.25774 5589.40425158754 110.306223994628
0.26037 6925.50668186227 122.739624594901
0.263 8516.83741180443 136.062934714142
0.26563 8911.83057111953 139.131555962342
0.26826 8418.94864707911 135.180024767455
0.27089 8900.66368619262 138.942811089426
0.27352 8954.25182866544 139.30949430585
0.27615 8395.89412359264 134.846786708476
0.27878 8256.17248937517 133.671077739956
0.28141 8682.75967930635 137.030672766607
0.28404 11248.1559305689 155.908673204891
0.28667 12608.2103210346 165.004933355467
0.2893 13069.2442110518 167.932951607404
0.29193 14044.5331226606 174.022217613501
0.29456 16242.3566589246 187.075024161604
0.29719 19973.9129272188 207.378147399718
0.29982 21609.9008392518 215.624352927858
0.30245 24143.1384631162 227.75483556472
0.30508 26414.9206738262 238.055119858902
0.30771 27466.7870365255 242.570767323327
0.31034 29158.4594369383 249.745696184864
0.31297 31097.6362048669 257.727131293915
0.3156 35413.5302927345 274.828214611702
0.31823 38718.7413520216 287.155476877648
0.32086 40018.4923185343 291.719969920669
0.32349 41194.0311652859 295.754786094747
0.32612 43245.7299262085 302.806093901109
0.32875 45236.5248461305 309.467819863023
0.33138 46376.669598307 313.110810153918
0.33401 45797.24337073 310.917292040026
0.33664 46081.9625353818 311.650002152483
0.33927 46363.9654490167 312.368979100432
0.3419 43974.9684577484 303.987591151005
0.34453 42912.5570816426 300.068408720203
0.34716 42006.8385902096 296.662450957734
0.34979 39805.8056774491 288.569086982147
0.35242 37464.4884011235 279.74351264182
0.35505 35981.0373575516 273.942865149122
0.35768 33700.7321378282 264.920375192694
0.36031 31041.9042370813 254.063289143978
0.36294 29007.1664106536 245.409822509218
0.36557 27654.0038555348 239.435945288898
0.3682 25419.3562083374 229.384023408107
0.37083 26402.3759742771 233.599791147944
0.37346 24460.5329206794 224.674328263989
0.37609 22410.299906632 214.888599334714
0.37872 20285.8603358284 204.293616960326
0.38135 19271.102303005 198.966240923233
0.38398 18487.6112727879 194.7305287293
0.38661 16516.6705967962 183.917016255363
0.38924 15825.8450208665 179.891489621948
0.39187 14196.1200923287 170.246419961522
0.3945 13153.8575676617 163.751467475034
0.39713 12108.3231707328 156.987689010257
0.39976 10002.1060264232 142.571843418481
0.40239 9065.97123827538 135.629855735245
0.40502 10044.5270458031 142.649891835629
0.40765 7330.19268876921 121.764987188686
0.41028 5518.79944259735 105.570974334267
0.41291 5153.33274595264 101.934985971541
0.41554 3858.08911641216 88.1295820346639
0.41817 3800.24514515702 87.3971464432647
0.4208 4501.05515061115 95.0394536449132
0.42343 3353.42534399198 81.968286089325
0.42606 4253.30964324358 92.23999126889
0.42869 4467.32725107377 94.4568165782891
0.43132 3661.38273938169 85.4446943767069
0.43395 4116.77819428964 90.5302729716511
0.43658 3566.99752938249 84.2012430423335
0.43921 4191.03786234547 91.1967444817777
0.44184 4921.67254249995 98.7474261817585
0.44447 4787.47229546328 97.3134536512264
0.4471 4682.61741021775 96.1642933651597
0.44973 4524.48720948156 94.4503086241597
0.45236 2989.60598507993 76.7139421090009
0.45499 5028.14083518021 99.4074869758401
0.45762 5903.1611855206 107.623021993466
0.46025 4460.44765334528 93.4757579985986
0.46288 3236.55088992638 79.5604676749109
0.46551 5284.01620724494 101.574322938681
0.46814 5600.76322323547 104.489018941452
0.47077 6072.56052648601 108.712021106496
0.4734 6078.38419711032 108.675021183408
0.47603 7205.76406976895 118.227664561166
0.47866 7662.2239910909 121.814604200745
0.48129 7166.82009977005 117.713817656439
0.48392 7641.21197462647 121.447053745623
0.48655 7970.94247612044 123.937225941198
0.48918 8266.59581259749 126.11035998217
0.49181 9601.19264315211 135.796910331595
0.49444 11139.6891550601 146.151446695115
0.49707 12023.0413349704 151.709381475854
0.4997 12274.9631354557 153.167052118283
0.50233 13605.7376886336 161.160392140632
0.50496 14156.7639648804 164.293722657357
0.50759 15391.5349755159 171.206930027704
0.51022 14368.4285156335 165.32026737811
0.51285 15018.0596447449 168.91536525019
0.51548 14517.8951856067 165.979535069946
0.51811 13205.8593628044 158.207187511628
0.52074 14474.3666023802 165.532208558024
0.52337 14434.5661341162 165.20535864725
0.526 15003.233119561 168.327051435347
0.52863 14945.6921771368 167.902984142073
0.53126 13640.1324437277 160.305450390164
0.53389 13327.8256170616 158.364169466679
0.53652 12469.3365784442 153.086507889
0.53915 11436.3374515336 146.51981864448
0.54178 12019.9588421227 150.121091639578
0.54441 11657.246613442 147.749231084064
0.54704 10624.3395499146 140.966170958307
0.54967 9530.69947795066 133.432829391384
0.5523 9776.43710910916 135.059975800262
0.55493 9420.19268742386 132.49576250182
0.55756 8786.36604628567 127.882804949852
0.56019 7982.64422974821 121.81926730199
0.56282 7616.74819059471 118.921987893072
0.56545 7281.53965362494 116.204624452258
0.56808 6611.94699820627 110.665079275647
0.57071 5930.13128878966 104.739829255677
0.57334 4123.63373476404 87.2877325804655
0.57597 5289.12892952823 98.7957773032797
0.5786 5909.19050819278 104.362171844368
0.58123 4944.30345982401 95.4034652641731
0.58386 4200.13505354841 87.8770290695661
0.58649 4243.20450828397 88.2719127407981
0.58912 4504.14884108304 90.889435803714
0.59175 3163.22531578521 76.1207848776519
0.59438 2999.92661785556 74.0839839857477
0.59701 2027.97655016064 60.8738771493795
0.59964 3270.78848049587 77.2602091551001
0.60227 3681.84480394814 81.9336163588994
0.6049 5258.55065754823 97.8780723922381
0.60753 4022.05695107871 85.5656260332348
0.61016 3200.16564046813 76.2929057577734
0.61279 3493.11975571243 79.6759448988527
0.61542 3829.16269527546 83.386319924453
0.61805 4238.32092245004 87.6924259158
0.62068 5261.63250488514 97.6669315113021
0.62331 5250.37785976834 97.5224365646367
0.62594 4966.60068489737 94.8114340745659
0.62857 5591.79644328991 100.560738481942
0.6312 5638.79010401848 100.940924685841
0.63383 6489.91297403289 108.246818643337
0.63646 7297.00027788172 114.733206057522
0.63909 6414.26895310522 107.525538749509
0.64172 6551.98925390669 108.628949811593
0.64435 7146.85478799492 113.406323807994
0.64698 7667.93355698152 117.419335098199
0.64961 8026.04022400194 120.080259228405
0.65224 8551.45639285743 123.897159450792
0.65487 8662.8400923678 124.649822110354
0.6575 8420.14969387321 122.840472619614
0.66013 9571.80017742839 130.917677827188
0.66276 10719.5829033613 138.487375454249
0.66539 10594.0248813116 137.616765233003
0.66802 11420.5781612019 142.825040558673
0.67065 12555.9480637124 149.693993938613
0.67328 11724.7248067221 144.593945617484
0.67591 10609.413327047 137.487581572171
0.67854 10270.6656428542 135.218446210127
0.68117 10681.0903297523 137.836153724609
0.6838 11109.2543719887 140.512953364211
0.68643 10608.4626310066 137.251953667971
0.68906 10019.9389794549 133.334672616456
0.69169 10366.9425205562 135.567005953356
0.69432 9467.72250502933 129.499879941435
0.69695 10120.7540114096 133.835348364541
0.69958 10809.3870130321 138.255549512479
0.70221 10338.5795420865 135.165928063601
0.70484 9422.51917573684 129.005203433267
0.70747 8775.38789964897 124.463994354555
0.7101 6646.61437502618 108.292309410152
0.71273 6857.17557993282 109.965575443477
0.71536 7980.48066361799 118.60017342776
0.71799 7859.10178624538 117.664073599731
0.72062 7991.99147483982 118.623707546316
0.72325 6932.89960188701 110.455653254789
0.72588 6181.63111688341 104.272186784486
0.72851 5196.59758257126 95.579085072493
0.73114 5596.87130344217 99.1658897492239
0.73377 6112.95725739034 103.609982327487
0.7364 4730.03833812968 91.1159606531972
0.73903 4421.14796042099 88.0675269524583
0.74166 4561.22046136163 89.4282838703932
0.74429 3639.30013485357 79.8600044950368
0.74692 2694.27891829615 68.6953971867182
0.74955 3107.55145820136 73.7566929458801
0.75218 2780.25244404079 69.7461494483074
0.75481 3244.76690527672 75.3278654873528
0.75744 3240.68207187007 75.2606303659285
0.76007 3720.97070276155 80.623831302516
0.7627 3309.94125094534 76.02055889936
0.76533 4010.30318714445 83.6556094260335
0.76796 3399.28812362161 76.9991515910018
0.77059 3082.15624125355 73.3001231078318
0.77322 4416.11150779058 87.7167962621544
0.77585 3753.2672402167 80.8449312938767
0.77848 3510.70404240443 78.1682533104335
0.78111 2964.32429368265 71.8094068895817
0.78374 3265.24111245431 75.3461794219791
0.78637 2396.82038422858 64.5366496552354
0.789 3177.36248092252 74.2860138832315
0.79163 4318.80906830158 86.584592573599
0.79426 3551.48841027534 78.4962115622357
0.79689 3341.01178781148 76.114486151757
0.79952 2898.10719522148 70.8712833257187
0.80215 3861.61024697932 81.7928233229628
0.80478 4781.55475650332 91.0012645091929
0.80741 5087.5155464375 93.8528777610141
0.81004 5354.83886032511 96.2719479898879
0.81267 4662.12437761953 89.8152948561739
0.8153 4787.19532011201 90.9977680544867
0.81793 5092.24193767857 93.8375054983641
0.82056 5635.95856330711 98.7046441210771
0.82319 6553.12801930593 106.41669027072
0.82582 5814.82287854536 100.227148650423
0.82845 6514.51531921413 106.069341363455
0.83108 7051.35542667339 110.335885800512
0.83371 5894.78645051587 100.866317463777
0.83634 6892.44654040399 109.051201004579
0.83897 8138.87181065673 118.483385491507
0.8416 7499.86707471191 113.719178450257
0.84423 6272.82025740623 103.984811795835
0.84686 7366.01108652411 112.66427048584
0.84949 7010.29388457081 109.892904501233
0.85212 7271.50794027005 111.903913322133
0.85475 7544.46295214605 113.966882774659
0.85738 6992.74214935378 109.703304995905
0.86001 7487.0638706669 113.496678438677
0.86264 7359.88896890568 112.510853890656
0.86527 7092.58403946321 110.431359726856
0.8679 6231.66259643684 103.495985250516
0.87053 7336.68146652634 112.280079441823
0.87316 7311.02103077526 112.065830964248
0.87579 6015.68786904563 101.638475994592
0.87842 5082.59918182082 93.409211231772
0.88105 5024.35296247792 92.8577377452535
0.88368 5378.90604083895 96.0630210006703
0.88631 5812.81745571784 99.8467227485116
0.88894 5922.83454926245 100.771207402735
0.89157 5324.97373043155 95.534792333908
0.8942 4420.89109165306 87.0339877994618
0.89683 5028.44929058412 92.8072995430548
0.89946 4381.40253150799 86.6169282376068
0.90209 5270.85073385051 94.990356873721
0.90472 4417.62439902359 86.9542629293207
0.90735 3882.73282773969 81.5121884305318
0.90998 4371.92370603678 86.4863150690973
0.91261 3664.33875914587 79.1710150055185
0.91524 2830.8637013275 69.5801201843539
0.91787 1929.90244505936 57.4447911076331
0.9205 1937.07068701958 57.5457141583262
0.92313 1804.95283208851 55.5431419277328
0.92576 2360.46942534704 63.511732613894
0.92839 3115.59166785974 72.9595733478961
0.93102 2786.55706204514 68.9927139123514
0.93365 3112.21552842754 72.9056728080493
0.93628 3443.26446448757 76.6776691213251
0.93891 2739.09789894223 68.3824574583488
0.94154 2841.06141871024 69.6367419239931
0.94417 4068.39283317728 83.3233591754707
0.9468 3495.57392293035 77.2274623312915
0.94943 3960.7293634386 82.1972491479278
0.95206 4142.16917229596 84.0505941159944
0.95469 3936.25431518312 81.9267279591164
0.95732 3449.88567081497 76.6908483282452
0.95995 3692.71500046907 79.3361703001354
0.96258 4160.42914651825 84.202413633633
0.96521 4282.34289253187 85.4187722179474
0.96784 2907.29451852503 70.3743248517369
0.97047 3303.40610837054 75.0080410463956
0.9731 3003.46831579871 71.5147247463818
0.97573 3245.23882794672 74.3300408865714
0.97836 3416.51450515429 76.2587639846676
0.98099 3883.6282098885 81.2969083257889
0.98362 4327.41898630635 85.8077965707716
0.98625 3754.51407701084 79.9182945364777
0.98888 3977.37193883433 82.2478388371486
0.99151 4967.82766979815 91.9108322263683
0.99414 4085.25725997846 83.3393635040013
0.99677 2911.42564899277 70.3477730630196
0.9994 4773.76700236368 90.0710303224185
1.00203 4767.86052894928 90.0079428477684
1.00466 4820.05779015201 90.4928665752962
1.00729 4622.16509182441 88.6094628692881
1.00992 4590.78060079544 88.3018486823164
1.01255 5162.25570210179 93.6300874294705
1.01518 5964.77021674976 100.637924735111
1.01781 7018.00463917504 109.154281633131
1.02044 6005.62892529061 100.967668978261
1.02307 5699.30719728774 98.3520108574953
1.0257 5206.989210107 94.0014759970447
1.02833 4308.10099102127 85.497495082358
1.03096 4834.62838281441 90.5651512016982
1.03359 5336.67798493406 95.1446071622493
1.03622 5776.30014896003 98.9789084672763
1.03885 5805.15685549031 99.2187759971145
1.04148 5928.16330196218 100.257313275568
1.04411 5311.74681875059 94.89509366082
1.04674 3924.07773815423 81.5573235328881
1.04937 5321.40243135998 94.9677830150823
1.052 4250.49512541938 84.869586965676
1.05463 4746.59406649916 89.6793493195796
1.05726 4575.7578971733 88.044451495581
1.05989 4305.0059358743 85.3938151225804
1.06252 4586.6996555353 88.1370992249029
1.06515 4237.41934060887 84.7087710849196
1.06778 3860.11203282916 80.8437902914193
1.07041 3770.78730814405 79.8972403638065
1.07304 4103.84226055995 83.3451120502269
1.07567 3889.86595066754 81.1374141429796
1.0783 3276.32710193125 74.4588814102451
1.08093 3075.18561505237 72.1319343350236
1.08356 2362.74549983672 63.2221717684549
1.08619 3897.86185042928 81.1975979027873
1.08882 3044.72506740071 71.7584450678707
1.09145 2326.38473143615 62.7203915337922
1.09408 2615.56981759691 66.4997723980842
1.09671 2491.83611417808 64.9031451284497
1.09934 2866.03515827691 69.6010452438064
1.10197 2733.98418315971 67.9750111056776
1.1046 3195.3214914423 73.483157892239
1.10723 3132.24265281429 72.7507495075401
1.10986 2393.58348221435 63.5935839099603
1.11249 2145.61680245479 60.206631448303
1.11512 2449.08012416342 64.3204361052964
1.11775 1781.4575896079 54.8547778280195
1.12038 2100.60397910115 59.5632024145134
1.12301 2708.10654636119 67.6266773727119
1.12564 3295.26959915971 74.5950277269718
1.12827 2550.98603849245 65.6292845433649
1.1309 2127.42627566231 59.930805039654
1.13353 2466.12522659974 64.5222696915691
1.13616 2676.65224915417 67.2167125443502
1.13879 3246.02682916499 74.0178663832848
1.14142 4055.33239688052 82.7280815658777
1.14405 4273.41079700045 84.9192714224392
1.14668 3402.63113331198 75.7714476678203
1.14931 4011.09234874926 82.2637852096265
1.15194 4262.60592910146 84.7996691656431
1.15457 4663.40441273431 88.6925845094877
1.1572 4278.49242635416 84.9494082214572
1.15983 2914.6653497073 70.111381433026
1.16246 3743.63959793164 79.4548460840312
1.16509 4238.11986939726 84.5355124704809
1.16772 3682.08070906724 78.7913277306525
1.17035 4054.86464817237 82.6797474400208
1.17298 3902.80529920326 81.1107831389221
1.17561 3653.4243082072 78.472844974492
1.17824 3590.29705645218 77.7881995626131
1.18087 3121.7573090463 72.5316040527192
1.1835 3378.00928402428 75.4461905590583
1.18613 3844.87745507621 80.4872945052919
1.18876 4694.02010445364 88.9278372059569
1.19139 3636.24428804144 78.2656075232066
1.19402 3091.86093794386 72.1661582382971
1.19665 3101.20978250948 72.2717142271098
1.19928 4287.14541274694 84.9700867807191
1.20191 3825.69105493183 80.2639268145865
1.20454 3602.37810922005 77.8832040291283
1.20717 3805.83809543297 80.0493891368469
1.2098 3982.61997478584 81.8843688087393
1.21243 3225.89170251295 73.6928184152274
1.21506 2344.23917081859 62.8181201586195
1.21769 3124.31127783489 72.5178342723153
1.22032 3063.06234532863 71.8008019362398
1.22295 3168.45458641913 73.0228565814317
1.22558 3144.55344863263 72.7441815730794
1.22821 3272.59600221709 74.207647686606
1.23084 3061.81855408263 71.7754438841211
1.23347 2955.71049096718 70.518132334046
1.2361 3687.0004104831 78.7571768613128
1.23873 3054.37939743908 71.6801208058727
1.24136 2782.67118293534 68.4150852713672
1.24399 3126.71003478304 72.5184343730484
1.24662 3018.41752900233 71.2488665611584
1.24925 3561.97995901771 77.3958589476231
1.25188 2992.56055138808 70.9377070733756
1.25451 2151.15233608215 60.1415947538337
1.25714 1901.39356134375 56.5404223605671
1.25977 2697.78226737499 67.3457459538571
1.2624 2780.49887998109 68.3678246920291
1.26503 2403.9233986097 63.5673915072708
1.26766 2625.03319272088 66.4240199087849
1.27029 2160.44004504437 60.2576985987678
1.27292 2902.92184348518 69.846199163625
1.27555 1360.56475571102 47.8154655196582
1.27818 2149.55103167872 60.0988735990772
1.28081 1686.72302587508 53.2350921666263
1.28344 833.348148340285 37.4173503862117
1.28607 1598.89613898954 51.8267038714014
1.2887 2896.71173421702 69.7557108678362
1.29133 2228.67245895598 61.1834439012418
1.29396 3127.26102844072 72.4730480643867
1.29659 3017.45224436372 71.1866125579099
1.29922 2579.54829716546 65.8163235073754
1.30185 2857.31846585052 69.2671524988292
1.30448 2843.99060137505 69.1032931581451
1.30711 2250.04146919961 61.4634001540066
1.30974 2233.57308646795 61.2361753820164
1.31237 2783.57344863057 68.3590423144252
1.315 2611.35324238811 66.2085521767014
1.31763 2756.95381370836 68.0272125284313
1.32026 3468.46475265698 76.2997690872787
1.32289 3377.76118399285 75.2931905575992
1.32552 3351.74117962801 75.000320084154
1.32815 3463.80275192923 76.2414423379461
1.33078 3137.67934282961 72.5613666229541
1.33341 3900.06302179369 80.8953639358197
1.33604 3621.06653501442 77.9457999653163
1.33867 2710.45311684848 67.4344874183741
1.3413 3805.8187642811 79.9046045061373
1.34393 2685.35124693651 67.1173727013953
1.34656 3783.37030626451 79.6636985388261
1.34919 3265.99658099166 74.0142843520959
1.35182 2739.59606538711 67.7856225288781
1.35445 3462.20955774139 76.2004677448739
1.35708 3170.46017253229 72.9169931664856
1.35971 4389.1821251598 85.7918513275844
1.36234 4866.20706220922 90.3308648671858
1.36497 4342.42110888344 85.3283761968721
1.3676 4800.17377762667 89.710365938493
1.37023 4272.45191400955 84.6329296585643
1.37286 4221.42361872901 84.1234130981847
1.37549 4354.31957398098 85.4346805744378
1.37812 3540.95950305303 77.0408671454448
1.38075 3550.28103188636 77.1398304673526
1.38338 3234.10865939005 73.622616563952
1.38601 2384.05384045713 63.2089540830678
1.38864 1937.16143891655 56.9757579518935
1.39127 2976.38157914516 70.6216948322357
1.3939 1275.76189289493 46.234404903893
1.39653 1755.8169501196 54.238379376377
1.39916 2368.58851798486 62.9939119940505
1.40179 2603.59395439633 66.0434209264419
1.40442 1929.24487750265 56.8493855492804
1.40705 1636.6440941218 52.3598488211023
1.40968 1963.28444480774 57.3458554124679
1.41231 1549.59919382279 50.9459042844463
1.41494 1515.0943423322 50.3742489383716
1.41757 2770.02069386911 68.1113382515647
1.4202 3029.14802025297 71.2241565232724
1.42283 3392.0802800999 75.3683986072085
1.42546 3140.35654882616 72.5161712073458
1.42809 1830.09298994075 55.3568186367741
1.43072 2732.61807993782 67.6414908836206
1.43335 2661.52966950844 66.7541877799102
1.43598 2801.02361462449 68.4794718694345
1.43861 2104.97681688272 59.3628621700532
1.44124 1283.11109791162 46.3460216584371
1.44387 2143.25538219373 59.8971897255966
1.4465 1407.93686661989 48.5456399332437
1.44913 2196.51466273074 60.6338084676134
1.45176 2075.12531585667 58.9330763666282
1.45439 1119.04959734414 43.2763643819372
1.45702 1777.41793162257 54.539359394663
1.45965 2133.45773316295 59.7511719223112
1.46228 2049.03183393596 58.5555292265699
1.46491 2822.57218112789 68.7234948898698
1.46754 2839.01433090269 68.921647719071
1.47017 3241.55677222384 73.6440773230241
1.4728 2743.64459728261 67.7507466086824
1.47543 2183.37581827368 60.4370914415155
1.47806 1820.20764734291 55.1809182606372
1.48069 1816.31422909004 55.1204933930664
1.48332 2295.25147888207 61.961495162288
1.48595 2868.68168036452 69.2687064822666
1.48858 1421.45330513138 48.7586129648081
1.49121 1788.31058218271 54.688456068389
1.49384 2832.03969878563 68.8197361324217
1.49647 2881.38349668317 69.4149494030618
1.4991 2862.76228224513 69.1885559701635
1.50173 2949.98343072979 70.2329504617383
1.50436 2562.64202233671 65.4585575939674
1.50699 2542.46951611151 65.1991105143447
1.50962 2451.11339706238 64.0157487107283
1.51225 2069.37533977327 58.8187912767783
1.51488 2310.70637991718 62.1527251725711
1.51751 2042.33563653698 58.4309146155732
1.52014 2117.11196525299 59.4897813047473
1.52277 2228.37507211673 61.0317660141907
1.5254 1951.57069872086 57.1143537696789
1.52803 2522.46740379938 64.9317690953894
1.53066 3356.23617154101 74.8965894890738
1.53329 3404.61798258814 75.4329878518365
1.53592 1989.82362728792 57.6667847698098
1.53855 1764.46604602329 54.3020754588917
1.54118 2740.71348840649 67.6757261446247
1.54381 2862.45546729808 69.1610860496874
1.54644 2434.17232253989 63.7763152813338
1.54907 2772.69619754416 68.0653741233206
1.5517 2883.86112137104 69.4150421768866
1.55433 2678.20079730825 66.892790935987
1.55696 2486.8610789072 64.4577050628741
1.55959 1897.58804622902 56.3042750926678
1.56222 1786.951417264 54.6371582382317
1.56485 2389.14904331545 63.1749167798827
1.56748 2906.76843761534 69.6818385391499
1.57011 1134.55968696665 43.5330787939475
1.57274 2520.95681019551 64.8902932626344
1.57537 2660.08173446107 66.6554784216446
1.578 2242.44687402661 61.198498321016
1.58063 1954.31006894934 57.1304629575474
1.58326 1922.57438859218 56.6635668528564
1.58589 1836.08851773855 55.3733073274977
1.58852 2569.24746850362 65.5010027228094
1.59115 1500.15385272113 50.0500140457146
1.59378 1760.43735803248 54.2173034332778
1.59641 1238.04525158987 45.4660481249041
1.59904 1197.05349442775 44.7061271818337
1.60167 877.654289897395 38.2792577395041
1.6043 1294.45483393592 46.487573574949
1.60693 763.35862030379 35.6984528667383
1.60956 1421.62094249601 48.7156669982729
1.61219 2272.41613969223 61.5903026803917
1.61482 2033.30003350128 58.2587012005422
1.61745 1105.93065949987 42.9650846596882
1.62008 1053.34045000176 41.9302799418096
1.62271 1095.34346704424 42.7572927902086
1.62534 1500.72401532189 50.0468919933611
1.62797 1609.80192760251 51.8327886097312
1.6306 580.952213675521 31.1372472457409
1.63323 741.221143553604 35.1702589381003
1.63586 1671.34217774422 52.8111967174201
1.63849 2942.10634146268 70.0671029407656
1.64112 1596.51446283597 51.6134705022452
1.64375 2200.0641243137 60.5879081376818
1.64638 995.383588057289 40.7525868266604
1.64901 2323.21345336203 62.2581418990348
1.65164 1542.65956464001 50.7315697127556
1.65427 1470.74529708478 49.5340274181887
1.6569 2087.34061752867 59.0096748497455
1.65953 2335.93919342048 62.4236242216837
1.66216 2426.79747643067 63.6248297164387
1.66479 2022.80241285647 58.0869067181636
1.66742 1582.413263304 51.3751529354018
1.67005 2723.73267290834 67.4011121552315
1.67268 2443.06074325807 63.8327576216161
1.67531 2109.79105526487 59.3181842593753
1.67794 2551.12484141776 65.226733830856
1.68057 2045.70211893543 58.4080388729866
1.6832 2463.86055098146 64.0989830477336
1.68583 1549.59745112737 50.8328165713097
1.68846 1886.04954256543 56.079344068997
1.69109 3069.82963446677 71.5443205316379
1.69372 2912.37428172047 69.6840316027285
1.69635 2597.78667636212 65.8116935326627
1.69898 2337.05229514913 62.4204920456619
1.70161 2553.28385356904 65.2432556913008
1.70424 1598.62441429156 51.6241817038306
1.70687 1982.7427943512 57.4919494406877
1.7095 2493.99616159995 64.4786030598447
1.71213 1624.66835119043 52.0408011927633
1.71476 1587.24218748329 51.4371736614244
1.71739 1193.95939849823 44.6112262962229
1.72002 1351.12944159819 47.4560672652872
1.72265 1929.32783420076 56.7074560479225
1.72528 1259.61412197893 45.8194417945162
1.72791 1208.80842192098 44.8852507243982
1.73054 939.379870374554 39.5675741515527
1.73317 1277.43917948699 46.1405534118958
1.7358 2685.26961573606 66.8960561809783
1.73843 2256.05815655116 61.3162511070188
1.74106 2272.42384584253 61.5373797703865
1.74369 2602.47278243882 65.8538714817066
1.74632 2780.03075817521 68.0623431632235
1.74895 1493.84646477571 49.8917755295008
1.75158 1251.48872892443 45.664986234165
1.75421 1206.54448486403 44.8368827344122
1.75684 1046.0630364365 41.7480842298065
1.75947 2232.32669990891 60.986032533553
1.7621 2318.0116119732 62.1445702422704
1.76473 1924.40474336583 56.6222959986223
1.76736 1567.6552674385 51.1044160628403
1.76999 2122.79294907679 59.467659500308
1.77262 2347.55288567689 62.5357842681367
1.77525 1034.52412332785 41.5130936974932
1.77788 1725.71417078138 53.6158383895902
1.78051 2173.35166779699 60.1682736784422
1.78314 1780.64087186774 54.4608728256918
1.78577 1679.96349875811 52.8981192071358
1.7884 983.324307396922 40.4699413477033
1.79103 1818.06619671818 55.0278966352103
1.79366 2336.35736439344 62.3794558575036
1.79629 1737.13855903346 53.7877100382805
1.79892 1670.36613694877 52.7430866412068
1.80155 1644.47193170995 52.3319517336254
1.80418 1173.97889008497 44.21588106203
1.80681 528.61452052044 29.6696295344364
1.80944 1264.25498509926 45.8832694500105
1.81207 1018.91250682394 41.1907694779601
1.8147 1563.38474149238 51.0221590598255
1.81733 602.232675339892 31.6666771785536
1.81996 1090.68307899558 42.615154165892
1.82259 1630.03519878656 52.0963991572801
1.82522 1343.46609453131 47.2951937721287
1.82785 1468.42851736407 49.4452409514906
1.83048 1591.96645662331 51.482483319135
1.83311 2141.73280055614 59.7130993537188
1.83574 1223.84307665389 45.1382040407705
1.83837 1704.90975677407 53.2753784954458
1.841 966.765758124047 40.1172277109998
1.84363 1081.28496009176 42.4262652335234
1.84626 1229.61485215211 45.2421993790776
1.84889 537.179529781861 29.9029010733519
1.85152 550.150923142514 30.2613958857183
1.85415 657.834572629149 33.0903086774578
1.85678 560.993100666009 30.5573485876803
1.85941 1111.63816216335 43.014320741212
1.86204 912.867855525442 38.9789144089089
1.86467 488.605215044227 28.516700069454
1.8673 851.508742769891 37.6451655253258
1.86993 1243.61632096139 45.4938088219737
1.87256 1295.53038381586 46.4330625909378
1.87519 1678.25219774933 52.8477590641866
1.87782 1412.02910425651 48.4745988982087
1.88045 1897.6287032412 56.1943246593344
1.88308 604.265941221658 31.7099333882427
1.88571 479.12048193557 28.2356685696343
1.88834 1963.21883843718 57.1550354958684
1.89097 1938.5173186165 56.7936028721532
1.8936 1453.89066583251 49.1841179059593
1.89623 1516.08159595901 50.224397502659
1.89886 849.598604256514 37.5971372377459
1.90149 571.096797597119 30.8246017757014
1.90412 303.86239107843 22.484120910532
1.90675 524.770744844542 29.5472501386079
1.90938 523.832924436828 29.5204844922213
1.91201 520.89052326402 29.4371077296008
1.91464 730.267281563111 34.8544035032411
1.91727 1071.61390233493 42.2212149588722
1.9199 701.714084892772 34.1653974600849
1.92253 372.557979552694 24.8941979673252
1.92516 438.794371374805 27.0163423791882
1.92779 624.668990158829 32.2341204478143
1.93042 1107.28598979733 42.9156383095148
1.93305 646.277703882965 32.7861244978649
1.93568 598.260653001542 31.5442742783426
1.93831 1228.79791713578 45.2074880351107
1.94094 963.177294067342 40.023778226173
1.94357 270.623326104472 21.2149690113875
1.9462 715.492491846096 34.4950795506882
1.94883 577.966788349965 31.0027968416904
1.95146 214.706755824172 18.8958794623221
1.95409 242.346508563724 20.075088137534
1.95935 112.57221678508 13.6818344122325
1.96198 164.392356230966 16.5334829785812
1.96461 589.594700159133 31.3108710476969
1.96724 905.798944817739 38.8086996056308
1.96987 2006.01345289187 57.7530503612014
1.9725 1403.08176085393 48.2996871374713
1.97513 825.823196864339 37.0545196737145
1.97776 1347.90814821771 47.339385854228
1.98039 972.459512237914 40.208979909279
1.98302 307.670938696416 22.6164975546153
1.98565 1366.77429601379 47.6678247037621
1.98828 1483.48971993021 49.6608356544986
1.99091 1645.83877573617 52.3070488613162
1.99354 1234.84057045938 45.3071597961299
1.99617 2011.67449584346 57.8275866845119
1.9988 1945.40331848222 56.8664162261498
2.00143 2507.8966712054 64.5655229030868
2.00406 1893.50508550273 56.1013339327966
2.00669 2041.57312417311 58.2527453564075
2.00932 1699.46769907389 53.1476863058533
2.01195 1808.93339697987 54.8318844506053
2.01458 1807.18781481684 54.8046622741108
2.01721 2052.42670211159 58.4041444586916
2.01984 1768.23781462727 54.2093440961388
2.02247 1106.74252755148 42.8865481210226
2.0251 1430.26665634122 48.752880062689
2.02773 917.770842480675 39.052862679523
2.03036 1481.92356804284 49.624097944606
2.03299 501.695218312831 28.8731176257506
2.03562 843.449310729589 37.4366663883913
2.03825 867.066708549912 37.9566528046093
2.04088 1419.50548126835 48.5650862470252
2.04351 1359.15541998371 47.5208460151784
2.04614 1591.38915718769 51.4199649228878
2.04877 1799.55248182684 54.6789054674518
2.0514 1671.25436253164 52.6929855688989
2.05403 1469.82048767939 49.4148694911781
2.05666 1607.14993283202 51.6710963548393
2.05929 1476.9790833506 49.5336836817606
2.06192 1346.06630904156 47.2868795195085
2.06455 1316.75090966022 46.7684758098867
2.06718 1101.61111561004 42.7769220005385
2.06981 732.189030362604 34.8739355156728
2.07244 797.973162627821 36.4063774809428
2.07507 692.941702887406 33.9254524416061
2.0777 2452.3863298977 63.8213101949252
2.08033 2385.67964626767 62.9464595958709
2.08296 1376.26059997657 47.808988721131
2.08559 1932.79006876205 56.6559511131996
2.08822 1034.2759549205 41.4443544155336
2.09085 1536.21713239942 50.508845251958
2.09348 2097.01631781776 59.0114131803121
2.09611 2483.24469713587 64.2153480582159
2.09874 2858.3268600651 68.8936191527414
2.10137 2545.44648141415 65.0130443677193
2.104 1507.12431137933 50.0252472377614
2.10663 1563.81598398456 50.9569842666199
2.10926 1653.10197430645 52.3910260361304
2.11189 2313.49261367385 61.977967208788
2.11452 2171.18934431149 60.0410538346957
2.11715 1808.10034381126 54.7907075514528
2.11978 1697.45072489447 53.0872733655496
2.12241 1655.8422529682 52.4321298538928
2.12504 1860.63996274416 55.5795951466487
2.12767 1793.84006622998 54.5722995073616
2.1303 1324.42396186892 46.8910649317357
2.13293 1738.94196589213 53.7298109655223
2.13556 1526.60612665065 50.3422307518973
2.13819 1136.46576577312 43.4353496043335
2.14082 1294.20355267219 46.3513751508331
2.14345 1959.67051921112 57.0359981159133
2.14608 2708.57910858323 67.0539653048067
2.14871 1110.27763820596 42.9304742768964
2.15134 692.969908728373 33.91589365395
2.15397 1317.99856300559 46.7734852264855
2.1566 1640.39522474197 52.1810360831267
2.15923 2028.12741009078 58.0206050764573
2.16186 1939.22006227557 56.7341262132162
2.16449 1829.18843171763 55.1005878409896
2.16712 714.010513650508 34.425122847977
2.16975 479.685493986886 28.2161447265445
2.17238 1074.35030676509 42.2268342788439
2.17501 1881.85450587904 55.8862250723739
2.17764 1946.30956050113 56.8347426511629
2.18027 2259.28223279296 61.2335402764906
2.1829 1196.64696414834 44.5639146086166
2.18553 1265.68196881219 45.8309430901476
2.18816 1419.12839960985 48.5292443432541
2.19079 1662.82547596418 52.5305809479667
2.19342 592.987258265833 31.3695100314022
2.19605 192.941580955999 17.8934529849039
2.19868 1123.88641816377 43.1855681027412
2.20131 1965.18440550226 57.1051418794913
2.20394 1344.45366857519 47.2326679995878
2.20657 1453.20395779205 49.105353413565
2.2092 412.250334799765 26.1542373591539
2.21183 961.104411889471 39.9340019587317
2.21446 1374.20433216244 47.7506407088318
2.21709 1357.45873679812 47.4583748333582
2.21972 1032.56788464042 41.3908978526735
2.22235 585.427243741716 31.1657800987242
2.22498 987.598825272181 40.4788174590674
2.22761 301.450148272909 22.363577659338
2.23024 101.985331487307 13.0076362482802
2.23287 782.827823124507 36.0378315306124
2.2355 598.261533435799 31.5040987934083
2.23813 130.107218858854 14.6915701798617
2.24076 435.732271436385 26.8858255675354
2.24339 1236.15495802687 45.2841236362989
2.24602 1092.18964716072 42.5651858438591
2.24865 1081.92677304522 42.3643391555992
2.25128 1909.42301484805 56.2792854562216
2.25391 1119.03197849944 43.0838736028599
2.25654 29.8958867324298 7.04198685400405
2.25917 125.991999772404 14.4562939593958
2.2618 259.744019663627 20.7565065334552
2.26443 1089.27590117083 42.5056268587398
2.26706 1064.81075764437 42.0251902620144
2.26969 637.556412890282 32.518370735254
2.27232 941.497644784556 39.516191669631
2.27495 1027.01181132039 41.2713978795014
2.27758 276.301130007346 21.4066538057105
2.28021 819.374434257938 36.8633377094952
2.28284 1299.55098345852 46.4243793793585
2.28547 1278.49006974392 46.0462344238979
2.2881 1017.85399622798 41.0850839483207
2.29073 1327.70030911449 46.9231823859336
2.29336 1127.71527884366 43.2447267991752
2.29599 1369.56475639732 47.6563422600866
2.29862 1921.59258393967 56.4489765151418
2.30125 941.917009665695 39.5210016912993
2.30388 1553.54256386009 50.7551052385009
2.30651 1384.79713732408 47.9190018805148
2.30914 1360.57864261052 47.497750304881
2.31177 1426.60789281647 48.6362471854507
2.3144 1438.89429376189 48.8448433728052
2.31703 2065.45956100504 58.5206518127875
2.31966 1104.40225871206 42.7918418514201
2.32229 580.719366792796 31.0296603533959
2.32492 214.494284118766 18.8581140905784
2.32755 1274.26945744104 45.9639733410063
2.33018 1556.68459435208 50.8023463460303
2.33281 1983.4279253263 57.3440284336005
2.33544 891.08307048994 38.4357724426355
2.33807 822.674440071369 36.9306583025245
2.3407 958.992091068934 39.8728326181931
2.34333 1385.58642997902 47.9272948938081
2.34596 646.099734923854 32.7274688188562
2.34859 1080.85601644909 42.3294950852323
2.35122 705.089205160398 34.1883174944602
2.35385 1404.87131681939 48.2581309913698
2.35648 1043.22537056572 41.58510714056
2.35911 828.750950876636 37.064428142315
2.36174 682.30505125343 33.630328278262
2.36437 657.916947398135 33.0235592661662
2.367 710.647270688238 34.3211568649721
2.36963 692.478234090305 33.8793028310555
2.37226 1027.5738322533 41.2699980588877
2.37489 646.24143742652 32.7281804008418
2.37752 597.360727170381 31.4658394202538
2.38015 601.617033839973 31.577488056567
2.38804 450.228966276421 27.3164224476884
2.39067 860.713285849629 37.7687738853724
2.3933 1241.11230460421 45.352966821423
2.39593 1014.11297423549 40.9958466314302
2.39856 1378.75698696677 47.8010186398022
2.40119 446.504209698032 27.2021818111646
2.40382 111.463432846688 13.5911072278245
2.40645 88.8909842075102 12.1371064428139
2.40908 888.512655400535 38.3721191161082
2.41171 1235.73325863407 45.2526497555202
2.41434 980.660747907464 40.3124055398215
2.41697 79.0696866413086 11.4467447451838
2.4196 684.255873716742 33.6731642071628
2.42223 180.170000878434 17.2787998080823
2.42486 391.643264457647 25.4750670064763
2.42749 1211.28927453753 44.801402668433
2.43012 475.670686672605 28.0749208954867
2.43275 475.140361856499 28.0591157299349
2.43538 1166.63484018365 43.9671343626539
2.43801 739.457327707269 35.0037778897094
2.44064 396.398376452081 25.6284278582674
2.44327 1554.05694344725 50.7442885070964
2.4459 702.775982890723 34.1239919163121
2.44853 783.54117880133 36.0313022567989
2.45116 1187.42884475902 44.3558099990147
2.45379 997.217321638681 40.6480106037917
2.45642 642.743851157833 32.6333023597596
2.45905 1098.25011251677 42.6570049080186
2.46168 1490.17700160573 49.6885507549934
2.46431 2283.60866769101 61.5100265172273
2.46694 1070.39066855623 42.1118093165599
2.46957 1696.07140455332 53.0093502512616
2.4722 1640.09309477138 52.1269525635378
2.47483 1873.23311870197 55.7085264025932
2.47746 1781.75652903978 54.330988583833
2.48009 1209.77630990816 44.7686127162903
2.48272 793.951104727377 36.2673353775234
2.48535 850.792638748596 37.5429419941815
2.48798 1011.49769550139 40.9351664164212
2.49061 728.495313203775 34.7396279778225
2.49324 1073.32772104765 42.1672837287786
2.49587 1763.91675758745 54.0562814286095
2.4985 902.221718938656 38.6599629432894
2.50113 391.638554338048 25.4709522878539
2.50376 98.4681313550957 12.7716782699031
2.50639 745.831704114865 35.1494230226869
2.50902 969.860422988905 40.0820621873691
2.51165 1416.20756326979 48.4346930782968
2.51428 1304.81088999413 46.4905348136532
2.51691 191.216823780533 17.7971911258719
2.51954 725.440837004565 34.6646701965426
2.52217 949.468707407588 39.6573836957414
2.5248 1311.40851382642 46.6069184412464
2.52743 1562.99394161553 50.8812410256662
2.53006 1254.48392900547 45.5836668194113
2.53269 300.720593758247 22.3180347784472
2.53532 1356.09680817376 47.3933458787243
2.53795 1012.53196192995 40.9518996328005
2.54058 367.333618386894 24.665940426076
2.54321 611.151147397941 31.8155410974754
2.54584 814.315455568722 36.7247624412065
2.54847 627.229468886052 32.2309823077087
2.5511 411.65900503777 26.1111970816135
2.55373 2113.97279285036 59.170512059472
2.55636 1745.78852231796 53.7711229040488
2.55899 858.474741999948 37.7063685468709
2.56162 1274.84767063746 45.9491786374552
2.56425 1573.88416596116 51.0543376581332
2.56688 1265.66589359219 45.782917012741
2.56951 1247.62749454938 45.4552496931874
2.57214 1296.15263339924 46.3305345000239
2.57477 701.762689671945 34.0903949319384
2.5774 252.667155774832 20.4554458063602
2.58003 1272.09420308532 45.8977977438316
2.58266 1412.9772414901 48.3723796030668
2.58529 1681.4379742925 52.7676741992413
2.58792 1974.6697105774 57.1837216595991
2.59055 1625.11639438474 51.8758323675938
2.59318 1121.10872012175 43.0868123701264
2.59581 753.875046447842 35.3319691101941
2.60107 376.961314454563 24.9840056837265
2.6037 789.49030012003 36.1564298028789
2.60633 884.862623575133 38.2779375186678
2.60896 1212.59683165544 44.8092093463717
2.61159 705.427103087442 34.1769733473432
2.61422 323.109052893492 23.1302621357048
2.61685 1071.47038002219 42.1205990310642
2.61948 1318.52847095817 46.724823835205
2.62211 1722.36777509386 53.4028364600767
2.62474 619.252519364142 32.0209146390243
2.62737 843.490351106178 37.3713136219861
2.63 1107.749238201 42.8269845597505
2.63263 1727.47485732365 53.4811942891437
2.63526 595.777163687607 31.4076626965106
2.63789 795.597314447492 36.2943320861255
2.64052 133.488657046132 14.8666391037668
2.64315 395.135082335911 25.5777226958163
2.64578 776.971779155779 35.8665962703555
2.64841 629.513788474311 32.2840958307821
2.65104 1117.50483649103 43.0139347923701
2.65367 970.896084853818 40.0930692401447
2.6563 1734.48197927033 53.5878443857246
2.65893 1371.74050290337 47.6558077392141
2.66156 869.864532410942 37.9493313348859
2.66419 1111.4728528715 42.8969296464603
2.66682 715.554803914431 34.4188766566671
2.66945 624.141158561822 32.1451247008621
2.67208 741.414821592389 35.0350545232114
2.67471 220.111797984328 19.0894004646129
2.67734 208.784019805859 18.5916407141739
2.67997 227.9511260526 19.426225412846
2.6826 322.542687313008 23.1078540119832
2.68523 528.403159276253 29.5765272888648
2.68786 247.428443647887 20.2389394647448
2.69049 614.264506635085 31.8888687369596
2.69312 866.833246992891 37.8815415919973
2.69575 310.689097898575 22.6788659279639
2.69838 809.968097058279 36.6176732820867
2.70101 769.893121907924 35.7001906283741
2.70364 248.730432785883 20.2916996734669
2.70627 343.439456515479 23.8439226982804
2.7089 880.79542578332 38.1846473652745
2.71153 343.634516985642 23.8505444448711
2.71416 322.275708232916 23.097359845055
2.71679 755.027220091524 35.3531818457115
2.71942 942.814483849034 39.505628308584
2.72205 387.047341405969 25.3120047127154
2.72468 535.570009005564 29.7749657664909
2.72731 800.041845327361 36.3913482138683
2.73257 252.200489222687 20.4320551435081
2.74309 396.424672622612 25.6161595152992
2.74572 277.107251055397 21.4168834721882
2.74835 220.991282776409 19.1257532241869
2.75098 88.8295429527259 12.1257424048301
2.75361 190.019162235456 17.7348276168742
2.75624 252.496331126012 20.443462583163
2.75887 216.529931596879 18.9314786838835
2.7615 172.681253022275 16.9062314727956
2.76413 468.928717779723 27.8596898975104
2.76676 50.2264678183102 9.11775313308392
2.76939 138.802552526338 15.157196631359
2.77202 1018.3158756941 41.0544334521111
2.77465 146.504296183319 15.5719368526553
2.77728 425.621422887212 26.541645300318
2.77991 482.11493934094 28.248152143592
2.78254 720.33583075661 34.5287539133649
2.78517 726.514550641823 34.6764158702243
2.7878 484.834860198203 28.3274584556921
2.79043 1056.76724313586 41.8214427620126
2.79306 723.774067901624 34.6106293643824
2.79569 416.442529214561 26.2533163997439
2.79832 8.14858025657783 3.67236852227499
2.83514 84.570780540448 11.8301460616059
2.83777 67.4445085559672 10.5645592629201
2.85881 313.656608521091 22.7819293370879
2.86144 194.333833118476 17.932285178528
2.86933 3.64755521894103 2.45672651455737
2.87196 2.90889557087881 2.19390637242826
2.87985 109.119977431323 13.4369470258245
2.89037 157.024893481349 16.1185258680529
2.893 125.226073214235 14.3941689829828
2.89563 266.198937767289 20.9865245452174
2.9193 20.2999417872828 5.79525918905595
2.92193 16.1890873446245 5.17529915944936
2.92456 47.1514225966928 8.8322323315123
2.92719 37.6029895451908 7.88738571777831
2.93508 100.936522903552 12.9223793883945
2.93771 80.4962990719834 11.539980696817
2.95875 230.095159847426 19.510182534888
2.96138 226.729236288423 19.3669023032287
2.96401 663.318922424649 33.1258019182807
2.97453 319.42173712798 22.9870199859818
2.97716 449.357389336124 27.2643527316672
2.97979 103.363022009916 13.0761729223154
2.98242 212.822183676298 18.7631310388619
2.99031 22.4426687288238 6.09299101755768
2.99294 20.935949934485 5.8848911184864
2.99557 380.589717791513 25.0910843259187
2.9982 301.585929416112 22.3354779550923
