-0.18957 1030.68087026622 46.4161014902436
-0.1869 175.432003431858 19.150998601477
-0.18423 1828.7456639083 61.8363893720833
-0.18156 557.221046886695 34.1359249957464
-0.17889 1107.75877832976 48.1338906170936
-0.17622 875.520591769783 42.7948976156446
-0.17355 1498.83828870431 55.9972419446727
-0.17088 563.943231043702 34.3508411287222
-0.16821 863.206651538809 42.5018173569207
-0.16554 267.754664436091 23.6727689731773
-0.16287 144.960067521275 17.419478528834
-0.1602 60.1629910649869 11.2229256368722
-0.15753 635.450766966055 36.4764649163502
-0.15486 181.310004656758 19.4855685159152
-0.15219 520.251947670124 33.0095389520957
-0.14952 459.883535499376 31.0375142473177
-0.14685 1730.85198751627 60.2175889056189
-0.14418 996.594500982495 45.6965098886992
-0.14151 253.627432072358 23.0543184623287
-0.13884 303.246803740265 25.2105705670799
-0.13617 1694.07098322276 59.5910090515167
-0.1335 525.254361475424 33.1841078091963
-0.13083 193.78773806254 20.1576002825933
-0.12816 153.160686742341 17.9217205340592
-0.12549 1192.07352416586 50.0020639596118
-0.12282 400.170112391542 28.9727081865483
-0.12015 2299.12201013782 69.4509403590035
-0.11748 697.72075578966 38.262054960087
-0.11481 1276.47991475314 51.7564890076208
-0.11214 202.988771128107 20.6406876807787
-0.10947 365.042446040136 27.6815353517459
-0.1068 288.512284356057 24.6110973552322
-0.10413 1535.14473159943 56.7745649201959
-0.10146 732.606919513422 39.2233770953741
-0.09879 878.253998588639 42.9487933158662
-0.09345 541.509343477553 33.7296455971695
-0.09078 221.360850078704 21.5671694639604
-0.08811 497.009251123504 32.3190746693385
-0.08544 232.051261520278 22.0852632883652
-0.08277 364.725771742981 27.6903067814893
-0.0801 235.796673398043 22.2662612422514
-0.07743 376.259643918322 28.1291235101329
-0.07476 115.643804765785 15.5957935343283
-0.07209 881.597075397476 43.0640893228935
-0.06942 563.870762879493 34.4432311535016
-0.06675 2304.75020419701 69.6401863289003
-0.06408 890.815316086821 43.298786132752
-0.06141 2615.2526507646 74.1946505794602
-0.05874 1115.95915694898 48.4700868613992
-0.05607 2787.59589922671 76.6122876681245
-0.0534 798.095124992106 40.9963054476119
-0.05073 2786.16353842122 76.6045484901122
-0.04806 2251.98211048318 68.8759467317538
-0.04539 2028.76089290813 65.3784167024229
-0.04272 943.696339617456 44.5932319660257
-0.04005 3464.74530346027 85.4520162482597
-0.03738 1585.19818328296 57.8045836357112
-0.03471 4291.66845012356 95.119028980623
-0.03204 2143.00973925375 67.2202658283563
-0.02937 5905.15252289984 111.593149385013
-0.0267 6591.32912143721 117.907733126292
-0.02403 10219.7212758059 146.828082668119
-0.02136 8503.93034217181 133.947081288862
-0.01869 11384.9721735211 154.99696520694
-0.01602 9246.7520519984 139.696527097217
-0.01335 13223.8262214821 167.071880158684
-0.01068 10436.6419840756 148.435907127063
-0.00801 12652.8194934446 163.450409743716
-0.00534 10482.9392257718 148.787917626315
-0.00267 13315.0536184299 167.699342686868
-0 11030.956172062 152.651207407943
0.00267 13807.7232658968 170.801038806187
0.00534 10286.4337647498 147.434580860119
0.00801 13196.4905872347 167.006599836944
0.01068 11445.8264711441 155.548363250349
0.01335 13122.3228523036 166.565356555915
0.01602 8222.63757692306 131.862814116796
0.01869 10934.1772567695 152.071300586755
0.02136 6416.51111094204 116.504074363106
0.02403 7389.66127069476 125.037802038338
0.0267 3945.1517112136 91.3688880743914
0.02937 5180.39226723671 104.709291842073
0.03204 3400.17467667169 84.8382928479183
0.03471 2799.26247790411 76.9840081782792
0.03738 1890.81097790697 63.2761664182056
0.04005 2895.50909062433 78.309771450814
0.04272 509.189341482994 32.8420701081868
0.04539 1851.40814270664 62.629555822247
0.04806 409.34333513456 29.4516396077631
0.05073 983.853250288786 45.6633889944143
0.0534 777.616229112026 40.5997156424501
0.05607 2016.51397000072 65.3850260168837
0.05874 472.247590281917 31.6446212238428
0.06675 333.020644224413 26.5804662915028
0.07209 476.980843447979 31.8164788258227
0.07476 162.29488236884 18.5605722776704
0.07743 1182.2063566319 50.098288938796
0.0801 368.685056275335 27.9795874908325
0.08277 768.184119835027 40.3908960351913
0.08544 119.070679321275 15.9034196795946
0.08811 1032.37560064953 46.8321657938547
0.09078 145.128193132867 17.5605671028104
0.09345 995.282579386137 45.9910265972483
0.09612 335.636697175574 26.7098762147274
0.09879 2928.57369735462 78.9046289037137
0.10146 1605.24857165398 58.4226560252056
0.10413 633.019482283296 36.6905622788595
0.1068 219.851897821477 21.6245267038849
0.10947 1516.75223865107 56.8034207493581
0.11214 678.038510281589 37.9821906012733
0.11481 741.874138082963 39.733205080326
0.11748 1227.88892331525 51.121509921418
0.12015 1288.32997049641 52.3688852926672
0.12282 77.2589166811479 12.8253645678036
0.12549 1380.14578983249 54.2117623280962
0.12816 581.605946197898 35.1950095687461
0.13083 1999.75027768331 65.2664770621633
0.1335 1920.20706920948 63.9605123630794
0.13617 2380.22704450242 71.2168405090003
0.13884 1069.98249652461 47.752646822535
0.14151 5549.86997722895 108.764235721172
0.14418 3550.85932861154 87.0055651475027
0.14685 3894.25845627858 91.1230544597966
0.14952 3330.52777945349 84.2767912707789
0.15219 5307.62362179827 106.398889182644
0.15486 4239.23784659574 95.0969293051852
0.15753 5448.65374968947 107.820854220639
0.1602 5473.49004719521 108.075159434936
0.16287 9601.02033724837 143.14888280708
0.16554 10308.8894123953 148.34426199816
0.16821 15299.5463150724 180.733902514602
0.17088 16753.2155723795 189.140690626864
0.17355 20392.6406973031 208.693124908858
0.17622 21879.826913015 216.186649091247
0.17889 25516.6756625608 233.482583624495
0.18156 23934.8486996918 226.14828356166
0.18423 27499.4063345662 242.423722026556
0.1869 26611.860418425 238.499004956205
0.18957 29117.9839283071 249.496866474748
0.19224 27756.261548882 243.612975246329
0.19491 29212.2615232464 249.941286073589
0.19758 25659.0138634767 234.26686455623
0.20025 28683.5828737258 247.710202578945
0.20292 26529.1700146525 238.248907255441
0.20559 27943.3243286561 244.540054194665
0.20826 23239.8401454652 223.033146308095
0.21093 20970.4854521581 211.884384500749
0.2136 16249.9454880247 186.535940652564
0.21627 14130.6862762884 173.964264277958
0.21894 9758.26598029044 144.579455666898
0.22161 9307.49223230588 141.214221079641
0.22428 7697.59943003792 128.434462735205
0.22695 6541.36058268302 118.40765558289
0.22962 5862.90908356189 112.109941834263
0.23229 6837.0095566071 121.077220555017
0.23496 4505.14213428592 98.2936340176592
0.23763 5050.43376031959 104.082392956379
0.2403 2289.74822463577 70.0887915376643
0.24297 3600.31697020128 87.8955412776496
0.24564 1871.86973746126 63.3834755353673
0.24831 3306.74037638081 84.2519653706565
0.25098 1251.80521172869 51.842998778854
0.25365 2236.78570186239 69.3067706791786
0.25632 982.038876207744 45.9271551005499
0.25899 2878.80586068911 78.6417401307407
0.26166 721.129431824509 39.3636398473901
0.26433 1356.8628108038 54.0005663066798
0.267 1072.45632214321 48.0133323374449
0.26967 2480.8576658941 73.0322457915991
0.27234 1121.28085580366 49.1035189753368
0.27501 2038.62291316041 66.2163956447393
0.27768 649.50579354935 37.3792227580634
0.28035 1201.50779427386 50.8444677869963
0.28302 346.843615049454 27.3205168483112
0.28569 1624.84204338105 59.1383597087009
0.28836 192.870890717758 20.3769264139305
0.29103 3454.82155871697 86.2501323347287
0.2937 1830.58076587875 62.7889216684595
0.29637 1115.92454343763 49.0283865474992
0.29904 207.627883426723 21.15020721975
0.30171 1967.26157766638 65.1085775232663
0.30438 762.45015176781 40.5360821084301
0.30705 1912.53045453402 64.2050384629623
0.30972 1924.11332715864 64.4034508352292
0.31239 994.338088630149 46.300931861338
0.31506 726.193946395638 39.5710780425927
0.31773 1575.1239747796 58.2824517513538
0.3204 748.625957044587 40.1829438684353
0.32307 1688.46085406887 60.3508890910407
0.32574 964.406248714941 45.6138828402551
0.32841 2953.27034507999 79.8265745934311
0.33108 1141.45532353018 49.6311345781946
0.33375 1824.48643716388 62.751471316594
0.33642 581.754945835907 35.4366354358092
0.33909 3878.08882294681 91.4998023336704
0.34176 1158.4982733164 50.0135650482826
0.34443 4617.84690886902 99.8593458217064
0.3471 4167.61857781849 94.8728099283218
0.34977 4871.00832014244 102.573705008081
0.35244 3539.75284784524 87.4463927551092
0.35511 7775.38896062961 129.612029035712
0.35778 3113.24438072196 82.0199818011622
0.36045 5688.18814023702 110.8737787296
0.36312 7312.70573306609 125.721550530541
0.36579 8763.9091258626 137.641189037576
0.36846 6731.68806519102 120.639707011554
0.37113 7660.61818635284 128.70309363475
0.3738 6473.65878942452 118.32071128221
0.37647 7870.92991727844 130.475112427209
0.37914 5096.58882755884 104.99853508666
0.38181 7235.22254966263 125.111770014658
0.38448 5363.81360524302 107.730291835426
0.38715 7035.65356828539 123.390576567438
0.38982 4033.879409719 93.4372384689311
0.39249 6890.33935069417 122.125852844216
0.39516 4938.9939205707 103.403517072788
0.39783 5185.83811238972 105.963013263715
0.4005 3413.9658444267 85.9801888372493
0.40317 3681.63929241756 89.2907780835052
0.40584 1772.46340012661 61.9572034000779
0.40851 3611.41104089228 88.4420513162494
0.41118 2234.58484702133 69.5722337565332
0.41385 3339.28308932749 85.0513706589125
0.41652 635.122041114244 37.0937263688039
0.41919 2730.57374467204 76.915877494544
0.42186 908.03558557945 44.3565387191336
0.42453 1574.68609505195 58.4144619823971
0.4272 1278.11667123476 52.6290829885166
0.42987 2056.88346099849 66.7671076670908
0.43254 906.172282369854 44.3180121984335
0.43521 2046.29581701852 66.6003111530119
0.43788 689.621371485562 38.6646932293067
0.44055 381.834753288996 28.7716057938544
0.44322 161.092001761265 18.6887615826409
0.44589 207.872217933912 21.2304362524117
0.44856 143.763206861379 17.6563824254967
0.45123 1184.13865810943 50.6752951428501
0.4539 658.620743444856 37.7946096451849
0.45657 1548.23899260794 57.9493162015459
0.45924 696.064371280653 38.8571701890366
0.46191 1394.35239561079 54.9983792590391
0.46458 588.002142254788 35.7166091622948
0.46725 2689.40058938529 76.3880921125629
0.46992 1008.91976063361 46.7889582713386
0.47259 2108.04527132751 67.6351058200333
0.47526 863.263581968155 43.2833693958352
0.47793 3913.69938446496 92.1637687736123
0.4806 1331.3904965725 53.7571655000925
0.48327 679.831356958883 38.4150471852445
0.48594 1228.4664557125 51.6415851308317
0.48861 1710.53594359805 60.9398179797703
0.49128 512.081722284412 33.3443168172518
0.49395 1920.75885562425 64.5811453258862
0.49662 694.847191688838 38.8446405588683
0.49929 343.798536867785 27.324712278515
0.50196 131.95698868089 16.9292115818785
0.50463 1736.30779275555 61.4115960142183
0.5073 1378.96994997353 54.7306894907449
0.50997 2806.19017569652 78.0779780373176
0.51264 611.960322893263 36.4626416462477
0.51531 2756.16362045828 77.3847674881887
0.51798 510.490418827441 33.3052937028828
0.52065 1603.9788249152 59.0384939518552
0.52332 1230.57698487017 51.713845397917
0.52599 4148.32386608116 94.9522474136212
0.52866 3536.74150587028 87.6772786477041
0.53133 2870.2884625208 78.9886433013337
0.534 1203.05084960726 51.1399562930361
0.53667 3533.49832933422 87.6470458893374
0.53934 1840.71776568042 63.2622910445491
0.54201 2972.76760308684 80.3985596617205
0.54468 1030.22644973927 47.3315372794211
0.54735 3167.30491853846 82.9938042741609
0.55002 1830.28009491031 63.092245427529
0.55269 4367.92827670031 97.4701029589153
0.55536 2837.18251848816 78.5586084226192
0.55803 4590.70000971176 99.9323426391393
0.5607 3369.39797876471 85.6168475993061
0.56337 3153.99483898192 82.8380813874762
0.56604 1896.97666645182 64.2461341992114
0.56871 2490.26668600442 73.6131492659362
0.57138 562.813713263363 34.9970360510259
0.57405 3435.27890051268 86.4662034368252
0.57672 1069.67419884045 48.2511432924058
0.57939 1788.33177171107 62.3910581812291
0.58206 422.884152887467 30.3406909550832
0.58473 811.274587418312 42.0257190117217
0.5874 910.443680140369 44.521953606031
0.59007 4253.13909326311 96.2318678126076
0.59274 1310.85732398318 53.4266921144477
0.59541 2587.00932682035 75.0578328024189
0.59808 458.634217937711 31.6043380695577
0.60075 3838.97877314041 91.4391754563022
0.60342 308.758649086957 25.9322607572538
0.60609 2324.81717057878 71.1592863683857
0.60876 1109.63841082199 49.1625374571708
0.61143 1608.06763566958 59.1836945590849
0.61677 2698.41655398318 76.6685319853774
0.61944 1207.36854303187 51.2848331151786
0.62211 2954.82951199967 80.2308880206254
0.62478 2322.72880316387 71.1346181325093
0.62745 2972.674436254 80.4751495293503
0.63012 955.663559764325 45.6296352830567
0.63279 768.966337485738 40.9312035137356
0.63546 315.779509689615 26.2300542733558
0.63813 1380.57359323992 54.8457983937847
0.64347 666.152684734516 38.0989672854046
0.64614 599.850754372471 36.1538275624697
0.64881 450.095566224715 31.3178117991137
0.65148 355.694986305958 27.8409646603699
0.65415 547.340562330607 34.5366801693398
0.65682 432.544348573269 30.7024800007346
0.65949 1210.93392463289 51.3717929346129
0.66483 2206.10597646903 69.3410499796624
0.6675 177.426004779964 19.6649220054291
0.67017 507.317642978801 33.2529315229358
0.67284 471.149077988528 32.0461226838869
0.67551 1428.90519787885 55.8090190801946
0.67818 1144.17668451728 49.9408110281245
0.68085 2104.69953404092 67.7345826466268
0.68352 1368.77968200725 54.6246345163885
0.68619 2012.81672063445 66.2415135782492
0.68886 424.499831557985 30.4209837938205
0.69153 3912.48144126791 92.3564010090264
0.6942 997.101293448573 46.6247865988623
0.69687 1519.70726754561 57.5616916850695
0.69954 334.222151173869 26.9946409397859
0.70221 3612.66027786889 88.7503116052145
0.70488 1025.64632406873 47.2874528893353
0.70755 1374.55135809985 54.7417120747504
0.71022 65.1410287381078 11.9166992586613
0.71289 2560.16646065212 74.7056685460402
0.71556 667.648707060551 38.1490952334296
0.71823 1901.91983633909 64.386841523715
0.7209 908.612222709436 44.5021594588688
0.72357 1781.17411735618 62.3068458274423
0.72624 274.26669369645 24.4489320843935
0.72891 2206.48369339142 69.3448957016127
0.73158 1638.39664928166 59.7536505518586
0.73425 2531.09999860631 74.2677638816359
0.73692 1164.2517178342 50.3686044717581
0.73959 2811.24056867786 78.2665622365473
0.74226 556.579458882241 34.8242376105868
0.74493 2206.23341127117 69.3321289655356
0.7476 1837.54617536875 63.2730420461652
0.75027 1187.77185869342 50.8694306225278
0.75294 69.3576704831767 12.2921651339684
0.75561 1641.28877915209 59.7949370243063
0.75828 1331.37591882645 53.853388742548
0.76095 3533.41146408131 87.7304929630585
0.76362 907.608336723142 44.46245877383
0.76629 1231.09697870947 51.7822770726987
0.76896 304.373493370763 25.7471521577511
0.77163 765.366170653967 40.8273497933718
0.7743 604.799032371062 36.2921648785058
0.77697 1178.85646965668 50.6673942346479
0.78231 266.480972556581 24.0886660136587
0.78498 106.436184654791 15.2235195189788
0.78765 1676.99720822458 60.4264888816319
0.79299 1057.12556095445 47.9740096360288
0.79566 407.341530732694 29.779187645499
0.79833 2554.5639336193 74.5731792122413
0.801 464.314665573551 31.7919854259936
0.80367 682.570474502178 38.5444875806588
0.80634 497.304384100111 32.8985491730573
0.80901 802.283182942491 41.7836638384066
0.81168 262.455637848407 23.8972373753856
0.81435 475.524274507802 32.1649705197738
0.81702 222.284783381822 21.9901779552083
0.81969 1054.30940136861 47.8889129832942
0.82236 75.7109211207284 12.832381570817
0.82503 1625.90899880626 59.4638706496322
0.8277 809.146117071985 41.9464865753264
0.83037 1187.97343149864 50.8232613050177
0.83304 185.69741451702 20.0927391062787
0.83571 1404.51129728796 55.2555470840546
0.83838 1471.75620003934 56.5598498042764
0.84105 402.321326864852 29.5701740804996
0.84372 223.921214786604 22.0593146480327
0.84639 2333.57344107668 71.2085544718612
0.84906 801.882603614653 41.7401364967997
0.85173 506.010619078208 33.1554798791163
0.8544 399.828707140336 29.470636792772
0.85707 1401.77701698747 55.1783907100084
0.85974 438.922955741966 30.874557098652
0.86241 742.391382433248 40.1513427448387
0.86508 56.0160506697103 11.0285109089577
0.86775 750.145664739383 40.3562175763715
0.87042 181.208512352246 19.8337103714234
0.87309 1584.93041050306 58.6538849311297
0.87576 432.982034695406 30.6551632883924
0.87843 3452.37740902607 86.5575265450505
0.8811 652.919364570262 37.6402488510895
0.88377 819.863139524075 42.1764863303273
0.88644 20.7477025104716 6.70906074121492
0.88911 1292.73523014566 52.9551874239252
0.89178 1115.88802094069 49.1972720333707
0.89445 1338.97767464302 53.8882867995368
0.89712 396.510071778964 29.3232304015927
0.89979 1374.99655829322 54.6024960881186
0.90246 376.97745822312 28.5889768930382
0.90513 2195.87308134353 68.9960613980649
0.9078 1238.79319884077 51.820290910559
0.91047 2373.29543985246 71.7226122734791
0.91314 739.409681062177 40.0315602299624
0.91581 2414.41662126112 72.3345541995379
0.91848 154.997092596535 18.3265716645207
0.92115 2414.09533389764 72.3229962984242
0.92382 466.171836436426 31.7798589166892
0.92649 1953.82268857929 65.0580838268141
0.92916 681.427336188346 38.4191907028783
0.93183 948.734033947492 45.3304904071102
0.9345 557.693844886074 34.7532834165352
0.93717 1887.76989446685 63.9369892129644
0.93984 301.626244970493 25.555945462848
0.94251 1330.26355676718 53.6668332160016
0.94785 2190.09876285014 68.8538823958125
0.95052 457.484953021718 31.4676795160586
0.95319 1597.08590753023 58.7922628241632
0.95853 1492.63167339206 56.8318521061744
0.96387 1623.28939567905 59.2615351176929
0.96654 198.921760741144 20.7441567398162
0.96921 1001.11037414994 46.5345301502227
0.97188 12.300416453715 5.15791252769863
0.97455 373.898780173898 28.4361502183839
0.97722 877.20441071118 43.5535829096863
0.97989 2134.68632173534 67.9391681405365
0.98256 299.516316581907 25.4473837707482
0.98523 381.96237196203 28.7357733960144
0.9879 151.606739542845 18.1030418164081
0.99057 2622.41036639391 75.2874047022633
0.99324 298.390553075493 25.3947669768045
0.99591 2611.36792132591 75.1217030903689
1.00125 491.998165462309 32.6037449342723
1.00392 1321.0084227151 53.4208708111722
1.00659 271.957264688679 24.2371149812249
1.00926 268.168770048715 24.0661771168114
1.01193 1719.74753848201 60.9407466463351
1.0146 1539.40435550632 57.653302382497
1.01727 1931.07270522925 64.5683298641786
1.01994 1753.09688431158 61.5170644223199
1.02261 521.808826942762 33.5599074661929
1.02528 533.457498797262 33.9302729067945
1.02795 1882.50270236258 63.7349482902345
1.03062 936.324977590408 44.9464636636407
1.03329 1164.75559997942 50.1270345183545
1.03596 742.495929719885 40.0197185836155
1.03863 2409.92358837613 72.0943128922322
1.0413 847.712507471603 42.7558989270087
1.04397 506.385746778353 33.0434096738161
1.04664 149.257770166692 17.9384519371539
1.04931 1186.3500368323 50.5702703891789
1.05198 491.911371268969 32.5615180663994
1.05465 2025.803473857 66.074247655798
1.05732 113.316322518374 15.6261562042777
1.05999 769.131641473958 40.7078921693158
1.06266 1376.8023006709 54.4611007859027
1.06533 888.473518138735 43.7466912844736
1.07067 1572.76993575372 58.1969525991116
1.07334 731.733777387477 39.6932381029999
1.07601 1681.10485058226 60.1602605172004
1.08135 1640.58489368578 59.4232376791357
1.08402 348.577362204732 27.3891695986646
1.08669 2582.5526264223 74.5463152216583
1.08936 206.513388091909 21.0789031945557
1.09203 644.337851671308 37.2308571029575
1.0947 381.682615710993 28.6529740812046
1.09737 1366.25946185281 54.2072542790201
1.10004 1107.32820061046 48.7970965105833
1.10271 538.733905584908 34.0330343129585
1.10805 2214.06795101057 68.9801915843274
1.11072 88.4282135572712 13.7842150511232
1.11339 919.289768672471 44.4396377609825
1.11606 756.182389961641 40.3009469536998
1.12407 1230.09110454188 51.3858546060294
1.12674 276.878072797003 24.3768097472545
1.13208 624.183931292526 36.5935156993586
1.13475 526.417159275386 33.6024140659511
1.14009 1799.57207945437 62.1162589699989
1.14276 238.924613532957 22.6312585630722
1.14543 139.488384771099 17.2903930723324
1.15077 108.378426059901 15.2378047891384
1.15611 1890.46926697405 63.6283857375747
1.15878 913.837824135147 44.2342024522927
1.16145 577.417481283145 35.1581596631284
1.16412 328.51222581076 26.5163940195151
1.16679 783.000037279678 40.9333325503591
1.16946 618.638692833175 36.3808013461167
1.17213 617.944934768619 36.3568384023391
1.1748 479.774998119416 32.0322554910825
1.17747 1402.83624187762 54.7683536245667
1.18014 772.83825689529 40.6469514613963
1.18281 683.067409055802 38.2096379019333
1.18548 437.45410379159 30.5748859767524
1.18815 105.871946926153 15.0399536823726
1.19082 83.6480966042302 13.3672331376196
1.19349 1110.77494541344 48.7061680027482
1.19883 463.221362421102 31.4470605612111
1.2015 365.981418655638 27.9492638797472
1.20417 1147.53662139439 49.4823767845589
1.20684 856.022014552375 42.73031906783
1.20951 394.193139818614 28.9917592027954
1.21218 311.402453121046 25.7636503622069
1.22019 1152.69558689906 49.5430317529973
1.22553 856.724439731868 42.6970927850429
1.2282 532.468430089962 33.6550974829635
1.23087 660.206651276817 37.4688218381369
1.23354 269.528762442392 23.9363977030979
1.23621 1153.87879508658 49.5179261902839
1.23888 577.097968834606 35.0133139737936
1.24155 763.384166438163 40.2629959611113
1.24422 114.050764214962 15.5600022859486
1.24689 2621.64254701274 74.588747205323
1.24956 262.915933865124 23.6167983065188
1.25223 1113.24562315764 48.5885604942925
1.25757 618.381584203995 36.2008416110352
1.26024 235.806034340425 22.3508344828062
1.26291 2366.97788159201 70.8009770955578
1.26558 303.91849486724 25.3656828012016
1.26825 1623.92190727126 58.6241256355853
1.27092 565.349736429935 34.5842367362896
1.27893 533.593887323587 33.5816661541593
1.2816 337.962918578132 26.7212660824629
1.28427 528.913459806352 33.4226190181795
1.28694 417.826685812482 29.7010562179457
1.28961 1783.53917138395 61.3536981198524
1.29228 473.717143538814 31.6143718282842
1.29495 987.607542164792 45.639698444504
1.29762 244.243350241814 22.6927682198271
1.30029 2406.61051952308 71.2204180769856
1.30296 1453.25327736784 55.3362461025482
1.30563 1330.78985550624 52.9471625231155
1.3083 1219.63594797973 50.6817914807748
1.31097 1020.24314686633 46.3487024146219
1.31364 227.866592593826 21.9015545351478
1.31631 330.583084780802 26.376902234231
1.32699 1051.2352196911 47.0141685414367
1.32966 73.3382997217662 12.4163238081874
1.33233 423.613571227391 29.8374246403323
1.335 334.678414007701 26.5178941441244
1.33767 129.509587168626 16.4939588916434
1.34835 506.15650917458 32.5920222224834
1.35102 132.750636762394 16.6892149193426
1.35369 193.303731503058 20.1366125559442
1.35903 1363.95627120956 53.4766102529976
1.3617 145.896933813136 17.4878084382467
1.36437 1421.51377536674 54.5803714467116
1.36704 232.920883706665 22.0909197864674
1.36971 968.574560546023 45.0427330836718
1.37238 348.518011426595 27.0158992714897
1.37505 511.757897191943 32.733141532582
1.38039 1980.66108246456 64.3809904118532
1.38306 527.768751544203 33.2294356934031
1.39107 489.279056553031 31.9834310533222
1.39374 54.6057857114473 10.6835252321427
1.39641 1009.6382774401 45.9331947889944
1.39908 797.669637074404 40.8228919216255
1.40175 768.256300161109 40.0669304587761
1.40442 252.109402955619 22.9557033745089
1.40709 275.641675640652 24.0066510619957
1.40976 217.886959261726 21.3470465474573
1.41777 259.45101401414 23.3044506857875
1.42044 205.088629485107 20.7226332718668
1.42311 152.720511581 17.8848697768649
1.42845 1672.20008851145 59.1980032461062
1.43379 60.1023238187603 11.2262403528136
1.43646 91.1994627427563 13.8308127087525
1.43913 1227.79769318424 50.7548799561461
1.4418 721.834287640889 38.922073818663
1.44447 2293.32762351308 69.3861947949558
1.44714 343.535806626839 26.8589362545105
1.44981 928.851299046567 44.1711458190215
1.45248 559.620499408085 34.2906030889079
1.45515 555.625980882881 34.1729379200359
1.45782 439.205981767448 30.3870037387791
1.46049 447.424223352366 30.674408397201
1.46316 343.147080113596 26.8670063313751
1.46583 1245.61893734372 51.1958056368779
1.4685 283.861778200996 24.4431897188972
1.47117 86.7844541977615 13.5172394740602
1.47384 77.2733939740777 12.7568848676234
1.47651 1355.07029433521 53.4285193767183
1.47918 205.372644450199 20.8030058276642
1.48185 817.269038817875 41.5049471113156
1.48452 646.026579753251 36.906687307645
1.48719 1152.42946945642 49.3002999956466
1.48986 429.378030294012 30.0971095069063
1.49253 2175.2919305528 67.7526255353996
1.4952 407.144466846794 29.315957414304
1.49787 588.721092359837 35.2571377141972
1.50054 438.484153479121 30.4320793819927
1.50321 1136.19014807968 49.007671207858
1.50588 161.014133846807 18.4570383583359
1.50855 511.622511637181 32.9151718796752
1.51122 94.1350216980952 14.1249864409419
1.51389 38.1286686833622 8.99350955219314
1.51656 690.859403638448 38.2991382157262
1.51923 1287.92158225856 52.315393199322
1.5219 283.341482515627 24.5488026903406
1.52991 1133.48647238112 49.164741249752
1.53258 70.5703052098971 12.2728766748804
1.53525 705.11884421693 38.8111179245527
1.53792 283.572132446035 24.6232979570707
1.54059 31.3066688643178 8.18506560118122
1.54593 2264.81939153717 69.6784699495639
1.5486 671.291181911146 37.9512499674096
1.55127 328.082631674951 26.5430523981366
1.55661 640.343936126749 37.1144190093686
1.55928 155.425106396019 18.2929919547463
1.56195 490.78307136062 32.5204781003409
1.56462 169.180997773724 19.1018636645359
1.57263 1126.19712485624 49.3480084782609
1.57797 1959.52723272087 65.1496744354335
1.58064 887.560244627973 43.8654273153848
1.58331 239.981577591578 22.8191299148148
1.58598 189.806566400046 20.3026286023349
1.58865 2149.83703965202 68.3574398367057
1.59132 713.647167115104 39.4013403902822
1.59399 345.217373665427 27.4158421329888
1.59666 273.039006950924 24.3923421084062
1.59933 71.6026539044232 12.4965877010856
1.602 56.63769517275 11.1195638778872
1.60467 2109.67689767201 67.8971327368152
1.60734 551.122827014853 34.7196991833548
1.61001 245.360517058692 23.1772650015356
1.61535 2066.62048399429 67.3295638930697
1.61802 677.406754721559 38.5662750982682
1.62069 819.061754931393 42.4276088011384
1.62336 647.874861331683 37.7522549704331
1.62603 1148.71451057537 50.2933182272065
1.6287 355.742635895461 28.0013456581229
1.63137 1262.69277628745 52.7796251462819
1.63404 998.781761256973 46.9633500414835
1.63671 796.95362136743 41.9707190448684
1.63938 630.383987443991 37.3455099889058
1.64205 536.37650291767 34.4648511967436
1.64472 424.268793849051 30.6667401308661
1.64739 1094.90969301045 49.2880409944801
1.65006 361.472761724706 28.3331812464323
1.65273 972.887269247219 46.5043696701833
1.6554 769.541977405879 41.3793264370427
1.65807 1024.97394564428 47.7780298256994
1.66074 547.659374895367 34.9406885911374
1.66875 688.888404014578 39.2430359664007
1.67142 544.899444318286 34.9180473341633
1.67409 1931.30941398859 65.7689805986595
1.67676 473.343231276483 32.5751550749183
1.67943 301.711704732518 26.0194145291409
1.68477 445.56540050687 31.6491951896188
1.68744 661.740620886048 38.5880919802797
1.69011 1153.85325145292 50.9784908768853
1.69278 501.537278396216 33.6252393912623
1.69545 442.192345585143 31.587938777661
1.69812 349.763856264788 28.106376259604
1.70079 1225.54994394499 52.627880767466
1.70346 470.917026696008 32.6281442334917
1.70613 582.025578715913 36.2794748511515
1.7088 453.975432454729 32.0461520457082
1.71147 466.856757312106 32.5028372087546
1.71414 156.123090942945 18.7989126899107
1.71681 125.425753894223 16.8524175237448
1.72215 90.9256910422978 14.3532902872336
1.72749 363.858528473454 28.7219330781747
1.73016 35.7792093583156 9.00808207579211
1.73283 129.963451940292 17.1710613482873
1.73817 779.135139025073 42.0563871325201
1.74084 270.395972215298 24.7796497934551
1.74351 401.889023127984 30.2146518470127
1.74618 317.691293776575 26.8680794348083
1.75419 1194.82913314407 52.1308816366639
1.75686 63.4930918531788 12.019177865713
1.75953 597.464637095824 36.875418740921
1.7622 315.773012442181 26.8125225602999
1.76487 535.959240238996 34.9369783596763
1.76754 72.6208417698546 12.8623216646107
1.78089 342.388720717329 27.9508138837516
1.78356 270.65621190311 24.8549485525325
1.78623 181.299602724392 20.3456424671988
1.7889 143.316209857808 18.092131286046
1.79157 372.077255769551 29.1559840768223
1.79691 79.8327441038026 13.5095145724258
1.79958 63.097697338471 12.0113565072991
1.80225 715.711743842047 40.4382186312608
1.80759 1943.61217402732 66.5890270295912
1.81026 168.618721443095 19.6059566022227
1.81293 3673.60092531183 91.4783418723942
1.8156 790.940765067013 42.4308086687502
1.81827 1435.16979343632 57.1344277690798
1.82094 748.544054290671 41.2469376319241
1.82361 353.757037112287 28.3447242617055
1.82628 279.34342366366 25.1782453146099
1.82895 926.994257773679 45.8491380886508
1.83429 603.787376278189 36.9749109083649
1.83696 476.778217032826 32.8442518018072
1.83963 651.551762713117 38.3805820922315
1.8423 283.702875178953 25.3165641143002
1.84497 1005.10009217583 47.6335805890859
1.84764 749.674835719893 41.1226023766757
1.85031 827.021110501166 43.1755470447803
1.85298 653.051572785559 38.3520509339245
1.85565 267.644911162154 24.5431061776156
1.85832 52.3156788824684 10.8467846025035
1.86099 1516.03207566193 58.3679183930825
1.86366 849.544227621356 43.6764978824782
1.86633 2473.94158988036 74.5047921789394
1.869 1104.52406282019 49.7635812796251
1.87167 1615.07731664991 60.1526989950985
1.87434 575.132817192055 35.8820156525183
1.87701 1429.04164349167 56.5391622906841
1.87968 369.10502225153 28.7234067402559
1.88235 976.810715585003 46.7089489938698
1.88769 185.629842189688 20.3463371837042
1.89036 146.580144172342 18.0731330928661
1.89303 753.357888338117 40.9571710348142
1.8957 430.107491947938 30.935067262363
1.89837 970.96040213914 46.4618471156683
1.90104 17.5770430147915 6.24804131132167
1.90371 718.105164641796 39.9055787832527
1.90638 566.610378738734 35.4201135859899
1.90905 256.164986924428 23.7977096425144
1.91172 202.122289531292 21.1227014817563
1.91439 333.467214251573 27.1103732293126
1.91706 263.114954947671 24.0628879435834
1.91973 1635.80150360017 59.9522967446257
1.9224 2129.53320458016 68.3514540530326
1.92507 2736.24541254807 77.4190042753838
1.92774 1067.49145695395 48.3188123899568
1.93041 2372.02182056626 71.9708870985473
1.93308 677.679854350916 38.4390591927758
1.93575 2183.43534927428 68.9434564301362
1.93842 335.618120902361 27.008936347053
1.94643 1638.06178513113 59.529528032783
1.9491 1001.05865193002 46.5004161273619
1.95177 1048.45334342543 47.5511337076534
1.95444 224.03529120208 21.9635859250642
1.95711 959.860005797691 45.4262773867786
1.95978 40.5453682433442 9.32892188983046
1.96245 355.395865802501 27.5977775185269
1.96512 280.404996942299 24.4944305135594
1.96779 508.55598721076 32.9609608208249
1.97313 609.491899125243 36.0267276590846
1.9758 480.880250793136 31.975230260798
1.97847 639.75735358362 36.8516267935859
1.98114 94.5966064129388 14.1592437360976
1.98915 2001.44017739185 64.972567174364
1.99182 313.445138889235 25.6915625589503
1.99449 1342.20380720193 53.1213924189469
1.99716 987.564883968767 45.5295062534779
1.99983 1527.33192256703 56.5752099766223
2.00517 770.102976919806 40.1071341706429
2.00784 438.269825822793 30.2315613430607
2.01051 796.455147919439 40.7204366480638
2.01585 2212.15331414755 67.7519103780282
2.01852 207.867423948745 20.7513972366088
2.02119 2505.31895220304 71.9822196893598
2.02386 382.772005164371 28.1127158552334
2.02653 489.575339806132 31.7673422453826
2.0292 378.963794753038 27.9259378711451
2.03187 2150.67789851444 66.4712399828842
2.03454 623.31733102198 35.7550405919445
2.03721 1462.02026987176 54.7136063929291
2.03988 968.124548579854 44.4856172149154
2.04255 2783.46915068763 75.3671263428787
2.04522 937.71492648675 43.7077344140813
2.04789 686.504616568291 37.3661304002717
2.05056 1069.93525253665 46.6088122806749
2.05323 1449.11882887359 54.1967893124799
2.05857 542.919250719677 33.117065742884
2.06124 428.308120731792 29.3895392929951
2.06391 1075.67281787294 46.5355107509991
2.06658 198.949538309271 19.9960856001813
2.06925 61.2109493673157 11.0819598971996
2.07192 48.2886557389478 9.83450340079875
2.07459 495.606858411449 31.4793497246626
2.07993 1867.56901317155 61.0025439115676
2.0826 530.389759501718 32.4812305020977
2.08527 143.719654411853 16.8934221394968
2.09061 662.845863672532 36.2170575947093
2.09328 53.8249742545742 10.3114915765221
2.09595 503.466062024596 31.5091514013391
2.09862 653.493047204251 35.8668687848395
2.10129 1621.79018883756 56.4635837174829
2.10396 425.340058225008 28.8980767394276
2.10663 320.390345067901 25.0651242778408
2.1093 891.800650849017 41.7919910427757
2.11197 3212.7517462655 79.2732078823555
2.11464 1415.23320874335 52.5811637078112
2.11731 3301.19470684429 80.2564152173427
2.11998 2980.8103659872 76.2147482312171
2.12265 2628.6341939249 71.5260493442431
2.12532 556.659869449589 32.8943335135722
2.12799 166.764084276142 17.9930184676705
2.13066 131.618025776459 15.9748480247653
2.13333 839.196884810348 40.3122389926837
2.136 14.5600856181103 5.30655348779935
2.13867 256.097619185594 22.2412196004948
2.14134 202.122944396767 19.7464274324205
2.14401 1250.56983482663 49.0861814851151
2.14668 890.909077280837 41.4043685158783
2.14935 1132.62208296482 46.6547465107536
2.15202 88.9128127037148 13.0634832534226
2.15469 546.323991061008 32.361235849604
2.15736 205.363713637837 19.8282601231643
2.17605 361.546899339328 26.1911541155161
2.18139 805.561399838572 39.0446144280812
2.18406 69.526716623646 11.4632266889273
2.18673 468.458161794125 29.7361862352989
2.1894 224.982509392367 20.5940953566747
2.19207 735.503443246975 37.2116398258707
2.19474 580.470938996238 33.0365312089056
2.19741 1426.31648740987 51.7522849967806
2.20008 703.098873719982 36.3117174287475
2.20275 420.746952565333 28.0773133322483
2.20542 276.644012745343 22.7572649497765
2.20809 1492.17213137314 52.830302881833
2.21076 223.876796816 20.4546584264466
2.21343 715.638015271776 36.5551257621132
2.2161 49.9184073980386 9.65040797513902
2.21877 1222.985176777 47.7462735531734
2.22144 540.825016828266 31.7373516260411
2.22945 1886.55674744206 59.1992910717609
2.23212 558.13768052391 32.185851958828
2.23479 196.435978234447 19.086111719235
2.24013 1285.71127125246 48.7869196498684
2.2428 377.029329213993 26.4077476154281
2.24547 1124.68336976045 45.5901359722024
2.24814 442.260617304628 28.5763449331948
2.25081 716.590367451321 36.3592285532309
2.25348 391.185796715438 26.8523428743733
2.25615 438.031048543215 28.4023579744354
2.26149 949.441653558681 41.7790158381291
2.26416 744.845450789571 36.9886056906828
2.26683 1268.38561779314 48.2470957802559
2.27217 828.306399501534 38.9548759781312
2.27484 653.990733451069 34.5988978339079
2.27751 1253.00277254781 47.8698940355105
2.28018 575.645175305575 32.4319977655802
2.28285 490.506789286565 29.9246051350378
2.28819 212.975711119403 19.7010672854001
2.29086 96.9907614614582 13.289206451958
2.29353 19.0674161695425 5.88964023529728
2.2962 15.0546183166266 5.23102181122623
2.29887 128.802278938274 15.2940347791169
2.30421 839.608801038704 39.0219354248563
2.30688 1108.95400014644 44.8340877585489
2.30955 626.755468892564 33.6962700242726
2.31489 542.704756347104 31.3383961582985
2.31756 428.633292748792 27.8431841197243
2.32023 2069.209892075 61.158827866509
2.3229 259.886884602599 21.6685538674361
2.32557 1463.85797769512 51.4124167273461
2.32824 393.549439126447 26.6501054164647
2.33091 2553.55507587502 67.866049050528
2.33358 683.42719668814 35.0999651077631
2.33625 2120.34476754347 61.8079494831206
2.33892 1140.72223312197 45.322256059911
2.34159 2403.48707351043 65.7692469347929
2.34426 455.344381686343 28.6188583995083
2.34693 1102.04732070655 44.5105244150231
2.3496 472.774674578375 29.1453919819296
2.35227 746.311202092959 36.6085831925344
2.35494 355.211347449215 25.2491308645003
2.36295 332.197408657243 24.3972552319788
2.36562 95.1559803555062 13.0539127141656
2.36829 565.17684331901 31.8049402935113
2.37096 446.379246219128 28.2575223638792
2.37363 354.413136008886 25.1719348480054
2.3763 279.91693771222 22.3643266763093
2.37897 398.234218367849 26.6679727565098
2.38164 218.987777722303 19.770154555654
2.38431 50.8261774616003 9.52189074577989
2.38698 40.1426723639286 8.45983488385646
2.38965 424.653302361124 27.5077588575615
2.39232 186.384144918731 18.2188760222863
2.39499 145.953611411271 16.1177195686319
2.39766 141.182955688345 15.8477026796329
2.40033 1503.64610441805 51.7043989106505
2.403 206.500024031932 19.1576924277196
2.40567 40.7953414367495 8.51367117131866
2.40834 32.2275796227738 7.56578246703355
2.41101 128.231315297997 15.0891733963646
2.41635 154.552535822463 16.5601089089002
2.41902 122.093646256934 14.7163455792519
2.42169 1104.714261903 44.2595228036226
2.42436 563.396671289817 31.6021887343473
2.42703 754.440579338526 36.563755625035
2.4297 506.20736017303 29.9454425255361
2.43237 1097.73912488676 44.0904250354667
2.43504 152.248126827264 16.4171919232996
2.43771 353.854000460549 25.0243675310808
2.44038 180.459887708559 17.8677361736172
2.44305 716.423151198697 35.5952548591669
2.44839 1118.9006869423 44.4691903194147
2.45907 649.899793322779 33.868710871792
2.46174 94.6599486157861 12.923690340802
2.46441 1086.9869698922 43.7868295482611
2.46975 344.316320056648 24.6357565753084
2.47242 272.002931209033 21.8928217268976
2.47509 1909.54810910369 57.9973399565826
2.47776 354.017256373041 24.9679444427622
2.48043 1888.42560035065 57.6565018623442
2.4831 425.117047901619 27.3514504930545
2.48577 1599.87688967994 53.0514322038654
2.48844 27.5780714073731 6.96407565438593
2.49111 182.775810902864 17.9253883933221
2.49378 127.17850244547 14.9500871436267
2.49645 1234.95970437091 46.5790789215821
2.49912 437.734090334806 27.7266433285755
2.50179 647.634943121986 33.7205016419017
2.50446 323.718971295147 23.8379071312268
2.50713 691.079523897282 34.8259689559475
2.5098 274.20125514523 21.9345664124168
2.51247 2416.56881880968 65.1102028134281
2.51514 1258.70635867597 46.9858186227859
2.51781 2864.82579855475 70.877567680729
2.52048 960.933179291751 41.0451070056524
2.52315 2287.66468409211 63.3236695826734
2.52582 983.049312675585 41.50616664413
2.52849 1716.22149085629 54.8361196537016
2.53116 233.485506245551 20.223907739436
2.53383 610.670106819346 32.7034445544183
2.5365 482.477463900543 29.0658969691829
2.53917 1227.60842058566 46.3585858535085
2.54184 633.505263041865 33.2989386456477
2.54451 978.026295008804 41.3700038537435
2.54718 909.187188534145 39.8833801654834
2.54985 398.718975594977 26.4091094439359
2.55252 218.140518044084 19.5318537700306
2.55519 809.981931045062 37.6329219971434
2.55786 427.002939625399 27.3212571409593
2.56053 576.044912487251 31.7298764595341
2.56587 1023.06921825087 42.2768492834758
2.57121 1230.60033452471 46.3573367866911
2.57388 255.104400854318 21.1044410458909
2.57655 416.982566957162 26.979179286534
2.57922 370.765849582229 25.4375068940634
2.58189 108.963941619432 13.7886253404534
2.58723 436.010108478972 27.5764015462833
2.5899 238.636715576591 20.399184499956
2.59257 371.423630816261 25.4468359314705
2.59524 231.161142958847 20.0729536181388
2.59791 469.923185743766 28.6168701043106
2.60058 371.277403298116 25.4339396872219
2.60325 235.476926965571 20.2537826174026
2.60592 101.812700648726 13.3168198650388
2.60859 406.420637557696 26.6044937728334
2.61126 163.726879383224 16.8847520479421
2.61393 1166.29287783662 45.061544602897
2.6166 361.773802912637 25.0950683204636
2.61927 664.937819230354 34.0194979134899
2.62194 450.847722751609 28.0104363994373
2.62461 1978.992731799 58.6806049386624
2.62728 101.652263117541 13.2983742720188
2.62995 1266.83494350357 46.9426476412076
2.63262 931.190789724099 40.2433784618191
2.63529 1505.4172854676 51.1647757041918
2.63796 927.454749144031 40.1565610766523
2.64063 2635.42617634249 67.6866616988369
2.6433 249.729660110544 20.8343638549066
2.64597 1038.6553661537 42.4862524186726
2.64864 495.653922722672 29.3473889754098
2.65131 2336.49767504142 63.7133396960251
2.65398 1406.59648710844 49.4310632704162
2.65665 2728.90551502185 68.8457169675096
2.65932 639.4318213306 33.3232448937492
2.66199 429.400282632038 27.3054164722285
2.66466 173.328668715766 17.346837794004
2.66733 315.770099597459 23.4119770066461
2.67 249.49750888381 20.8090933703848
2.67267 732.155427855408 35.6442232785412
2.67801 217.489550207715 19.4241317762253
2.68335 491.195445041703 29.1866647716098
2.68602 363.631795284933 25.1105176353532
2.68869 260.566953616775 21.2545463104672
2.69136 205.880145772138 18.8915168961971
2.69403 1434.57293644796 49.8641402575161
2.6967 660.003254180823 33.8195226548618
2.69937 1098.49434725201 43.6275434458561
2.70204 592.828997964577 32.0480641645953
2.70471 1625.3691825954 53.0629354640094
2.70738 307.822475473194 23.091045716602
2.71005 1028.96979141434 42.2155959970892
2.71272 607.855254249076 32.4451564391826
2.72073 1060.72639435166 42.8534683126949
2.7234 335.300949855043 24.0923877748158
2.72607 941.384782176001 40.3667886698497
2.72874 743.847266529584 35.8806795190063
2.73141 90.1085492736172 12.4876273279534
2.73408 106.626477523023 13.5833726873419
2.73675 300.587412708692 22.8054493217587
2.73942 112.090623974099 13.9256678401006
2.74209 1260.45692325482 46.6953398910119
2.74476 760.227265064202 36.2626387572879
2.74743 638.781762570916 33.2385508599055
2.7501 504.741566368979 29.5446265056321
2.75277 197.850866579038 18.4965651468494
2.75544 898.972293088537 39.4251540231593
2.75811 1019.77435393029 41.9885061053577
2.76078 427.447432478818 27.1830303279127
2.76345 1236.99809650052 46.2401420550303
2.76612 363.625160107158 25.0691572867312
2.76879 157.160774082891 16.4802189890689
2.77146 92.0830694065062 12.6141768753932
2.77413 603.523170979474 32.2919386631624
2.7768 344.22615202708 24.3863720491613
2.77947 1629.1888219638 53.0504524929892
2.78214 740.31321230811 35.7593196253191
2.78481 272.508576896723 21.6945026286061
2.78748 250.075903768313 20.7813446180106
2.79015 1540.08399015451 51.5689195756576
2.79282 353.109522134848 24.6915668878508
2.79549 1499.79561278019 50.884800895183
2.79816 365.184202686617 25.1076538911254
2.80083 1360.01104174639 48.4509185175786
2.80617 653.110801169414 33.5729859779128
2.80884 308.788510465132 23.0839417348971
2.81151 325.958335746852 23.716102294213
2.81418 22.0480330104933 6.16779682069557
2.81685 484.699662418414 28.9177404434358
2.81952 382.999952601108 25.7045626282384
2.82219 1044.98688986446 42.4569839786576
2.82486 178.309537678473 17.5373457823834
2.82753 992.041126727332 41.3641661801639
2.8302 184.336700863304 17.8298708506431
2.83287 1134.32968805942 44.2277449590191
2.83554 249.064898245172 20.7235552518593
2.83821 894.280783461658 39.2670072398572
2.84088 252.429436640428 20.8614121430576
2.84355 163.874917889441 16.8078745261456
2.84622 112.909317414282 13.9509664079796
2.84889 520.332503195141 29.9476484705181
2.85156 170.402586430847 17.1373310258802
2.8569 51.1339834289809 9.3869735624004
2.85957 145.431558090657 15.8300742358894
2.86224 114.91708910861 14.0711233921132
2.86491 182.74327794583 17.7435292716265
2.86758 144.400057106464 15.7719656240011
2.87025 850.971718071992 38.2862242445539
2.87292 212.802613404462 19.1450404684382
2.87559 182.586017888513 17.7330893345812
2.88093 314.580028142376 23.2745814390447
2.8836 248.57479211024 20.6884368371662
2.88627 814.588721784556 37.4499428845124
2.88894 438.014783433629 27.4605463813288
2.89161 1437.25991154373 49.7410869325797
2.89428 781.898530442119 36.6864456443046
2.89695 1026.9376960764 42.0421879399314
2.89962 715.862383905691 35.1003039482981
2.90229 957.933909189665 40.6022263837886
2.90496 527.470580446356 30.1277822587032
2.90763 718.619650488317 35.1644277572021
2.9103 328.366667110541 23.7694705760129
2.91297 962.257460357379 40.688491120142
2.91564 529.106342727395 30.1705612819507
2.91831 1211.94947677487 45.6604436667552
2.92098 185.200102237592 17.8486117580054
2.92365 1910.8723021908 57.3304863744816
2.92632 478.910433238865 28.70006652698
2.92899 30.4329879207187 7.23459145146676
2.93166 24.0478797089069 6.43081577448378
2.93433 533.936534412635 30.3011038696368
2.937 814.827693834359 37.4310903971138
2.93967 1265.47742162605 46.645821364995
2.94234 188.023690905335 17.9795072992457
2.94501 1466.37494236013 50.2088147445582
2.94768 595.518705667293 31.9956628032422
2.95035 360.69543968501 24.9000194159257
2.95302 54.5475333272654 9.68284254593036
2.95569 256.961462380278 21.0152838330413
2.95836 148.320445356264 15.9656911085095
2.96103 13.7016018094697 4.8524250066811
2.9637 10.8268848411184 4.31331194303418
2.96637 112.478343671617 13.9020713289374
2.96904 739.300029093473 35.6403010728325
2.97171 1122.92173471135 43.9229692890944
2.97438 425.702358069868 27.043065499917
2.97705 361.300738509085 24.9128412281795
2.97972 155.439246221162 16.3401153836539
2.98239 819.890691061065 37.5265550226441
2.98773 852.641688479727 38.2662480018633
2.9904 239.178358512223 20.2665339131739
2.99307 658.835551185921 33.6351206812812
2.99841 543.259016938062 30.5407587406708
