0.000000000000000000e+00 0.000000000000000000e+00 4.539807692307692433e-01
8.873456790123457338e-02 0.000000000000000000e+00 4.458991428247577327e-01
8.873456790123457338e-02 3.862275744242427145e-02 3.864673621374433710e-01
1.774691358024691468e-01 0.000000000000000000e+00 4.057650606432486873e-01
1.774691358024691468e-01 3.862275744242427145e-02 3.615199472104294598e-01
1.774691358024691468e-01 7.724551488484854289e-02 3.172427365563388335e-01
2.662037037037037202e-01 0.000000000000000000e+00 3.509961191407264258e-01
2.662037037037037202e-01 3.862275744242427145e-02 3.107529204766049657e-01
2.662037037037037202e-01 7.724551488484854289e-02 2.715180688930445840e-01
2.662037037037037202e-01 1.158682723272728143e-01 2.334176295622097663e-01
2.662037037037037202e-01 1.544910297696971968e-01 2.177050790574336925e-01
3.549382716049382935e-01 0.000000000000000000e+00 2.939751469004714957e-01
3.549382716049382935e-01 3.862275744242427145e-02 2.579733385416544955e-01
3.549382716049382935e-01 7.724551488484854289e-02 2.231380452785500235e-01
3.549382716049382935e-01 1.158682723272728143e-01 1.879702892878385989e-01
3.549382716049382935e-01 1.544910297696971968e-01 1.544906352017330065e-01
3.549382716049382935e-01 1.931137872121214683e-01 1.232098104752660100e-01
4.436728395061728669e-01 0.000000000000000000e+00 2.479083136022845468e-01
4.436728395061728669e-01 3.862275744242427145e-02 2.173379528839984587e-01
4.436728395061728669e-01 7.724551488484854289e-02 1.874998121098123693e-01
4.436728395061728669e-01 1.158682723272728143e-01 1.580630740940187351e-01
4.436728395061728669e-01 1.544910297696971968e-01 1.283421407562045369e-01
4.436728395061728669e-01 1.931137872121214683e-01 9.936834995821802741e-02
4.436728395061728669e-01 2.317365446545457397e-01 7.195263865179273022e-02
5.324074074074074403e-01 0.000000000000000000e+00 2.212657427752709183e-01
5.324074074074074403e-01 3.862275744242427145e-02 1.949681488456711798e-01
5.324074074074074403e-01 7.724551488484854289e-02 1.690710139813677571e-01
5.324074074074074403e-01 1.158682723272728143e-01 1.436056045481767240e-01
5.324074074074074403e-01 1.544910297696971968e-01 1.186089582113792062e-01
5.324074074074074403e-01 1.931137872121214683e-01 9.412374631231762434e-02
5.324074074074074403e-01 2.317365446545457397e-01 6.983907019632737412e-02
5.324074074074074403e-01 2.703593020969701222e-01 4.505331030055500369e-02
5.324074074074074403e-01 3.089820595393943936e-01 4.707601336561886840e-02
6.211419753086420137e-01 0.000000000000000000e+00 2.182348692823829761e-01
6.211419753086420137e-01 3.862275744242427145e-02 1.951183945522615426e-01
6.211419753086420137e-01 7.724551488484854289e-02 1.722685853775292597e-01
6.211419753086420137e-01 1.158682723272728143e-01 1.497145149264023645e-01
6.211419753086420137e-01 1.544910297696971968e-01 1.273930886062466794e-01
6.211419753086420137e-01 1.931137872121214683e-01 1.044556150772986969e-01
6.211419753086420137e-01 2.317365446545457397e-01 8.217344469510932947e-02
6.211419753086420137e-01 2.703593020969701222e-01 6.006387942963167803e-02
6.211419753086420137e-01 3.089820595393943936e-01 3.775966983335354160e-02
6.211419753086420137e-01 3.476048169818186651e-01 1.483872203494182238e-02
7.098765432098765871e-01 0.000000000000000000e+00 2.405431360581957723e-01
7.098765432098765871e-01 3.862275744242427145e-02 2.196148397335599134e-01
7.098765432098765871e-01 7.724551488484854289e-02 1.987618640853130170e-01
7.098765432098765871e-01 1.158682723272728143e-01 1.775881334582556648e-01
7.098765432098765871e-01 1.544910297696971968e-01 1.561404471762215529e-01
7.098765432098765871e-01 1.931137872121214683e-01 1.344037319115556905e-01
7.098765432098765871e-01 2.317365446545457397e-01 1.124759427320627392e-01
7.098765432098765871e-01 2.703593020969701222e-01 8.960371810149202199e-02
7.098765432098765871e-01 3.089820595393943936e-01 6.502580018932023476e-02
7.098765432098765871e-01 3.476048169818186651e-01 4.129631143024770079e-02
7.098765432098765871e-01 3.862275744242429365e-01 1.762514680585097054e-02
7.986111111111111605e-01 0.000000000000000000e+00 2.906196382579347981e-01
7.986111111111111605e-01 3.862275744242427145e-02 2.707022582117478704e-01
7.986111111111111605e-01 7.724551488484854289e-02 2.495899276187348304e-01
7.986111111111111605e-01 1.158682723272728143e-01 2.272732026379402359e-01
7.986111111111111605e-01 1.544910297696971968e-01 2.040315462066707719e-01
7.986111111111111605e-01 1.931137872121214683e-01 1.800556423652582561e-01
7.986111111111111605e-01 2.317365446545457397e-01 1.546034069265572464e-01
7.986111111111111605e-01 2.703593020969701222e-01 1.300086138901412613e-01
7.986111111111111605e-01 3.089820595393943936e-01 1.044316789966492076e-01
7.986111111111111605e-01 3.476048169818186651e-01 7.479124484215005086e-02
7.986111111111111605e-01 3.862275744242429365e-01 4.651364571845298390e-02
7.986111111111111605e-01 4.248503318666672079e-01 2.118464755711725253e-02
8.873456790123457338e-01 0.000000000000000000e+00 3.745459540454395553e-01
8.873456790123457338e-01 3.862275744242427145e-02 3.437098516995008568e-01
8.873456790123457338e-01 7.724551488484854289e-02 3.078269529599068632e-01
8.873456790123457338e-01 1.158682723272728143e-01 2.674570758781879554e-01
8.873456790123457338e-01 1.544910297696971968e-01 2.243962240818739851e-01
8.873456790123457338e-01 1.931137872121214683e-01 1.879264573889115608e-01
8.873456790123457338e-01 2.317365446545457397e-01 1.592506169799456639e-01
8.873456790123457338e-01 2.703593020969701222e-01 1.331782129900402623e-01
8.873456790123457338e-01 3.089820595393943936e-01 1.097111016254887217e-01
8.873456790123457338e-01 3.476048169818186651e-01 8.885113909258424147e-02
8.873456790123457338e-01 3.862275744242429365e-01 7.020563205652785577e-02
8.873456790123457338e-01 4.248503318666672079e-01 5.071616685628490412e-02
8.873456790123457338e-01 4.634730893090914794e-01 2.283057412301246758e-02
8.873456790123457338e-01 5.020958467515159729e-01 5.947839344766840848e-03
9.760802469135803072e-01 0.000000000000000000e+00 5.036051921764944650e-01
9.760802469135803072e-01 3.862275744242427145e-02 4.378017258527511779e-01
9.760802469135803072e-01 7.724551488484854289e-02 3.827484753296155340e-01
9.760802469135803072e-01 1.158682723272728143e-01 3.313717458241823288e-01
9.760802469135803072e-01 1.544910297696971968e-01 2.848381654475843350e-01
9.760802469135803072e-01 1.931137872121214683e-01 2.431472727995614147e-01
9.760802469135803072e-01 2.317365446545457397e-01 2.062986064798522090e-01
9.760802469135803072e-01 2.703593020969701222e-01 1.742917050881958585e-01
9.760802469135803072e-01 3.089820595393943936e-01 1.470380134852809217e-01
9.760802469135803072e-01 3.476048169818186651e-01 1.230103089706133523e-01
9.760802469135803072e-01 3.862275744242429365e-01 1.002030336250648440e-01
9.760802469135803072e-01 4.248503318666672079e-01 7.338175219894954582e-02
9.760802469135803072e-01 4.634730893090914794e-01 4.898941455523718458e-02
9.760802469135803072e-01 5.020958467515159729e-01 3.736049337007559673e-02
9.760802469135803072e-01 5.407186041939402443e-01 1.787305093105762827e-02
1.064814814814814881e+00 0.000000000000000000e+00 6.976472780273632601e-01
1.064814814814814881e+00 3.862275744242427145e-02 5.828785816990924573e-01
1.064814814814814881e+00 7.724551488484854289e-02 4.874072215656774509e-01
1.064814814814814881e+00 1.158682723272728143e-01 4.088317918618010749e-01
1.064814814814814881e+00 1.544910297696971968e-01 3.469409029813074197e-01
1.064814814814814881e+00 1.931137872121214683e-01 2.995822613926344968e-01
1.064814814814814881e+00 2.317365446545457397e-01 2.546405220759734300e-01
1.064814814814814881e+00 2.703593020969701222e-01 2.043211742689946264e-01
1.064814814814814881e+00 3.089820595393943936e-01 1.682062738883879083e-01
1.064814814814814881e+00 3.476048169818186651e-01 1.392355178424051765e-01
1.064814814814814881e+00 3.862275744242429365e-01 1.145434693518849467e-01
1.064814814814814881e+00 4.248503318666672079e-01 8.916930452098219273e-02
1.064814814814814881e+00 4.634730893090914794e-01 8.151910864008569957e-02
1.153549382716049454e+00 0.000000000000000000e+00 9.652047050422689622e-01
1.153549382716049454e+00 3.862275744242427145e-02 7.933583033213921221e-01
1.153549382716049454e+00 7.724551488484854289e-02 6.456051408068400610e-01
1.153549382716049454e+00 1.158682723272728143e-01 5.227576725581869477e-01
1.153549382716049454e+00 1.544910297696971968e-01 4.191252157666540690e-01
1.153549382716049454e+00 1.931137872121214683e-01 3.393053650313165304e-01
1.153549382716049454e+00 2.317365446545457397e-01 2.681845371331813555e-01
1.153549382716049454e+00 2.703593020969701222e-01 2.149764460731915794e-01
1.153549382716049454e+00 3.089820595393943936e-01 1.714640240602945953e-01
1.242283950617284027e+00 0.000000000000000000e+00 1.256399151824102889e+00
1.242283950617284027e+00 3.862275744242427145e-02 1.044699329314938918e+00
1.242283950617284027e+00 7.724551488484854289e-02 8.379787386798235316e-01
1.242283950617284027e+00 1.158682723272728143e-01 6.564238934748926058e-01
1.242283950617284027e+00 1.544910297696971968e-01 4.995254602140118405e-01
