0.000000000000000000e+00 0.000000000000000000e+00 1.938096026801549576e-01
8.873456790123457338e-02 0.000000000000000000e+00 1.935435679064002878e-01
8.873456790123457338e-02 3.862275744242427145e-02 1.937540404249846748e-01
1.774691358024691468e-01 0.000000000000000000e+00 1.925205201996820492e-01
1.774691358024691468e-01 3.862275744242427145e-02 1.925461643228627007e-01
1.774691358024691468e-01 7.724551488484854289e-02 1.926868753413181201e-01
2.662037037037037202e-01 0.000000000000000000e+00 1.907583074994149142e-01
2.662037037037037202e-01 3.862275744242427145e-02 1.906982407983073557e-01
2.662037037037037202e-01 7.724551488484854289e-02 1.906226806787383876e-01
2.662037037037037202e-01 1.158682723272728143e-01 1.905781689139322832e-01
2.662037037037037202e-01 1.544910297696971968e-01 1.907635502675486261e-01
3.549382716049382935e-01 0.000000000000000000e+00 1.882255207411048514e-01
3.549382716049382935e-01 3.862275744242427145e-02 1.881386611909654227e-01
3.549382716049382935e-01 7.724551488484854289e-02 1.881618445641769222e-01
3.549382716049382935e-01 1.158682723272728143e-01 1.882890020789948216e-01
3.549382716049382935e-01 1.544910297696971968e-01 1.885081873005147735e-01
3.549382716049382935e-01 1.931137872121214683e-01 1.888098604901278788e-01
4.436728395061728669e-01 0.000000000000000000e+00 1.846752403284782906e-01
4.436728395061728669e-01 3.862275744242427145e-02 1.846251294033223744e-01
4.436728395061728669e-01 7.724551488484854289e-02 1.847653964571286389e-01
4.436728395061728669e-01 1.158682723272728143e-01 1.851209064000587101e-01
4.436728395061728669e-01 1.544910297696971968e-01 1.855969296529024481e-01
4.436728395061728669e-01 1.931137872121214683e-01 1.859674611605850458e-01
4.436728395061728669e-01 2.317365446545457397e-01 1.860827122672434886e-01
5.324074074074074403e-01 0.000000000000000000e+00 1.811987628336756972e-01
5.324074074074074403e-01 3.862275744242427145e-02 1.816289117224486604e-01
5.324074074074074403e-01 7.724551488484854289e-02 1.820292502764442599e-01
5.324074074074074403e-01 1.158682723272728143e-01 1.823081606734085758e-01
5.324074074074074403e-01 1.544910297696971968e-01 1.824523418715554013e-01
5.324074074074074403e-01 1.931137872121214683e-01 1.825389751794353754e-01
5.324074074074074403e-01 2.317365446545457397e-01 1.826953221656125448e-01
5.324074074074074403e-01 2.703593020969701222e-01 1.828264513843539663e-01
5.324074074074074403e-01 3.089820595393943936e-01 1.827172542425193058e-01
6.211419753086420137e-01 0.000000000000000000e+00 1.793493090723018435e-01
6.211419753086420137e-01 3.862275744242427145e-02 1.795008220361591911e-01
6.211419753086420137e-01 7.724551488484854289e-02 1.796317361247284916e-01
6.211419753086420137e-01 1.158682723272728143e-01 1.797389094192548553e-01
6.211419753086420137e-01 1.544910297696971968e-01 1.798287711515746123e-01
6.211419753086420137e-01 1.931137872121214683e-01 1.799079117121906712e-01
6.211419753086420137e-01 2.317365446545457397e-01 1.799829214916060793e-01
6.211419753086420137e-01 2.703593020969701222e-01 1.800603908803234954e-01
6.211419753086420137e-01 3.089820595393943936e-01 1.801469102688456336e-01
6.211419753086420137e-01 3.476048169818186651e-01 1.802493307045994198e-01
7.098765432098765871e-01 0.000000000000000000e+00 1.762333562898830697e-01
7.098765432098765871e-01 3.862275744242427145e-02 1.763270619346101464e-01
7.098765432098765871e-01 7.724551488484854289e-02 1.763994711623662059e-01
7.098765432098765871e-01 1.158682723272728143e-01 1.764619545512821353e-01
7.098765432098765871e-01 1.544910297696971968e-01 1.765481308090257051e-01
7.098765432098765871e-01 1.931137872121214683e-01 1.766775075904823133e-01
7.098765432098765871e-01 2.317365446545457397e-01 1.768737171599641667e-01
7.098765432098765871e-01 2.703593020969701222e-01 1.771346301605270235e-01
7.098765432098765871e-01 3.089820595393943936e-01 1.774093408959516172e-01
7.098765432098765871e-01 3.476048169818186651e-01 1.775956557587090312e-01
7.098765432098765871e-01 3.862275744242429365e-01 1.776693085029799890e-01
7.986111111111111605e-01 0.000000000000000000e+00 1.725714340265103730e-01
7.986111111111111605e-01 3.862275744242427145e-02 1.727653777251605405e-01
7.986111111111111605e-01 7.724551488484854289e-02 1.729862289163651423e-01
7.986111111111111605e-01 1.158682723272728143e-01 1.732318603981962968e-01
7.986111111111111605e-01 1.544910297696971968e-01 1.735037890550855388e-01
7.986111111111111605e-01 1.931137872121214683e-01 1.737999132981195294e-01
7.986111111111111605e-01 2.317365446545457397e-01 1.741178059301321246e-01
7.986111111111111605e-01 2.703593020969701222e-01 1.744550397539572362e-01
7.986111111111111605e-01 3.089820595393943936e-01 1.748060214521412192e-01
7.986111111111111605e-01 3.476048169818186651e-01 1.751197726383367792e-01
7.986111111111111605e-01 3.862275744242429365e-01 1.753979780258730081e-01
7.986111111111111605e-01 4.248503318666672079e-01 1.756808955961308150e-01
8.873456790123457338e-01 0.000000000000000000e+00 1.695944744531239223e-01
8.873456790123457338e-01 3.862275744242427145e-02 1.700568093322900598e-01
8.873456790123457338e-01 7.724551488484854289e-02 1.705282240360275203e-01
8.873456790123457338e-01 1.158682723272728143e-01 1.709965406911006514e-01
8.873456790123457338e-01 1.544910297696971968e-01 1.714175968663890215e-01
8.873456790123457338e-01 1.931137872121214683e-01 1.718068993631090002e-01
8.873456790123457338e-01 2.317365446545457397e-01 1.721794351312749549e-01
8.873456790123457338e-01 2.703593020969701222e-01 1.725349502570347748e-01
8.873456790123457338e-01 3.089820595393943936e-01 1.728731908265367934e-01
8.873456790123457338e-01 3.476048169818186651e-01 1.731998754622124381e-01
8.873456790123457338e-01 3.862275744242429365e-01 1.735349317716499418e-01
8.873456790123457338e-01 4.248503318666672079e-01 1.739354727775685172e-01
8.873456790123457338e-01 4.634730893090914794e-01 1.730968012416282953e-01
8.873456790123457338e-01 5.020958467515159729e-01 1.726680609198594507e-01
9.760802469135803072e-01 0.000000000000000000e+00 1.667907260885611864e-01
9.760802469135803072e-01 3.862275744242427145e-02 1.674442756988892556e-01
9.760802469135803072e-01 7.724551488484854289e-02 1.680360717332189391e-01
9.760802469135803072e-01 1.158682723272728143e-01 1.685962532146977333e-01
9.760802469135803072e-01 1.544910297696971968e-01 1.691251093466338007e-01
9.760802469135803072e-01 1.931137872121214683e-01 1.696223863651472041e-01
9.760802469135803072e-01 2.317365446545457397e-01 1.700878305063582840e-01
9.760802469135803072e-01 2.703593020969701222e-01 1.705212160075258998e-01
9.760802469135803072e-01 3.089820595393943936e-01 1.709298776665058861e-01
9.760802469135803072e-01 3.476048169818186651e-01 1.713298976614975877e-01
9.760802469135803072e-01 3.862275744242429365e-01 1.717510863295703405e-01
9.760802469135803072e-01 4.248503318666672079e-01 1.721501256506695332e-01
9.760802469135803072e-01 4.634730893090914794e-01 1.721197772752336708e-01
9.760802469135803072e-01 5.020958467515159729e-01 1.715225228401273672e-01
9.760802469135803072e-01 5.407186041939402443e-01 1.684385492591417843e-01
1.064814814814814881e+00 0.000000000000000000e+00 1.637532016169941929e-01
1.064814814814814881e+00 3.862275744242427145e-02 1.644197803737838248e-01
1.064814814814814881e+00 7.724551488484854289e-02 1.652174759103330337e-01
1.064814814814814881e+00 1.158682723272728143e-01 1.660340552830449345e-01
1.064814814814814881e+00 1.544910297696971968e-01 1.668003872571956481e-01
1.064814814814814881e+00 1.931137872121214683e-01 1.674624075574887572e-01
1.064814814814814881e+00 2.317365446545457397e-01 1.680413701447274755e-01
1.064814814814814881e+00 2.703593020969701222e-01 1.685741916202049828e-01
1.064814814814814881e+00 3.089820595393943936e-01 1.690601549523974012e-01
1.064814814814814881e+00 3.476048169818186651e-01 1.695247672007545447e-01
1.064814814814814881e+00 3.862275744242429365e-01 1.700508155569006863e-01
1.064814814814814881e+00 4.248503318666672079e-01 1.703253205120858482e-01
1.064814814814814881e+00 4.634730893090914794e-01 1.708656558453627017e-01
1.153549382716049454e+00 0.000000000000000000e+00 1.621670969064811230e-01
1.153549382716049454e+00 3.862275744242427145e-02 1.622900112593696209e-01
1.153549382716049454e+00 7.724551488484854289e-02 1.627011703253971042e-01
1.153549382716049454e+00 1.158682723272728143e-01 1.632472724094328753e-01
1.153549382716049454e+00 1.544910297696971968e-01 1.639303807364603793e-01
1.153549382716049454e+00 1.931137872121214683e-01 1.647210128229343595e-01
1.153549382716049454e+00 2.317365446545457397e-01 1.655588838925963480e-01
1.153549382716049454e+00 2.703593020969701222e-01 1.664440456775061750e-01
1.153549382716049454e+00 3.089820595393943936e-01 1.671487268598810527e-01
1.242283950617284027e+00 0.000000000000000000e+00 1.621717619531466148e-01
1.242283950617284027e+00 3.862275744242427145e-02 1.609001236895508391e-01
1.242283950617284027e+00 7.724551488484854289e-02 1.608284836726094069e-01
1.242283950617284027e+00 1.158682723272728143e-01 1.614173390426587862e-01
1.242283950617284027e+00 1.544910297696971968e-01 1.617868069219119964e-01
